41441
26844
36461
21083
15384
45449
42570
34794
26216
34172
14375
9383
44403
22740
21594
36908
7964
49557
48023
10638
26047
8385
36142
43382
41337
5168
23670
14986
14525
40032
42086
14257
25506
32399
45843
15116
16651
34367
30641
45793
35661
41667
37241
43604
11773
29877
19769
9671
41453
10657
9616
29301
31316
35202
40850
1653
8529
36813
11776
26795
3731
49009
34918
43385
10753
8342
17188
29009
32736
2111
10402
2186
30217
43516
1020
5022
5437
31269
7848
35928
31186
32427
43329
18443
49127
15408
24950
2426
11634
30798
45834
5627
24202
7422
17997
23491
40088
25132
16277
29421
1222
21678
3242
39128
39189
8549
34879
33806
20812
34852
47809
24322
18083
24035
24951
7208
24551
10237
38171
20549
46245
1173
22437
2600
14384
29965
37914
31199
38107
5195
6312
33736
49741
44217
41629
22649
8886
46731
15947
533
4549
10234
4586
30546
32902
5918
29529
36552
15651
42586
33868
28887
46759
49715
18417
35879
29816
35075
17588
28425
19530
28540
11039
4167
14357
47298
23983
6541
29800
25007
25820
16887
40327
28974
46111
30463
3821
5480
28064
47690
33205
40963
41941
38412
48978
45171
43691
9470
30172
27272
24129
4668
481
27014
35560
14396
30065
35541
39415
17005
11937
5596
31866
18129
1674
3365
5379
23411
41710
15182
25194
1239
29890
5790
10862
9774
35902
3570
24328
30216
25962
44574
20318
41685
30074
27716
11707
30280
14185
1354
24567
49818
5700
27530
31153
20652
43517
28134
45130
22764
22747
43010
26557
20055
40243
10472
2230
40113
3646
30733
31769
8262
46051
40476
30770
9412
17969
45636
13083
19019
11140
44359
36465
33496
32413
32471
20760
49389
41996
40558
9080
35810
47834
49632
986
41906
36771
22219
9003
7316
21248
47597
9217
4473
14717
47104
11761
18901
3574
48375
3162
16882
42692
7193
2117
42859
15903
13745
32642
9824
