9470
27272
30172
43691
45171
1979
32714
48715
16637
16352
26042
26604
39278
30631
17727
33950
45682
35849
16353
4142
21752
36562
26006
11507
4767
43210
2537
36693
10958
25342
42441
12946
13528
20402
37402
48921
32233
44180
35665
25902
33563
5077
40475
23856
8065
176
22768
33690
41754
11121
36481
17450
34952
15482
14461
1238
33773
18064
24134
34921
8180
29275
38908
42117
31697
20941
822
45717
28648
8045
15274
7136
34665
48100
18564
36391
28092
11065
48823
31148
31600
25705
46274
23582
33983
33748
41819
16540
35223
5950
23780
40446
38278
21290
19002
37334
6247
43219
6438
21870
11402
34254
7498
46220
459
41242
12208
25768
31492
16356
28722
587
14869
658
45370
42780
37763
30241
22324
20159
42660
5239
14513
36551
41248
25979
6416
40607
39303
41172
48154
24980
31301
6241
31066
48751
45045
44972
44364
19997
20738
5792
8012
3294
48606
353
33145
34041
26325
441
15175
38620
14574
48994
13359
2640
7234
2531
38525
1828
29405
24382
7025
38482
25084
8617
40419
31835
49754
45940
44450
16785
46840
36535
49554
21781
33208
5649
32124
44327
34042
16996
11349
47676
6851
35044
42285
43216
33376
9426
32404
44150
10221
31398
45077
32139
39893
10037
2264
21099
15701
16541
15990
47363
17151
27350
25053
41947
7143
32159
27181
15105
11072
42834
304
40715
2126
15753
26488
28038
3535
12286
26361
11188
40598
32197
18744
26340
12738
17384
41558
13194
27759
11995
36172
42957
30064
14607
20339
35204
19051
13622
30026
26819
40641
39404
35739
25208
14480
3757
46295
16854
3780
4757
10970
9062
6607
21210
28412
23399
7923
3936
31966
3520
36323
39318
43575
23278
3332
40264
38420
16520
42631
35137
14967
22545
11264
35389
35193
35502
23137
38748
20169
23053
21725
25427
27576
7155
3007
23208
24053
14082
11943
17114
41664
39462
4398
29187
35959
8409
32447
32681
1626
30592
40796
49474
24889
16844
8847
49677
46039
11841
15843
16242
2076
34660
11614
35653
15085
25898
27636
41774
32826
49497
40274
26418
38787
2500
33801
31252
28444
24458
41259
317
38163
13531
29895
30442
8106
19265
42077
46358
29211
31139
43179
19218
43994
8512
32128
27572
915
37056
9236
28316
4055
47445
6389
4480
28581
5483
22165
40036
40928
41582
13409
23886
6803
38100
14344
20155
2936
4726
43363
2
21328
36817
42162
11048
35230
32048
48469
18799
36841
27355
10382
45466
10488
43530
17390
7266
32049
5153
34871
37365
21823
29582
24717
15777
15278
34143
19037
35908
14444
45317
49748
27990
33686
21667
8957
13252
47949
42847
45096
44429
38724
9665
8637
28361
13181
35963
31007
6294
33492
27440
37772
43946
4691
11314
38934
45616
28813
43584
4251
38950
5914
41798
43202
13971
30731
3458
19245
36863
16942
16178
26320
21399
3594
3708
13852
19745
45782
44077
30621
41956
40167
44725
15758
30249
45496
18746
11058
34631
44075
42717
34205
21094
26247
45375
12358
40486
28285
7577
34110
3057
17036
34567
47979
18223
48395
4344
20714
32507
39949
9404
45967
7452
9324
31020
26115
29399
22491
789
35971
20889
26702
33632
20673
12775
5129
17882
28125
30798
44037
9164
26959
5986
42038
45973
41001
19987
10300
5135
1652
2998
31103
43016
2787
12796
17336
30118
11051
3553
22205
8192
39694
42934
48536
34606
20972
29411
30783
48456
26086
17350
9884
49971
14050
38154
2664
29513
31999
29178
47008
5356
10637
25691
33071
23036
28112
46345
11622
21298
37390
13631
25974
42897
29098
22616
14656
38283
42278
48486
5850
13964
38247
41352
13644
37025
13934
34678
34331
41032
44775
44857
6504
16469
40410
41828
14341
6767
27280
27365
1808
23518
24306
36320
28068
27954
12778
36969
27485
4969
6316
9004
33461
38182
24948
46226
18149
24858
32666
46455
24191
36894
41762
3275
22859
19164
7367
31328
31617
1017
10806
2124
10151
19678
5775
28293
37742
27227
44352
25367
14606
38180
38181
5811
4162
43882
3441
44693
1351
26099
20090
15940
9908
44776
960
31084
9388
2591
39673
29928
48075
46097
21155
12413
14834
19114
30161
5892
20635
29322
41114
14750
7058
44443
30664
31716
26254
45643
8599
32176
32884
16752
18862
26124
643
31952
8772
4171
47764
25949
15466
37564
21168
30953
41889
28603
39455
20298
48998
49624
9790
12095
6206
4232
14692
27936
15859
15635
4348
30195
49209
45440
44148
39375
1565
49820
1993
40921
15416
20127
45245
21271
6483
8431
4995
19260
18050
36282
23285
19879
31513
1129
39423
44434
282
44625
41939
27655
13221
8967
41860
7974
46920
25218
37923
34919
43886
28126
271
49877
36266
40372
15517
4109
43724
43522
14531
28069
47058
28189
30194
22657
44386
31773
40071
29302
29089
39770
5537
16398
15180
39167
46851
27983
42419
27152
35710
4
39988
17084
19325
30928
44798
49682
23459
4309
36399
15723
22143
20781
21467
10010
16665
22428
48041
40836
1345
10550
7135
44654
38359
41577
26214
27254
39291
18023
3168
4987
44461
2217
8835
36781
42948
28905
7480
5513
49919
46434
30523
12238
29363
7997
5479
42750
27208
26334
14931
45118
6648
11213
5690
41909
12974
9057
39424
40532
29154
44611
12461
1396
15778
13389
5365
23514
13954
24410
41842
34043
17742
6088
46390
32065
13779
15553
49445
1843
18592
38998
34379
49050
41308
48450
24512
47716
17009
18824
5366
13878
30214
19776
7552
31695
8353
49765
35826
19761
40152
12545
15597
42672
2250
28301
26030
25375
24575
23552
4165
8713
15923
33601
18126
43670
32752
11098
45011
36953
10293
9391
42863
48946
28686
15334
7383
40670
20947
17015
16588
23984
18827
502
29218
35555
19721
42932
12609
18248
15713
48888
11876
14150
13073
6893
34115
48093
22368
27480
16282
42835
47926
17321
48413
22043
10138
24922
21755
22775
33655
36171
12179
31826
43477
31799
21848
40442
8752
43213
30931
16629
16966
1712
46024
24916
48200
732
9498
32317
40959
40729
13424
10444
30434
6395
20566
30433
5590
9352
36666
20544
2368
38686
2908
44355
21619
7685
47481
49726
49675
37877
42145
20479
543
19089
37322
16504
38904
46328
18355
43448
41356
19322
42767
41141
36168
9418
44406
5480
3821
35326
49117
20511
24648
48579
25853
45543
21014
41473
33625
6817
33811
3112
6878
26125
10227
35048
30919
16187
44740
45815
38575
37287
20274
47521
13113
49707
30200
18548
41385
31383
33042
795
27432
15946
26718
36747
562
11684
14256
25061
5661
37960
28816
28575
2051
37015
40511
1837
24679
22705
42080
9773
7877
35509
39783
21174
46991
14975
18198
13008
14642
30093
29307
39297
27959
32137
44070
47847
30140
10701
15987
27627
20709
14087
35921
16717
39825
18227
28950
37214
12037
26960
21056
46971
4750
22125
43744
21817
2668
48224
48670
44051
37080
27042
7440
9580
47437
17456
22800
7614
9192
32270
43644
19074
22754
10858
27394
580
38011
33304
5229
14263
39801
36345
24014
12617
5019
38198
10878
5802
29798
47959
41550
18527
17767
9095
32688
5164
31575
13980
15670
13017
11384
12363
35590
11833
47741
23209
42024
21199
41746
30942
46974
30812
24578
22572
41266
2858
28642
27810
19186
3998
18277
4020
18763
49608
43473
27661
47621
20058
2192
37163
1895
12616
23970
30511
22388
13524
4747
41391
1879
42518
14001
5487
28769
32906
5180
42852
6923
35801
33251
40200
45363
42808
39974
14116
12324
2729
18739
36249
4031
46707
24149
6975
308
260
1705
37431
30122
20415
41119
24511
2352
6223
20257
16587
22984
48437
18033
31106
5853
22897
12503
23451
41030
30376
16332
25207
7066
29938
44346
31505
2925
1778
25947
40800
33361
14946
12114
3072
26987
31691
33073
17910
12956
20891
1696
28398
23678
5390
1198
48779
46441
13261
18725
3878
25014
46874
38437
27478
35886
8636
3891
38781
30134
48645
7258
44102
6707
45372
40338
10134
11884
44607
202
4382
23021
7854
36858
22662
1106
25861
6313
47462
11911
19819
16339
1195
36119
9242
41812
49976
42839
29905
36830
12605
8681
3613
47251
11054
37934
23774
41335
31842
31300
49211
14499
27687
33977
34814
14366
31873
38518
25222
41725
43072
25402
47725
13978
21617
16627
44202
46050
45205
10320
11139
49601
34272
14048
30983
26310
47559
30359
11042
37926
16964
30024
15134
33986
18124
17606
7802
39700
39828
45522
13969
38155
18029
1899
28392
20468
25129
4621
22171
5921
34551
5335
20458
37758
13714
22417
11903
10367
7891
9243
37788
4861
9964
25496
24733
30742
47443
7474
28641
41867
27863
37530
42059
31638
43228
29625
33194
2902
39442
46672
33952
36874
35883
31151
43993
32496
38684
20509
23185
2009
7465
33878
11654
1511
18300
31268
48538
40101
8335
29817
24074
6901
15620
46946
25220
8955
42302
47261
33218
30289
18297
41095
3725
49862
27156
14428
38345
24918
49547
41669
47937
29239
44899
33503
32596
37187
47390
42084
31647
43505
22665
11679
13634
1784
33889
37557
45968
39118
7733
22766
34266
29629
19072
40001
13469
19852
20389
11364
12852
6471
28215
1664
27771
8100
29693
38793
18026
1653
17196
20741
19635
40850
49091
8594
2241
37965
47454
47409
19779
49997
29583
7090
31198
32967
25179
27605
34113
1961
11447
46584
14443
1650
30893
26818
21791
26588
15002
44846
16773
20266
36556
32619
37028
26014
47394
31400
39517
33022
30461
17001
23952
27337
28954
35335
939
8152
40983
15558
42954
36102
6896
9526
3661
36618
2898
28220
25224
2421
13579
22606
12517
16836
12097
47588
35835
26142
23178
27354
27542
5173
48586
9214
22702
24428
27383
45475
3145
30690
19433
48804
22147
28899
10812
26930
28248
14199
36463
38292
8278
2459
943
45515
679
7183
27281
3835
26005
24656
6281
13193
16147
10513
31660
43125
34136
4049
15937
22079
19050
22521
35799
23796
342
49969
22038
11510
11506
45051
9434
20048
7088
28639
9731
48182
12237
21904
36589
48422
30441
17628
2698
46392
25763
36936
5964
16734
42924
34525
21358
5646
45025
44867
2227
23083
42451
33800
26708
13302
17288
39102
18006
15949
48268
41841
48363
22502
43990
14550
43701
5973
35854
23421
33035
38683
24207
45603
8596
48459
386
28473
34749
1338
33715
26033
1637
29907
29341
29832
43319
35382
26531
32158
46881
47625
11794
28034
20834
46351
37641
8019
37825
44397
31416
17431
11416
15107
48520
25385
3074
31240
27270
37718
37887
11138
40314
49954
33347
47446
25259
47395
45270
24264
46958
42578
37660
18216
23842
18092
24414
19323
24976
48132
33403
21541
3083
48266
37171
20805
1350
29509
28410
45970
40302
46551
15902
26526
1324
4410
30279
41126
2380
3124
41905
12156
44785
34671
48036
15293
20023
24856
5360
1283
27705
22646
17795
40237
6415
42975
1995
16061
8020
43162
11355
3678
28981
5321
15292
3729
21045
1174
41128
40840
12034
13706
27442
48730
46110
37474
45058
10782
47026
22088
46182
3585
26514
6868
19215
40228
1421
21334
22961
23619
36930
48665
612
5687
7404
9826
47301
10100
9843
33092
30884
13911
27363
44716
14054
19566
15394
41989
17820
20572
37532
37956
46319
20654
1925
13486
44319
5292
19869
31526
25000
6644
12076
26602
360
16490
11979
8365
24273
35919
36403
8945
34483
16011
11252
32242
2773
31510
46518
31431
42608
39033
45601
13146
3887
40211
4353
20189
3193
17687
41470
46726
21860
15012
29114
4585
27787
27931
37007
35822
28978
33699
31107
16881
28743
31304
15203
43339
45220
25253
3966
25552
19936
9459
20655
38723
19480
34638
13581
46189
13331
39347
13735
25328
19469
29323
11771
2085
41446
21086
16113
17862
2549
26990
21908
41083
39650
44290
33038
39200
48849
40064
3643
18156
395
21176
41049
17546
22283
43748
42005
27153
9563
6709
21505
29385
9937
32428
35315
23456
44961
26885
43587
2710
4364
4456
21232
44826
38233
40736
43660
43232
40558
12078
1205
18460
27019
21109
5880
23853
45292
951
20735
46523
29663
8040
9579
41481
40230
5481
7083
14691
3951
2429
3213
45436
25090
31311
27514
48926
7290
41403
19118
30185
21579
5677
21967
24046
4846
33689
29840
15073
33850
35868
42937
36715
14436
42467
26714
43943
44413
39258
24923
13253
46992
5493
40758
13029
22660
37030
40917
40204
27560
41304
7270
36124
6854
42042
48971
28527
44629
37227
26476
8462
1180
15585
40806
4449
3865
27761
25399
1729
33634
10061
12802
43897
488
15442
22002
32837
29225
20970
24635
7524
48414
5841
3107
11985
43420
2139
13503
1929
4474
33329
42844
33793
22736
41904
9380
40588
8292
12963
17509
37055
44872
3779
45625
14996
30683
15120
25413
28584
47109
45268
30665
20446
46743
10104
10417
35775
36429
42222
40048
26809
11257
17147
27902
954
20332
11950
995
24619
38204
13442
32117
15703
7936
40386
916
38565
35445
43247
7015
47757
4588
42509
9218
41995
41796
36472
11687
44568
20804
34630
17197
6565
3470
24154
42869
14865
16148
22782
7595
2949
4865
34784
33312
19554
47355
28529
4304
13454
8946
43260
12645
17802
13836
17693
27884
17704
26299
47681
31043
7932
45664
28953
36232
42842
17304
42050
44104
2711
24809
33996
7841
34109
46138
3822
19597
43786
34974
12526
37609
8008
46310
37645
47125
35576
16210
44176
23361
15681
44258
37238
35361
28628
43974
9487
29036
1148
41557
43098
9833
36030
30335
20583
21103
113
40659
36753
6834
34743
25099
36710
27921
15117
12928
3230
18400
32771
32331
26319
44200
31822
5490
28205
36241
45780
42349
24358
37547
30853
4472
10983
36395
1767
33003
37381
18449
1302
47622
19181
11074
27551
4125
33004
4704
33177
41747
29496
32066
48172
10518
4051
22138
44237
19967
41542
22647
6514
2601
35028
21069
10074
39748
19094
35649
16923
37075
38786
30288
34481
11182
13695
29495
19801
3654
16974
34433
25134
43969
38272
20620
8179
6591
6051
11665
47596
42727
23505
40753
49257
43286
3875
33272
11359
15766
42333
3067
33267
49929
17903
12122
35882
49483
45934
7682
49720
6993
20413
4813
5519
36371
46155
38059
33174
993
10099
389
35690
45465
32185
41626
14549
14727
8616
36801
22274
19620
145
1636
23270
20039
34426
12233
40069
27242
4021
30771
27678
19191
16201
10243
40296
1308
24293
21342
13211
20699
3423
13422
8848
22450
5273
1892
49000
22843
7819
41705
102
26580
10416
38612
24228
15812
31321
36063
11798
27056
45151
2943
10058
10066
23909
7017
34888
40009
6925
38364
48043
49186
638
46937
39400
36465
41270
33496
6371
44359
45089
5302
37480
40280
48906
8634
15970
42566
31839
23837
42306
19670
27089
1213
4662
31669
49168
706
710
36524
17187
18411
24432
10191
34788
49711
28491
14917
409
14788
25020
48701
44065
15354
47505
25614
27807
14028
1974
766
13200
7054
9690
9597
12719
4402
39573
22904
41793
39125
31369
21264
46219
17924
48292
24146
41427
25055
3263
1479
25783
33951
19741
13199
36604
44185
25488
9366
19473
15348
2345
40774
18575
7667
30609
38989
21789
31887
9719
22473
37170
620
2375
38136
46839
10692
21564
32314
47657
35087
49591
42284
3805
29726
22119
32332
6756
35220
41615
10084
2418
30734
23743
39008
43619
29889
22626
38847
11181
29676
1441
8968
22430
36883
28448
3160
26207
5215
32538
9471
48967
8833
28867
33045
2783
21883
18754
14555
6583
40058
19575
29446
1411
4124
7203
25752
40683
1755
22559
19355
49955
31744
22563
43628
1386
23252
15295
5716
32903
45964
41562
44501
40024
19640
13463
24895
39663
44844
5187
13519
32879
1735
36166
19317
39023
10145
16103
49903
49139
18844
37310
15053
5575
25180
29576
11852
39051
45672
39865
16768
46344
36155
13254
12814
47590
2517
35363
44548
35520
47569
8724
5960
9413
49441
24911
49584
20621
4039
28594
20469
36044
16480
16730
21922
22440
31627
47920
44098
3755
46892
46047
25066
12187
19922
41077
33815
10319
17759
29948
39870
19751
30100
26187
16950
39122
42360
6785
542
19520
2856
4313
39687
18916
37392
11119
42520
29778
14402
40900
721
16721
8618
42874
8978
7201
6422
4594
1233
44381
43684
1352
16307
1858
34382
39328
21530
38568
8785
28729
9755
9180
45480
19991
8273
13317
7798
33624
34542
44966
4247
35545
36919
32588
40933
38764
4151
30682
10220
35306
6641
38986
30698
33549
8661
48230
44905
30075
285
1092
47131
33213
16919
9571
33701
26362
47756
23315
33561
48545
15035
38460
28557
17750
44600
7349
43030
7887
46088
23773
30534
34480
47230
34508
30595
319
46787
36822
12377
46120
47123
17205
17589
11902
26062
6563
43097
17824
5188
4340
20808
46694
20589
22883
31208
16967
42562
40135
23307
27628
19347
32636
34312
34710
13466
45630
6462
34557
47511
31979
24786
24392
44662
43966
43595
49125
37325
38406
35597
25042
15124
49813
29133
28377
804
10257
9849
38419
20966
25250
16256
14617
32707
38401
46117
9984
39796
23087
7389
44736
13841
7481
37264
45727
16020
920
23814
20307
46239
11428
20083
42489
13166
49592
24551
10237
30610
15269
23893
13721
37309
38304
12316
30419
43921
1320
31893
48981
29403
49856
4952
39806
26268
46065
31937
21456
2620
32409
2121
11434
25174
36968
12234
37269
12432
16601
17784
37346
39685
28779
33111
33497
27907
12885
43734
33259
23657
35141
5852
29387
21415
30180
20370
30651
18597
27003
35216
12174
20916
31584
7487
33819
35784
12257
13680
43188
26366
6404
48919
40425
30155
36992
44888
42735
28399
44421
1415
33244
28016
29436
35544
22066
46904
31914
2649
48560
38111
49329
16460
43822
34992
34061
17809
15472
4853
32006
16456
33077
1762
41886
40842
4826
45507
42605
27434
33034
47600
18508
34323
18269
5219
46365
25338
36474
3223
11745
44592
36596
9079
8077
17637
2017
38845
4286
25088
40819
9493
38409
39901
28857
31182
6262
9879
22809
23794
45669
12070
42748
1699
22724
31837
42831
43299
32578
49143
36254
24106
7154
12164
31978
1666
8221
46057
49107
19068
43783
43666
40401
11398
22055
30670
43139
24620
1009
33505
22035
33064
28407
6226
14252
25027
3919
25543
17914
26420
44035
46913
34509
36354
44426
33109
4739
25473
16981
20133
48404
16492
16771
18979
24245
39512
18585
14104
38340
17836
7633
48537
22537
7311
23470
45078
20672
28507
43542
37679
46636
36267
27791
28482
4459
43568
34169
14926
34629
29085
5832
31356
12770
31111
31257
39127
14326
3551
48447
31351
40740
34768
48240
48589
46016
17457
33822
13994
1474
30004
13220
41136
37295
45296
14721
46706
48405
31156
48305
38990
18887
5877
21946
37842
30886
42632
34950
38001
25246
38888
20878
8133
19313
17177
26180
14161
14216
37106
17458
28017
12330
19264
22772
29795
16585
37670
763
45387
30566
32545
15546
22511
14099
38848
25257
32546
11088
19560
41015
32148
38670
10250
42684
23480
30811
7467
19195
42919
18262
6439
40780
618
29193
27766
30577
20433
36545
1159
42130
10398
22877
34796
22539
5838
13752
7856
8561
25995
47426
19935
26872
24544
41245
21716
24457
5604
32248
31184
17301
24521
24253
32887
21508
1600
16428
34185
288
37838
48945
32566
28104
8370
48351
24102
46819
42055
6917
31877
44477
31546
44994
46823
41647
46471
46485
16737
39698
36737
38520
13790
41569
1201
37581
5410
30398
5535
35800
27682
44824
33278
31817
48913
2006
11211
25499
21428
15088
39418
6910
14747
23254
1599
11410
32813
22246
46051
10271
40476
8262
31769
46353
39250
41650
34181
2356
40099
3285
26064
27712
9816
44856
3224
18513
8716
47101
1219
33222
38254
1015
22784
24755
1054
33269
18920
43273
15764
47954
37815
47049
22759
40778
13436
23862
33204
35626
36934
47136
1981
28106
13286
40040
7002
25989
26593
1592
17607
20361
4823
19272
40357
17832
23354
3239
36995
2443
30061
39832
41605
40343
18589
45221
18896
40129
9862
22487
35290
18009
18111
27251
5212
7173
31534
33239
18989
44890
34209
49627
24869
3087
19549
31101
21886
606
45508
8238
9625
41017
29449
45770
3963
6367
28351
36382
20355
21476
22006
30121
34078
36966
46653
31829
30784
7237
28363
48272
43201
4235
10929
290
39818
3846
13097
4000
20722
38804
9501
27563
13986
11767
33714
37565
15591
15991
4275
37477
45430
39366
20596
41588
15852
32909
36663
27874
26394
27113
27778
22078
5440
38876
38531
42461
22475
40919
3810
25785
3375
15099
2497
19960
5718
13476
31658
45825
420
15699
26443
10407
48696
44823
34244
26573
46073
15631
7978
45434
35781
1134
38408
8444
11548
41370
44032
34406
39511
17356
9779
14903
11540
19419
37445
42116
29867
25968
17493
36892
16968
22332
31359
16558
15137
49282
26563
16951
19233
3857
30165
35079
23066
30443
36978
46202
47914
7938
25539
42099
48861
41213
40967
35399
30796
23198
3618
35841
49896
37623
12780
15097
2386
7110
36487
22446
38438
4572
9226
6399
34137
28778
28111
42669
41285
6561
805
17571
3152
8306
48297
46095
12202
20475
49567
41071
18207
29222
26002
45534
20181
39756
25813
16378
49119
1321
44080
37389
16029
21212
49317
10755
6792
2204
38690
28243
19407
18441
6138
8110
49164
14762
31549
47102
29382
25231
3257
39476
14701
38132
49996
45003
10590
44210
10729
43668
29590
961
27940
6616
15238
21893
7420
9118
44801
35498
49939
27520
26640
309
11628
2164
40820
40504
48190
39555
4966
34424
27051
13985
40128
24631
30554
15243
42870
12448
30772
35960
19348
3723
12134
42560
18599
36420
29732
34285
29293
21660
35135
30171
42898
41100
13162
32730
45809
20284
15382
14352
20569
178
393
49998
31684
27018
5279
45889
482
7686
9229
12773
21694
14553
40734
1409
44096
29018
26967
13962
38429
377
9765
45449
34172
42570
26216
34794
1555
10468
6330
42107
13692
964
4367
39276
1564
6519
17730
3597
32023
43422
29430
17971
29351
43573
22967
23351
4207
42856
7699
5386
8355
2852
19933
5757
27375
4690
6386
9972
9572
14551
22403
44666
18951
11451
47510
11789
45676
34945
48198
32849
15361
1818
33858
7229
23715
11617
28014
6540
32143
8222
2838
14786
31882
18671
663
47175
39632
23616
35211
32551
12964
27326
25640
33609
31230
18796
4437
9615
5213
9534
9094
1290
32573
20733
46922
42613
40189
16
27425
35238
10504
16839
11717
1255
41343
10951
15267
23986
16416
34354
33385
33388
49172
19941
45489
6293
31476
27691
13298
44423
24655
9006
40561
4291
10098
9317
4900
43052
39117
11751
31381
11229
37560
8744
16800
43412
37918
37733
11819
39380
19021
7119
22237
17125
16285
13879
31181
45673
27301
7286
17049
1362
130
20580
47792
15108
46106
11388
22748
3616
18794
16606
47519
34882
13809
11381
17517
19675
13089
26228
26185
11653
16271
9132
11955
22793
23335
26529
46157
10794
21945
20548
996
19518
26635
42154
29185
35552
19958
2973
15444
48553
45233
27274
16568
34346
13482
26114
5375
44709
5352
5866
20982
37081
7517
28067
14254
36512
26648
18322
42768
43434
32713
15641
47469
1747
4838
15867
5152
9827
43464
19152
5033
984
5886
25509
35368
24411
7101
47567
30584
34719
33548
12296
17310
22862
37517
40041
16185
39157
7161
26468
45692
37469
43343
5588
6701
7137
29923
2010
37958
16402
41735
6070
38391
15756
25326
5566
14027
33948
298
39967
4600
9101
31779
10523
16565
31528
29550
42056
37024
12188
38915
32321
14783
9066
5830
9518
31654
37539
9230
2599
27808
8408
35817
8933
46899
37912
22948
33075
37814
33544
49151
43468
34644
18664
17379
42539
46186
3053
22516
19511
33226
9356
3653
37439
21959
29044
27526
20397
34563
24501
13295
17250
9439
34413
49192
8509
26173
30971
5640
29988
31026
10762
3566
3286
46570
22304
47344
31209
37594
17373
46161
8545
46389
28500
19628
28530
39754
43550
8674
219
11383
27306
7255
28559
13716
9657
8191
34500
18556
13684
13327
35813
26971
12680
37766
25471
11776
33966
48640
25192
45193
26881
49020
9667
36495
12993
41539
15985
3194
45314
8374
32024
30718
18968
22911
31349
37518
11274
37865
48168
19804
20643
24989
27909
1165
20347
40821
9531
30542
16369
13668
35465
8898
49413
12274
10226
48256
8542
7868
31085
31302
30369
32882
35083
27495
19600
21977
5209
4231
18571
18465
28826
14612
220
29601
15993
9016
42510
36258
38353
34658
36101
19538
7555
32460
21325
35743
41059
37607
12356
4327
45150
9097
47368
14521
14442
45378
2172
12222
18184
39391
12849
48666
32659
39556
20702
37666
47294
26747
33547
6691
3752
48961
13275
40610
15244
40703
14188
12691
29557
41026
8313
26617
37931
19031
37449
32516
35672
41724
12878
37515
47174
39616
4404
46716
41610
49780
31703
31191
35604
45087
9131
39336
26685
9993
18139
19856
21051
37927
34904
28874
8925
8590
31777
41509
4477
33311
31565
5259
45332
26302
5614
36120
6872
9933
4425
41168
36756
40938
5047
6602
17168
43180
3132
34059
24119
33884
21323
8042
9805
42211
47217
26186
7246
28547
30224
42447
25420
660
47128
5883
8576
13145
17153
31079
2964
35043
44906
34149
49925
41232
34491
9547
29221
11686
39917
1551
7100
36594
5140
16249
12031
1752
13698
24419
43924
53
19838
28522
31981
2921
9125
29344
38621
398
44810
24504
46402
21840
48470
40119
9397
32310
5683
21936
47223
8111
36408
23357
36431
24464
17867
15112
36658
26678
35354
4795
4907
42318
35684
25340
4355
25725
20680
1812
20582
23279
35410
32292
36951
10119
6613
34890
24185
11269
35537
15786
47828
9178
47579
8204
27333
40902
1876
27230
34712
14040
15755
40717
44039
10846
34038
45242
18408
43980
9920
32581
46742
43760
43582
4045
41948
5671
30367
33469
46945
39011
18733
45128
42967
13385
1039
14790
30001
24290
7998
31531
49910
39925
40030
28137
30833
13400
27765
16533
31573
39240
19055
9575
39886
47382
48878
40731
28501
47729
21560
34179
44690
26554
22930
48338
45790
36678
41478
12693
47551
19328
41271
25404
16470
48599
2600
22437
46245
14384
1173
17711
31504
40883
49280
46201
40624
11496
26231
307
46802
40354
18247
5947
1897
24282
5745
244
48258
41451
7299
4642
26252
39086
46313
20186
7596
22400
43340
37551
46846
8048
33723
39016
7941
24302
40788
18347
48795
13766
27275
43321
48922
36971
46140
47341
41461
49428
34374
4818
35241
43589
41318
32932
47995
28187
20280
40585
26651
40651
12472
41325
41600
22136
33628
24639
7006
19503
44875
42371
49857
43248
36051
10955
15122
32763
34792
16321
14237
43754
26298
24614
44711
9209
40123
47240
12442
37078
30717
19940
3468
12402
4797
12759
46530
15222
40662
15854
32162
17875
1989
12347
966
18361
19153
41067
30042
49753
33663
6240
17829
43313
36677
28225
24920
33749
24563
28084
30637
23498
12816
11858
29141
40830
7476
10322
23317
43599
46526
6372
24296
23112
30969
29045
14149
15759
26106
33315
43256
17344
21167
5193
31460
25845
7878
16781
18605
15286
7429
4908
32907
43295
33623
44171
19470
23675
7142
46808
6642
21720
42493
10822
20233
30083
17835
12266
39239
16740
41430
34081
29107
40975
38253
47655
33383
24530
27969
37486
12959
49394
39752
328
1587
45942
14588
40706
36019
45992
34524
39975
2559
28091
33805
45526
6844
14072
532
47712
14179
9931
23324
29954
17323
28166
22387
1489
19864
8011
7302
19477
39793
27578
22697
46809
46800
47065
37077
2078
40448
5696
12093
19042
4850
39914
47288
4026
3379
14830
17980
2387
889
11218
28944
40203
24793
48762
41543
13554
44734
23922
22325
35677
41961
3198
20708
9044
36896
39040
25501
10062
45122
36313
42675
22586
24971
4064
47293
34308
20793
44873
20421
43377
48000
10742
9386
37726
21556
20052
47147
22370
10280
7443
26742
25639
16433
28393
14253
3655
385
19446
41596
14035
10788
22765
17652
7335
11586
1355
6042
39434
29099
26424
46869
26126
30498
42380
4673
22107
4405
48339
14719
18948
45053
37277
35081
6569
45216
44056
49516
36784
22764
6949
37878
19396
46703
23592
49221
33546
35873
39916
40533
14314
15539
23010
181
42478
34359
722
37058
17744
5619
13773
12916
29279
39484
43971
24840
44178
20960
44430
25673
7310
13999
18035
10855
13550
46438
3695
33844
599
32911
39381
28452
6740
13383
10712
1605
41137
39025
9600
38713
49480
5117
31998
9838
39791
44746
17346
3383
4637
47431
12152
24883
42793
940
15806
9649
34900
16042
9139
16350
7112
672
39077
39845
17722
30355
23292
3227
26917
19768
46123
19281
15227
30508
26381
24208
48759
30745
14397
1986
33115
26122
5078
4011
2011
46269
25567
22898
36056
30516
49539
5435
42551
29728
29646
25830
26414
48393
36767
27079
29573
1368
20895
46491
22841
49494
242
33575
3433
24702
43198
41653
30744
40147
44933
40051
41156
8995
4415
23452
4740
4558
28606
39213
35130
44726
5154
5246
44735
2588
49930
45297
10207
44073
44945
33257
33220
39856
21486
13202
2270
41194
38024
25217
30176
5631
14224
40362
29263
24361
15133
33743
46
42755
48152
18829
559
254
11325
49514
8593
21862
48342
36488
1249
14632
17889
47759
15981
11040
35117
26993
39545
28789
43085
33440
27364
18860
49465
48642
44245
44218
24807
45300
9903
32087
5109
24815
25957
21272
17242
5660
21407
16452
48212
21104
46122
4276
36649
4040
9505
11909
30009
2423
7331
36031
39259
21137
48891
20769
25373
16447
35464
23647
8245
37
33486
36058
45026
9689
43831
1518
21133
7265
387
18011
3999
31073
47836
38925
6988
8690
4135
22969
7458
40608
26093
20008
17426
21793
22062
18236
11432
31024
29976
40730
5823
28632
24805
47201
48142
39441
29771
35050
14242
34494
44667
10278
43515
20273
14955
44492
17876
30347
12642
14349
25486
44239
32003
49520
15769
25702
18714
30878
43637
24613
13259
24853
36685
36089
28281
5602
26940
2717
1520
23415
6913
20085
28134
43517
39518
26578
12333
38221
38207
5367
6189
12676
4133
49044
18434
10998
28676
5562
11783
43424
29310
33652
40165
15144
6003
35420
20567
35827
13818
9203
27781
28395
7325
47025
43070
38635
22029
11012
23920
29854
8425
3605
32132
22658
20192
8749
40992
28961
1162
18980
2483
8682
36264
47605
26922
22553
6918
1275
27029
23322
18082
31193
21580
3689
29123
18549
48529
41125
15685
25743
7992
33524
14684
37103
43787
33947
29982
18814
36469
18568
42089
49556
22943
46940
10907
1728
13408
8325
7825
37291
17752
811
29820
38424
26192
17334
32060
43739
8889
36285
36386
42797
13285
11612
45655
11378
4187
49696
48056
696
753
34370
48415
40877
13517
33452
17074
26138
34040
14538
7350
16869
18010
27145
19663
48914
2509
345
1805
37292
48710
24447
18965
7988
23297
5796
43279
47691
32598
46529
27430
6217
44602
32556
12551
20119
17176
11860
41980
27596
46205
11573
41138
19108
38087
32406
8839
35089
7601
6076
47402
30070
25498
15934
28276
18956
38916
25921
16677
8816
16370
294
31179
42328
17175
13033
5371
14194
5609
30778
36360
44036
38979
36410
27811
36717
13991
21464
34054
19177
44851
10034
8695
17359
46690
30051
4424
22290
24355
21355
23072
9136
43012
43929
49004
35476
12787
26720
36175
14371
25148
33517
37906
14136
43389
9017
19739
28645
24436
41832
6702
6289
14411
37904
24860
9466
46456
23626
39469
35842
38396
20126
32131
48423
23918
14933
10558
31165
39732
17965
35168
3622
1040
41716
42635
5550
12178
10797
38015
26527
23014
21827
39710
22342
22039
29316
43043
588
8832
46611
45989
48740
45609
41260
30986
33142
4115
34510
31540
6031
19160
31901
16943
19093
12497
1877
41361
41910
25459
17653
36392
3064
44212
4423
1418
36590
18873
47276
7422
17997
45834
5627
24202
31730
39186
23227
42401
49849
44762
41856
49822
17223
42876
28765
25382
8203
18365
40746
41515
40047
36054
36576
23834
32936
21089
49198
33843
39903
27991
1984
14998
9578
27521
46129
43019
16607
40043
35183
2654
30503
34241
14298
49052
5175
34715
13144
35032
19762
34252
427
41358
40139
46376
44299
38403
27567
39323
28541
30967
46145
25063
43536
22478
46950
49239
38472
49359
5942
37720
46081
13203
8892
46705
10399
1907
44698
33048
286
36018
4157
28331
43496
28971
31037
39808
8357
26644
8932
34191
10735
3621
12937
10362
3528
7899
21777
35880
24353
39277
26619
11395
14856
41062
20524
28910
5136
39749
44668
24661
15928
24508
25846
1779
31561
3908
46223
694
38666
17782
28353
7223
45324
28334
27128
30495
35365
29534
45070
26059
29621
27002
40661
38777
27663
47742
11733
34915
21193
9663
5763
29766
24649
45980
21049
23158
28213
18976
3668
41944
48850
30168
4931
31347
14652
12809
12975
14025
44944
45007
14299
2626
5612
17651
3803
29418
23165
15336
39012
5108
23064
18334
33069
12810
30345
41744
11291
5411
31344
41850
28801
20964
45869
33357
15725
36139
34913
17848
13171
45728
15015
11815
2691
1817
5147
13496
43567
2471
33583
36022
15795
44108
30201
13185
3798
27555
47612
15722
4359
20649
49293
22187
27235
3720
20981
44462
39505
32257
42297
35404
9627
49173
33284
1287
34996
43222
31336
23978
39174
1991
39787
9149
48614
6190
29250
12655
6637
25254
45604
29416
10751
12466
5839
37026
786
32008
38400
49326
48616
29451
421
37210
1176
35534
34423
34878
10658
26670
15785
27299
27010
36655
10298
38427
25057
35201
6134
7509
32033
33845
10535
3300
19530
35458
28540
4167
11039
32255
22471
48203
34275
32276
38826
17673
21410
4864
16374
18856
45383
16949
17013
29381
26943
15714
36486
8109
42925
7347
21769
5742
27582
37459
45376
31859
5012
14766
25493
9603
17296
7294
22727
6263
46902
36873
5191
48116
10520
21652
8079
30338
48652
46932
10014
25643
29803
42009
42593
31231
2343
15413
34876
41076
45880
13372
17081
49366
33449
33317
33945
25803
1935
40948
15045
7328
32445
27373
11078
34583
20983
21319
29703
40042
21260
44181
31811
27146
16290
22808
18499
7478
34623
35642
35539
11282
10717
49577
15705
44410
10581
30154
26839
34820
3906
13585
40436
43334
11897
8105
34931
492
9658
40702
29973
40169
20872
659
47649
23540
3600
34016
2185
25548
32616
41160
42246
9047
18473
35207
40845
30640
32092
49786
45748
20933
1836
9365
27463
37674
9316
22682
36322
19479
15101
34650
3487
48611
44242
19496
207
33645
23644
12899
32110
19377
3049
41366
7787
20527
32977
28637
40487
44850
9288
31619
7138
10836
42058
34700
44372
49684
4287
49411
39840
38674
35488
5309
39290
15443
13737
31072
11300
31662
46164
33542
27539
5733
39636
45302
29477
35312
18060
46445
7666
47587
799
29764
33688
15906
2749
45685
12988
29812
17117
26898
8589
15841
32683
33152
49278
27966
45897
6652
26759
24247
14871
39176
875
9847
22149
49203
31461
14655
16468
14120
24507
11577
5831
11101
22266
11802
15452
13340
24441
42244
49565
12930
38140
44139
23607
1504
12672
39869
41420
5464
5754
17601
621
6559
1077
6684
23924
31789
26358
34226
14920
5723
51
4303
21196
20074
28863
23504
34879
33806
8549
18148
39189
48997
29903
9598
41868
8349
1172
25344
3763
21592
42846
28932
14021
45443
47018
49706
44028
35355
37968
16342
34086
1543
38652
3244
8562
45279
18940
20683
26540
8398
46378
1199
14409
14075
4023
3513
47815
13036
12348
31677
47767
43761
29394
1271
43223
48736
35943
34922
18649
40183
35096
17928
47730
31377
6579
19585
49461
28496
42580
17904
12632
34579
6498
12509
22396
24674
25043
23871
35820
48167
1595
33158
28619
10051
12438
23590
9033
38526
40861
4686
3192
23571
33611
32323
44504
23988
47495
22399
39799
5800
23529
38852
16170
41203
18780
29754
34667
3166
26703
12684
44334
33970
852
11729
16865
33939
28397
3662
43240
23092
22363
24347
18413
30439
29640
47746
11881
1727
23212
44010
8199
30199
28385
2556
34083
30900
72
6010
33400
33572
23770
7123
42938
35088
46317
25368
12326
25964
42911
26863
36772
43953
19038
47282
49372
48018
13595
2398
39232
29424
21050
19535
21878
16938
31091
43108
28900
16716
11275
47242
36105
32594
37841
24072
29897
42921
35015
1586
29944
14571
368
20060
24289
48770
10089
32052
32138
39236
45160
19608
11820
5528
38688
46668
36038
21501
7532
34535
37588
35993
27215
5478
3647
28416
17164
23531
46038
7479
34688
47573
32300
43561
25466
34813
41967
12812
4670
19306
4488
30143
17237
43709
32521
24274
19604
43591
21856
24277
11294
28957
49784
23389
34037
6549
19227
28315
7126
34464
47763
48069
26245
16817
46564
5431
3374
3174
376
18789
39060
47312
19945
18734
44018
11618
38818
20549
13725
36935
4842
26475
1300
45060
1792
37324
17042
6409
28550
22105
23380
573
46293
23899
28892
19188
10616
35299
26387
43972
3698
781
5642
8921
8929
15273
21609
22578
24526
22084
12256
29901
24132
49863
6178
6225
30331
5004
47541
28374
38650
20019
7291
27570
45065
49654
13413
15221
21566
48582
7616
24721
4046
34886
19097
3769
14182
4687
37520
32646
49991
9261
3608
8577
40901
49055
18945
20797
11595
596
26206
25969
23312
5511
41865
36421
36748
7199
28120
24744
41535
18348
14942
16732
41085
20465
37833
44503
34311
9711
33118
23067
35872
10619
37605
26484
19963
21274
13639
43063
35005
32995
48929
8250
32613
23056
6197
20091
41893
25632
14362
30175
48588
12985
22297
38519
14037
35546
6812
26789
23301
8633
39759
25135
6600
20555
48455
35245
699
21145
20051
9166
7895
15041
38633
31581
39851
1975
22012
8734
1781
2868
11817
38638
12488
27470
29373
8702
13792
46265
19724
4511
39331
14785
5909
12709
48125
26145
23019
47821
31049
14876
3382
1252
23867
2644
3948
17743
6304
20240
23065
29755
22549
15979
44425
37198
27220
37586
30494
22519
41823
34670
41477
5285
1753
28856
8659
17899
39201
39815
13988
16145
23435
26760
42185
40311
33299
40815
8282
36714
15360
22380
41484
41382
4542
9389
22825
44130
43251
18013
43401
36078
8157
11699
9075
21971
23487
36032
39154
48473
19052
29024
18377
42335
25277
2676
23953
2991
45357
19939
23857
17771
6305
43516
43873
10402
30217
2186
26489
43456
16850
4597
35773
17738
13887
22427
28565
19570
35269
9945
24719
42113
48750
3436
14919
5789
14074
20513
18135
32188
32476
42012
35929
31057
36221
15967
34329
7153
1985
30668
14416
32526
3930
10877
14540
4590
25791
31490
26425
36800
37942
10075
17572
39997
11522
3473
33972
23466
28044
32200
48065
21011
49563
42609
23468
506
19521
42413
34966
23097
29864
13059
18255
32895
26870
20868
36257
10838
49328
27131
39384
18846
34024
41468
18620
28123
47749
24537
40232
44958
32167
5834
37991
46583
9173
40969
39312
5777
15905
32357
18376
31110
41090
10880
48764
14342
25687
18777
15917
29849
12821
47782
47927
18619
1452
39426
32054
31123
48454
22992
15275
12656
25149
39271
12027
46858
29300
49351
14359
41915
40542
3579
11740
15477
27584
7710
25010
41312
7700
22356
11762
26552
6686
16128
20926
17097
46879
30085
28701
21498
49809
37795
28183
2864
25706
8652
18959
12131
18943
3853
18455
10768
17716
12104
29255
23368
38493
26653
44783
29910
39103
33955
47646
20136
7457
28401
31652
10131
35779
40855
22577
27933
30520
44275
15373
44696
34087
40244
8085
17579
20980
10730
12582
22844
46484
32803
14731
21982
40652
5037
33589
31395
2784
522
46773
17419
8388
7697
35580
31628
32615
30330
18561
4224
39477
26364
13000
18264
35657
23236
6935
28618
7989
30402
31933
20689
24988
40824
20976
24328
3570
35902
30216
9774
46622
45730
30738
19796
35968
38976
22397
21348
30885
34889
26439
28378
28829
9645
35267
1597
20871
30580
32963
32500
14107
13030
33131
29345
37129
437
9068
27343
24650
37843
11808
32431
40363
17134
16819
32720
46753
28048
34175
36037
6484
37124
40207
40443
38118
34806
47090
39460
35651
17748
27371
44118
1859
46578
43749
6764
10696
1005
44274
31753
2557
27989
47750
2554
9622
8405
32209
41949
39583
14977
27698
28456
20068
31539
16929
7104
24795
28047
30654
25133
21078
39132
37193
34561
39521
23705
36791
19627
46854
35004
8965
27943
35793
21650
14811
24825
10127
32792
7908
33432
1889
28389
43832
10359
38676
34994
14918
41576
23725
4798
32779
42736
8218
37966
41532
15212
39149
30555
13277
13606
20143
38338
23958
32258
48813
33288
46712
20939
6028
41165
41405
19921
15174
21877
407
36347
22322
49759
17430
44938
32203
22390
45598
11523
13403
13477
1043
3343
12585
37016
17061
27897
2434
36385
45663
35442
21770
21335
34023
36802
17146
7557
13148
27613
42953
20174
35525
20720
4461
6431
5205
39571
35395
26101
17561
35247
43156
47884
9670
5060
12619
38498
18031
7386
19577
40907
2593
18836
10993
9782
49129
3556
11574
12530
33465
21371
13172
30043
31530
15969
37181
21942
47098
44489
3114
25182
32101
38921
41302
48232
11999
32427
43329
10508
37297
18443
7689
17773
39096
9482
224
6658
26037
11668
11019
25925
46880
29433
1156
39961
8428
39578
8902
26871
38243
3046
15333
48275
3255
2767
686
32994
33564
9251
2409
41075
17741
5397
14583
32144
20268
1279
38640
48472
8647
16807
48061
762
22409
31415
12544
23713
44531
32637
4136
12342
8360
683
1850
25627
31332
3416
4919
14046
5922
29392
49453
23503
23189
1947
27164
27681
30005
23659
42900
9618
19008
24181
9612
48276
15918
34017
31885
16162
42867
13710
15279
11148
28663
3718
25069
48193
8924
39896
22034
30909
19605
35874
38897
14501
9205
33602
43621
32415
5833
46229
11241
9224
34860
42368
6348
22587
7698
11214
49200
41938
7298
39074
32718
19966
23549
43221
17847
16186
20121
40063
38428
36875
35558
20440
4289
40133
10705
9423
17972
41699
10570
8097
49770
20607
48577
22255
5540
3706
8789
48802
18660
32102
21448
45169
32912
9561
22013
9405
12118
20664
37317
24283
18220
12679
34999
43817
23230
40669
24350
28824
27045
32840
35912
36011
32371
15891
1821
36452
45771
4356
31183
1052
28138
18440
19932
29357
8252
21116
18084
47308
42771
48937
5979
7574
46563
10360
42395
15411
42249
32468
18019
17444
35758
39002
30046
33181
5783
18493
18419
18686
31790
4586
10234
30546
37473
6279
12831
17318
44379
1768
46108
57
30827
45453
6728
34855
10716
21426
2627
46001
21939
475
17936
37537
42094
21572
32705
10252
31330
27669
15716
4989
43736
44839
39622
36588
6137
23530
48989
18012
49733
22243
6781
20343
16438
48767
6937
41520
19222
17082
636
26120
39758
44897
18115
42719
34247
12922
36039
34330
34447
49222
47108
18320
13195
11001
33242
42963
40932
19622
2060
15330
13094
39084
19855
43565
30136
39151
25136
16302
5080
22251
36064
9507
15378
30069
35768
44861
26973
47303
10335
14269
46677
10219
32522
48827
34300
48234
16649
40497
19853
49081
20098
18545
2395
14089
24829
14029
23000
24052
1377
48548
43013
509
12599
5002
41732
325
16006
24747
23772
31967
5122
43121
47208
11488
45876
5940
43393
44111
43657
15166
42991
20575
19671
6307
49604
11896
5560
12198
32210
15143
26830
29519
42039
7890
32395
20199
25504
35384
34159
44512
48340
35391
27649
19763
46898
2510
47798
46212
38013
44455
29137
3776
23033
16462
28240
36570
47482
38924
39401
37538
19356
40770
17446
989
30704
33153
18723
36986
24864
44986
31251
44914
2758
12010
43942
12065
1383
39720
3197
24540
18167
14139
37332
34797
34596
26701
23176
18129
31866
34
5596
41589
34702
25397
29330
45167
13623
38611
36592
29474
38117
16014
5286
1902
37128
27534
31206
7680
18399
30904
13260
39655
14368
42100
34948
46772
41054
25205
27007
37509
27211
34933
48052
5105
35403
10463
5943
4825
13191
44316
9087
16324
17564
25730
8784
30804
12368
32762
215
18912
28057
6991
44393
23559
33057
40995
9530
32344
6979
4372
31387
47958
34069
37046
6663
16105
7702
28841
25670
4765
40249
49688
2225
33481
13362
39563
37146
9177
44201
41256
6357
4610
26497
6650
6136
2738
27960
47005
24295
34798
23416
38431
3983
3519
12055
6585
7224
13358
47810
40935
15584
22872
21431
30707
26154
14614
28523
17403
19859
35763
45457
14451
17787
18613
11888
17598
37883
11367
46074
44887
38732
5713
17657
41092
11483
34319
41690
3604
13626
10440
4096
10676
8688
36661
33052
13912
6187
3737
4534
39499
49739
32397
30372
18533
37400
19919
19977
11031
235
25561
46638
21611
20006
8922
19735
3082
9955
15837
40270
43491
43392
48293
42653
4280
23567
42236
41374
47359
26684
32647
28564
23422
19278
13444
15877
19385
37900
48357
9544
10546
37994
8818
12669
40451
44714
10652
35732
19004
15182
21200
19434
20372
12317
38016
37382
44529
4961
27012
36901
15667
8638
18614
5088
26461
35337
24970
20137
424
40431
48870
27093
16753
35926
5293
13447
24147
39852
5828
13434
27497
22566
28109
632
48778
23454
5250
41570
46817
48995
43566
4807
10976
37250
31324
12627
35250
27728
37915
14862
36897
35703
37219
10936
3352
22222
24352
15761
36954
7678
8920
5449
40909
40349
31976
14460
40822
41413
2850
16135
31292
30411
10003
18636
31053
14023
3110
8126
16272
9204
47193
13084
13573
46837
45478
41791
17464
44298
41014
21171
8436
35892
3004
29131
17313
36844
12306
6771
15708
31742
9171
18905
34723
15329
26555
24165
26767
45671
5102
13209
2212
9038
44472
11850
519
3975
12726
6376
35840
18163
36489
17596
14867
37478
18902
4228
11693
31931
21481
22156
48485
7761
6762
42014
35069
10422
31161
2135
21913
28244
44520
26532
9104
29172
45986
39147
25178
31767
6674
34154
49320
35616
7888
3849
25186
31325
36375
44721
19617
2584
31477
33680
43014
29930
17083
39621
6881
42668
7784
20184
20024
43947
26441
15692
41866
8479
40266
47077
14525
7437
34003
24898
29128
12264
42614
9265
40523
34917
36641
49963
34522
23533
30283
14608
35273
25497
47424
2428
16979
45555
13616
3858
49695
10461
27392
14756
34004
39191
49319
11285
33240
23623
20791
32865
36281
46766
19427
7780
37610
3041
17154
28589
38841
19568
6340
36041
4426
9175
35153
18235
10777
33316
38660
11721
7494
19449
11755
4262
8860
29660
14313
11874
32156
42533
37360
13802
44880
48386
17993
29927
10997
42196
32278
47010
11418
48569
9617
1788
46682
2232
10230
14234
9485
11875
2245
49951
28186
36377
23635
10783
35618
38130
35170
30782
37155
31190
16680
42916
29428
46058
47173
29533
6146
5959
42279
23221
14784
27917
47216
43712
9312
11316
24790
43889
37792
27202
31830
40680
13518
11703
45498
17714
38301
19953
4035
11724
31923
14649
38600
26568
21320
29455
27431
46614
23524
44292
28486
43351
44638
24628
15386
40360
18542
13078
39960
24696
20350
3672
40294
20018
21173
40130
42015
20547
39444
45476
47555
13783
34296
25196
44940
13688
29461
29299
41241
24129
27014
26865
4668
481
15357
15821
35318
37499
28381
19862
45410
42585
25256
43114
1581
17624
45952
32618
12028
24817
15815
47898
44747
3717
1524
17029
12982
39052
24740
24949
17834
34414
4463
1959
17740
22792
47091
27859
41755
41177
42807
48817
17584
12752
45368
39839
21767
44920
43402
31327
41686
25147
15775
7401
21523
29828
37839
49224
4759
38682
42163
27871
39192
48515
24647
37376
49269
43987
23802
23199
14152
48096
7175
39159
42760
24366
18040
6783
41351
32381
24107
48194
42588
26621
24519
27743
16544
30096
16478
20187
20316
25119
8989
37375
28630
18861
40945
23997
11374
35139
21978
1601
24967
5295
30090
30234
5084
38344
28113
42655
21507
26741
48844
37834
1155
34066
21828
3348
10388
21318
40463
46457
34279
5926
21166
28679
24668
5087
43439
13620
15911
23153
25023
46359
27626
25603
1089
29993
2120
9277
37130
20229
25739
36985
7979
44782
11511
20682
23931
11430
48563
47067
9950
37031
44700
27327
21804
7280
23022
23696
34001
12892
14185
24567
33231
1354
49046
4886
46673
33436
16922
46713
17937
20061
28453
42747
4663
34618
15948
26130
40417
39266
18489
9695
31040
19645
37590
33604
16485
9458
33144
18583
4789
27055
35964
6464
46990
13651
28042
22160
8677
22272
19717
11711
16032
48335
16690
25569
29723
27232
48086
241
40554
44627
32930
27616
14289
35027
31271
46540
25546
43841
3669
10044
18374
22666
48965
17112
11878
31480
20179
25199
40614
3562
17328
40871
5192
27449
43145
31255
4208
33963
48482
13117
1926
22302
17629
14036
6232
8488
14424
27058
21005
29447
18929
40247
35704
18750
11541
24996
22202
41658
42308
35428
42789
18992
39267
11900
26321
48092
35351
33804
31220
36148
7490
1382
3595
36174
22181
32700
43563
6655
10530
47163
39652
24158
43585
48228
35549
41752
24560
1487
2760
13720
10764
29942
15289
29580
4771
11978
35225
6297
17338
33488
21149
7077
44609
19995
18588
13580
45622
49575
42829
34978
48477
24019
47262
45090
10657
23094
41453
9616
26466
47178
1380
14486
1184
35114
49778
40742
21930
7318
20167
43252
48807
38483
28918
33276
28032
17827
32348
27422
4075
13604
32712
26485
30038
34020
10834
41349
14803
11610
40295
39202
41394
37222
34836
34544
24887
49889
48713
16258
7221
30752
2347
33285
34605
16154
4832
38807
44871
5549
38227
12489
29662
40939
6629
48749
46224
5206
43865
9335
22145
25547
43862
14243
842
45642
28745
12211
40681
27840
44853
21536
9065
11931
5769
36453
38405
990
40879
12084
18468
19224
32527
1530
43258
19574
3434
34832
33203
49635
36736
14808
42686
24745
23364
31985
49587
33196
41887
17387
22256
150
44859
18863
48803
2590
7716
40827
12367
3368
23155
39952
31212
22258
43280
47717
22735
31807
49782
21821
38006
19170
31444
10395
10215
26523
29834
9032
34540
26176
40377
21081
2481
24423
44373
7920
29826
24984
1360
25795
36082
44004
34815
28585
32490
1239
5790
10862
29890
25194
36775
40330
10410
10626
35478
7473
44812
28763
34823
35259
44487
15228
48445
34887
8693
21589
40198
45895
26815
718
24632
30756
7167
36691
40767
2281
27513
21305
41505
25747
7873
34577
25329
42910
13787
49006
49519
37183
44954
49551
11353
3094
12953
31594
25270
48822
527
29748
37134
48733
45344
5770
16125
499
6628
36963
19771
6640
16191
46211
31012
27357
14498
10875
11536
46906
38146
34645
39146
26315
49381
42200
35632
12487
34313
28337
30604
35717
16855
45681
49398
32098
13165
8384
1940
24594
41932
5599
6861
42141
41788
5228
37470
47928
15066
38362
17566
42787
29709
33343
34084
4533
33830
30623
30875
16743
11177
47249
778
153
43791
4949
23684
4790
7491
28727
16493
7360
29200
16652
662
14891
49948
20585
40216
19858
2231
26032
2092
38348
40262
40768
29979
41711
13610
21408
46693
3731
34918
49009
10753
43385
42066
3001
161
26455
20755
20560
17329
47022
6005
25777
1719
3451
7141
34960
38740
34197
45772
48792
21180
19806
9163
35691
30041
31483
48868
3176
30749
16401
9424
20391
12871
6368
21551
39614
10270
8144
24943
18530
18866
17617
18027
40186
16696
16033
36349
31973
23469
49360
40978
13938
38656
21207
26923
48674
43639
11818
30907
18229
11481
168
41065
39203
32651
34284
31816
281
26076
19540
13730
20740
19488
48070
10363
16355
2337
2044
11009
48570
48757
10825
24221
21614
14524
40660
2178
48510
43992
46699
46901
18293
41976
35169
14391
17723
28136
1460
21728
39172
17519
977
20905
42501
4420
1293
48389
41151
17217
17252
5425
48959
9947
13646
41766
9461
28947
15356
39904
45937
11942
29783
11297
12153
26697
46403
41611
30444
12881
5607
47999
45290
7193
16882
49370
32036
42692
22814
40358
41327
18884
16313
27292
20097
29862
14704
9684
18870
36146
11444
12392
27338
14307
16843
17774
36061
7994
41255
21288
22621
8504
5559
25778
11480
49194
42890
1323
10139
37600
48632
36662
46077
43105
30977
37413
22687
48458
11350
3396
41805
18326
29171
21867
238
9195
36750
15084
16739
29943
46109
28788
39294
14605
11422
39860
38831
45904
31680
34492
49756
31155
10965
28592
677
24666
914
24998
15303
5758
44321
793
2622
25977
34102
35621
23340
14544
6112
3410
31523
18678
39690
42830
25579
22354
2464
24163
44889
25952
11842
39256
27472
711
13063
4322
31805
3921
32295
30267
24122
18684
16044
21301
36208
14599
35092
6994
906
41585
29096
36765
31420
37832
13104
31686
40308
39878
34987
38027
32506
40530
44574
25962
23490
41685
20318
20323
48114
12161
31757
17858
29270
17504
34222
42208
9585
29902
33684
32520
48707
27182
22340
7413
1001
46603
40673
20271
41237
15528
18566
42261
35678
42023
2069
9193
41472
36642
39411
36293
13993
42312
20071
669
29722
12343
17199
36358
19039
48233
135
5737
8726
1477
43796
33053
21361
33061
6922
23345
31688
47155
47776
23432
13917
24546
49334
3864
30726
32574
10526
37151
31622
35863
33258
609
7378
18116
6103
11890
31127
19672
41512
13267
42369
26581
38545
39662
24379
8243
42265
19509
40253
34693
13845
44333
20045
28423
20125
40250
17463
30536
38547
21880
44883
27846
36716
16634
48982
9429
3367
13131
2403
12659
6215
19212
46184
14836
43802
23570
34802
39448
19738
14108
32330
7204
15947
533
4549
5836
39459
15771
14420
29698
10629
17421
39911
43384
6557
33913
8308
593
14187
2257
33808
38208
48337
41193
16910
520
22095
27915
16196
11726
41840
3427
22778
25682
48957
46417
27559
44187
32514
17324
28948
36559
31798
47538
27608
29081
8943
3830
38083
39326
43629
10264
10304
9762
29212
23628
12201
33210
44796
30179
11671
32635
22044
6744
11514
26118
15803
11801
6327
10188
42428
32318
43101
10800
29317
37423
11326
708
1299
14015
3420
15461
25141
49585
36026
15343
8068
27926
8372
35931
14585
22916
25028
577
31969
41502
8327
27294
1315
24349
24566
20000
22394
19749
49438
35474
36831
38882
11777
14539
13006
22517
30299
26056
27670
44257
29539
23143
24690
2230
10472
3646
30733
40113
48742
43169
4944
40870
18872
44163
36094
19689
11813
32303
40693
6698
20963
38687
13368
41353
4841
42227
42746
16671
2492
6799
36127
46013
31407
25991
6359
42160
24218
46415
38597
39950
15627
16546
30277
4306
39382
35946
13371
158
20519
38307
30767
35156
2994
37199
15446
8787
579
47518
9923
31411
2222
45947
19163
29001
21365
25067
8455
7469
4048
44203
3063
46813
14494
13853
29033
19552
48772
35607
31506
35393
14959
14545
9077
9537
2855
36218
21034
36306
8098
27161
36186
4209
9818
19236
48618
23111
11658
44584
546
39651
27992
33705
15059
46279
33140
4520
33263
29135
9638
5446
35948
35584
7249
23846
26534
9217
4473
23404
21248
47597
34417
20535
15543
1028
14171
39432
19016
3122
22806
23840
27201
15747
21387
819
36861
14351
4636
25353
33166
11045
45067
21227
14851
4513
13039
38109
33046
26248
78
36738
32055
45416
16691
30889
29071
13106
44282
42303
27119
33370
3425
15691
35755
28066
30737
1764
22448
34173
43132
31920
7284
25794
1036
30428
12754
4181
1546
4234
31331
19655
43922
26253
9200
30939
2099
32429
30831
49030
29004
2284
10868
18123
9608
46369
12898
21136
2538
30496
48841
47284
25245
26869
18663
24006
35197
8904
13982
5026
29362
48191
15547
39447
24285
834
9958
43141
31355
32355
44255
44294
49835
9706
18308
5379
48745
49111
23411
4098
1969
9271
44357
22282
120
29332
43775
14829
27579
17634
32916
20904
6338
8824
34964
48365
42112
15179
2324
9108
8941
19437
33581
25992
6096
48834
45928
28262
10153
18632
46510
21072
42463
31726
21102
28938
49166
36412
3077
8949
10565
6782
31560
31794
24854
13074
39987
12267
7206
28868
4001
7853
31511
42093
42554
16735
44854
16193
24600
34757
41972
3863
35024
17110
46887
30789
30846
48783
13673
6849
38631
20766
35104
27234
22185
22490
8555
8112
25062
31323
18623
15265
5884
32593
23405
1472
41992
26628
5064
39647
16662
27238
42036
5932
22089
21142
34662
39415
7041
11937
17005
2689
39049
11998
22047
36806
35345
142
29607
27592
43451
10633
33904
47384
49876
36527
28429
23795
39224
35344
23683
43486
32532
9160
47415
29228
44166
30166
34967
14993
24700
11638
7283
15757
6825
9538
37955
37268
4934
3877
29325
27168
35612
41660
24346
34669
30974
48836
16723
2827
19059
27565
17870
28354
49768
3517
23869
3131
1266
39900
13577
42223
6727
49697
14469
32679
21191
4331
43959
4099
34692
13659
18791
24101
28580
35286
40903
30829
16956
35721
49543
26480
19410
5582
8613
16595
31640
65
27228
4203
13862
47103
39741
6406
19019
11140
13769
13083
13366
38349
16274
30152
27344
15231
15907
356
22087
23333
19891
33097
24152
21761
18535
43998
32983
23384
9643
9134
26003
15458
34594
28130
12629
16453
39588
38917
44172
6345
9894
1953
24941
44766
14303
40684
25165
46692
11010
29335
36849
5603
45333
31120
40551
12858
9297
15763
8104
20084
22468
4229
17102
784
34628
28427
46729
18274
6014
10506
32402
15014
14638
27450
15280
48923
13747
32214
10465
14327
12207
34722
34243
2505
13607
8036
36456
36087
9307
29829
74
20961
9965
37767
9143
5223
27803
31855
9415
40865
10484
48615
28064
5791
1657
29842
7544
2948
38228
20542
29506
18333
33327
48301
32502
36366
22090
34965
26535
23078
47428
34689
5442
48514
25479
28366
40577
33130
37687
43740
38672
42139
18670
1613
49199
10567
13539
29530
41730
13018
49534
7518
33009
7922
41319
22787
339
41618
31423
47441
23123
21824
29602
4114
8814
15982
20388
27332
37067
29731
780
693
45238
7014
49775
27789
22625
4701
33675
47571
45246
9357
12761
47628
13703
10954
40231
4948
46324
1153
49184
28865
22723
33279
38584
44120
34635
30067
8529
25508
31276
10225
36813
48895
28359
34134
15788
24332
32855
22049
11757
23891
21713
48949
19785
42757
3612
37980
22525
4527
2932
22634
43336
23861
42889
48828
35759
29696
20917
7264
37174
39582
44953
10214
36406
12004
44284
25905
39371
21896
26676
6927
40272
18618
43506
15151
8880
43667
83
31651
28154
44097
11868
11799
11255
5740
40732
33865
956
24321
20666
2939
23951
4587
13457
29714
25013
16400
28468
19069
18526
19453
8539
8614
28076
9021
18188
34231
24770
44271
29090
23614
39607
13745
18147
15903
4519
49729
14527
42909
36793
5711
39069
37628
32802
37909
32758
14383
29503
18875
41876
3991
10340
31403
22753
23492
33859
27250
30788
19303
46513
10125
3495
49887
28986
1446
21202
38834
30158
8422
43777
44582
49097
30647
44315
33518
30760
16211
3965
13473
29734
18143
5887
26139
18624
11082
32839
45674
2757
30307
47340
39348
25284
24369
35280
248
28733
11265
34011
39358
8683
46350
19080
13825
10645
41196
34352
17018
17931
46231
41951
15132
44085
15980
6564
25931
26795
2224
27412
40960
22284
24803
15665
18925
22975
604
3705
19482
40304
3542
8021
32603
815
49662
8067
1203
18142
3054
40586
25492
26879
22579
27993
24378
8072
1932
40074
3093
8254
45595
22419
41178
48334
1416
41377
4505
9110
3128
23926
32441
43158
43703
10411
933
20499
41305
16553
5281
19746
5536
1236
4940
11580
42569
47917
17560
37768
34696
23747
29104
15220
17075
49935
8103
30218
4584
38567
6553
16977
29689
25122
5918
41749
25203
7007
32902
6347
40281
13296
10112
34704
21702
15962
36671
32584
12056
43099
14360
18431
15602
31707
19366
4409
17864
26416
11221
49488
18781
2551
47686
22570
37157
5573
45645
22068
6001
42081
6736
8300
23316
9713
41222
10232
7731
43665
19420
26284
14889
12098
31814
37850
2390
15507
14111
18338
34292
17789
1152
10486
17636
9734
26673
29611
16375
31417
47073
42402
24555
3738
7582
12183
40619
4624
10957
42136
7162
29753
3365
1674
42027
13979
36294
35256
15522
3630
36202
24445
31158
22346
45963
18008
13438
11365
316
18259
47361
13155
3728
3550
26883
31793
31710
25423
15505
42965
9248
250
4530
28989
16322
9725
38275
25764
48634
1515
18118
49016
6887
8426
33425
7881
21852
22053
36608
8214
4042
48741
32542
29066
21262
22063
40914
14558
8953
48595
14686
2468
3631
42575
1013
38281
34533
35561
6619
28667
41667
37241
35661
43604
36983
6450
19329
42437
17209
38615
38318
26395
21380
34277
28794
6863
6685
26981
189
29904
18788
8960
15791
4508
15606
6974
21188
24515
38470
15213
4626
45857
38954
11949
16445
2712
12297
10059
43246
7419
26674
18849
26785
23527
2595
27226
25383
1318
7957
23521
47783
33751
33577
25521
24926
42083
8686
2299
31235
17574
20537
21692
4285
31032
42854
46886
21909
20540
24035
24322
18083
27405
30761
47738
48894
19387
27188
37288
16751
33415
49773
6349
38069
22209
10019
29885
49673
30914
45874
43638
3979
36921
15419
15814
46238
35724
16782
4365
39668
23142
11420
29234
29232
4698
29617
25322
10606
42197
41822
8894
18963
25761
18521
2288
44787
15595
9830
12225
35473
19165
19759
42118
24469
42600
38350
18538
32072
37196
2458
25805
30284
21678
1222
3242
39128
36923
22635
3073
17957
34570
17189
34240
43581
34711
11816
18395
12557
15570
1443
43751
43079
13241
43766
25652
41581
27446
41
3443
44981
29758
41950
35505
17814
25341
49787
43088
48033
22352
48780
27683
35283
40317
11330
24522
30292
4174
47639
12915
11230
33431
13776
30273
14601
846
27346
31203
41429
24407
32346
26995
24836
45590
31153
27912
10525
20652
5378
42818
4481
44029
26040
20431
47412
43991
32976
19586
13831
38360
30475
37206
23999
39161
41815
45493
46794
29064
42706
9896
18993
24360
18587
40075
44533
42149
38977
18704
49236
11366
43452
46206
25607
1228
12793
27399
2706
34176
2131
8883
22790
10021
41878
39727
20156
2652
29716
23366
24307
20600
30996
26804
40637
45130
16027
1665
40884
25597
6852
20277
25919
25483
48131
1980
6318
14039
3281
32807
25380
25262
29023
2400
45783
5134
18480
40197
25576
24663
48800
39797
14166
14110
28027
22289
33359
11392
22234
36013
41073
17416
26469
26618
9817
35554
16873
33926
16329
2667
10905
19157
47283
10898
22180
47672
557
37284
18652
1737
48375
3574
19972
48575
3162
47466
17073
34916
41439
41044
17648
48958
47888
7650
3923
35988
30959
8209
11080
4779
45847
41306
29553
44468
21730
27963
19743
785
4880
408
42995
6853
49452
8579
41694
8657
24505
35760
6252
14197
18518
12845
8740
48044
7732
28879
44291
22673
25350
8533
7976
22564
44678
19676
22725
45650
11122
9824
43625
9911
14804
26204
4643
31721
32316
4193
47041
3029
36243
2737
22164
49690
34951
49672
7785
24588
46973
24484
38851
9045
8721
12713
20894
12319
23625
14018
46767
32260
12555
17065
20211
40318
42904
43049
24785
10995
29491
46639
6245
5471
21727
18630
12189
12722
32273
49127
15408
43094
36768
19475
3945
35600
44494
27918
45855
28739
21573
16940
38256
31361
23373
40642
11593
19629
12381
35891
15807
13702
42051
49134
24044
716
21724
32947
47560
18833
16225
47997
9081
43272
45042
10544
30671
32640
47698
16646
4216
5382
31598
29198
42057
5927
986
47834
35810
9080
49632
38443
40895
40025
253
773
16786
16300
38481
38210
8857
20157
29546
41022
11389
7525
16859
2605
26797
16284
6984
25103
27843
45795
31485
26614
19938
39456
44193
26436
13460
29011
26841
43560
46841
9368
4007
16025
21090
35766
25577
27356
24413
28586
37615
42586
5439
4088
42670
44164
24771
15009
14705
10628
41857
29878
14103
44141
31844
39218
47824
4723
25873
12092
9425
42513
41089
47087
13141
39056
2402
17855
29106
42323
26762
3204
44637
37928
41163
10975
40689
11413
1128
1966
36599
15369
1020
31269
5022
28859
5437
46606
39485
3384
30638
28214
6934
43020
13870
46099
28626
2143
18106
34626
15760
4802
37860
11788
30126
48159
2930
19374
47682
40485
39689
37443
26610
14117
12000
19877
20427
44174
8337
5272
752
25985
29794
1094
6312
49741
33736
44217
37529
20930
40397
22986
39433
31296
25993
18721
22485
46687
28026
31076
28881
31945
38477
15751
47991
44250
39116
33249
22573
23276
33788
8146
12166
3390
18203
20832
47915
12978
9394
30035
15914
34910
28896
5128
25506
32399
42086
14257
45843
40157
40899
38342
19269
6575
11989
27127
1715
12723
18144
38639
43996
28678
44942
33105
42365
19887
30602
30759
11085
20013
23472
8453
13871
12239
15572
13796
34729
35073
7569
23991
17341
26356
49557
6522
21594
7964
36908
39591
15140
442
36442
14752
9811
31586
46010
18368
397
29639
19129
1862
17754
20038
6486
17692
39721
32147
4870
16174
25059
48484
46688
44
2764
13908
23486
487
35186
6243
36771
22219
9003
41906
7316
4518
6308
33253
9720
21228
36415
23047
49034
38762
27491
14322
4718
23751
48653
35845
32388
21920
49911
45056
1501
48401
4453
3378
46691
40142
6992
26140
43314
8309
41912
46859
7848
35928
31186
27231
19360
7305
9599
10181
14922
37677
38795
41923
38394
10804
25967
43421
4338
14563
30320
43220
44047
16657
41401
37824
8101
22786
8182
26280
47708
16226
7326
34808
17510
47809
20812
8081
34852
49141
34455
36387
7980
19136
18512
610
35279
39361
17404
43511
27821
31501
41678
43682
8113
42170
32648
43182
14478
4018
27489
41307
4113
42336
36312
26113
6475
36552
526
5075
29529
20246
30018
21673
23440
13625
26999
46285
9887
42865
17069
49419
33807
4160
9290
7271
27928
19179
21185
35237
1909
11238
19951
24169
15999
27282
42074
34622
4537
41996
35903
33306
4220
21065
49553
27801
49205
16993
32226
27389
30334
24453
20212
35500
18425
16989
15364
30676
34404
32706
34219
44155
46628
26661
46420
2705
23085
32471
18696
32413
2422
30104
37751
24991
1948
15478
30106
5878
8075
44196
15611
26972
24737
6339
43829
29836
10994
15075
897
10262
43960
9410
42935
47976
20760
49389
8569
6953
4745
797
20973
2795
35809
1923
3567
47183
49121
49011
41375
48246
6029
28441
35884
21607
31705
29409
44331
3216
49715
46759
28887
18417
33868
35175
38850
18724
16397
8567
3583
41292
3215
26803
24983
16496
24217
18024
49306
1928
1531
11000
38378
45957
24026
35862
17992
30303
14986
23670
43245
4185
3799
27467
20321
21675
46771
10333
21873
45255
35425
31386
27358
6254
49802
25214
7024
11149
35284
32749
23983
47298
14357
6541
2621
40460
30089
28483
34920
47547
26360
29167
45002
46488
46476
28203
29485
48244
10412
2447
46845
47037
11761
47104
25278
14717
18901
48250
32951
30023
191
18314
40906
24241
19244
12575
14711
34036
9092
31580
8812
32687
3540
39193
26844
41441
36461
21083
15384
39628
5682
38643
45778
6378
33721
4930
12777
45020
7073
3533
39701
44287
41892
2116
32181
40243
26557
43010
22747
20055
24066
25715
37218
35115
25202
3469
29773
13946
32731
36095
35437
23336
45578
19203
36067
3020
40536
16392
45474
11634
21489
48704
41167
32225
22371
48134
42355
29056
14682
38943
18834
10114
44126
37712
25007
29800
25820
54
47861
30157
17342
26012
2247
46419
23749
28103
12692
46487
8219
10068
27216
1793
38107
31199
29965
5195
37914
40125
17844
11044
40163
49495
48700
14010
12060
15862
18289
17805
11667
2117
14479
13939
42859
24734
17630
26163
29204
24073
10077
35795
37137
24116
29631
49048
6401
33554
34694
40032
28511
2942
17024
47943
27679
23445
8795
3635
30926
47040
45252
24372
17969
45636
33722
9412
30770
44491
14765
10321
43147
37395
47329
37419
1963
41838
45546
48023
10638
23722
26047
43952
21172
40331
38020
45182
38555
27662
13182
33091
10490
29009
17188
8342
32736
2111
32959
30679
35588
24749
45204
6676
23121
7907
41337
31298
36289
5168
3984
15944
22456
23175
16928
13733
33005
19034
2355
14904
41078
15651
41118
16517
43431
13921
36427
21565
24288
40923
5804
15116
45793
34367
30641
16651
31266
1906
3924
14592
2364
6025
17392
40218
24951
22025
31364
7208
45736
20226
24669
41277
27129
20487
38171
49631
41977
32349
28488
47957
32644
472
5450
2542
28164
23491
25132
40088
29421
16277
27505
42564
9904
6329
19715
43382
9272
26052
8385
36142
25495
43116
23453
39227
33861
24950
9187
2426
15942
8982
39970
10183
35933
16549
48978
33205
40963
38412
41941
32219
46659
6191
23108
12303
38546
6448
41710
38995
4393
47080
15064
30074
30280
27716
11707
14123
39883
21568
27437
35202
20876
31316
29301
12536
44197
13763
44403
9383
22740
14375
49099
18776
5126
46731
41629
22649
8886
40754
21497
14945
11773
9671
5235
29877
19769
13160
33550
43366
32642
10466
41103
16000
5700
49818
5161
27530
45652
20693
12520
5756
19816
46111
30463
29176
11
47690
19828
13711
30255
40327
43767
41545
16887
28974
29816
35075
17588
35879
28425
34578
14396
35560
35541
30065