7837
45132
27595
8733
2965
36322
31574
2995
29960
31314
6316
16120
46219
32139
40226
19728
45863
45679
23281
24066
39603
19551
15265
21367
8205
20316
32479
26324
36401
18469
3148
4712
7551
36011
22257
4314
35049
33974
2372
30043
30151
3867
1190
42219
23150
43874
44998
12719
29491
21652
22778
41315
26360
15445
37942
30681
16271
47993
42022
12491
42661
31570
20988
9628
10326
40767
30647
34885
26659
34814
32965
8533
31049
27193
9218
25498
45391
2831
26130
6929
46360
13380
2926
15311
35829
46744
10293
22578
44403
12978
15232
37849
28833
7468
20874
38984
1207
15743
15286
13630
5202
36536
27668
9753
47220
25340
883
22331
22695
12608
27587
40605
42872
4811
23852
35166
46483
41574
11113
43754
24304
8922
14278
8227
47830
45655
33384
29508
24141
6570
1378
4368
9427
29097
26675
40250
27278
49807
30449
20451
19303
33330
5122
17003
41758
29210
9994
37425
32734
28666
18531
18022
6276
4593
13089
33662
4641
9149
27368
8225
11630
1626
9633
44080
14602
46960
3189
48463
43124
36417
30535
47088
18621
3229
24176
10526
22459
5849
49652
25875
43613
38116
22129
20349
35191
35907
45864
3132
42276
48128
49041
29673
9874
20683
20684
24465
30756
30531
38025
36488
