90
49
44
83
1
35
89
18
71
68
39
55
3
44
86
60
72
1
67
45
21
5
60
8
26
15
76
80
93
56
13
20
23
70
28
68
37
99
97
73
35
32
82
42
70
27
80
69
63
55
84
94
68
25
82
99
71
51
73
98
20
34
10
92
47
40
19
95
52
0
79
83
11
94
32
88
30
11
96
89
12
74
72
65
16
39
86
44
15
48
75
66
9
22
71
42
58
44
40
46
22
38
14
26
92
89
98
94
8
83
74
97
17
17
6
23
3
98
62
85
41
56
17
46
7
11
82
62
73
64
19
50
72
81
53
7
57
5
2
8
7
36
52
26
97
28
47
2
51
34
4
64
74
20
41
87
1
13
63
84
45
38
49
62
91
16
87
34
45
1
2
85
77
0
0
36
43
38
99
33
76
39
86
58
25
29
76
37
53
10
31
65
81
17
64
24
50
47
66
36
18
12
58
89
61
79
21
30
86
80
33
54
24
52
93
98
52
31
31
91
57
11
77
62
79
88
88
41
93
91
51
53
30
96
42
56
93
66
78
65
28
92
55
5
28
9
35
73
76
49
84
19
59
54
67
2
97
71
54
63
3
4
29
65
29
90
32
13
88
46
95
35
40
40
29
14
66
24
6
68
12
43
57
59
87
23
33
64
8
94
21
46
78
14
6
27
49
27
21
96
60
69
75
63
36
79
67
19
81
82
16
41
61
85
37
59
58
70
25
12
20
53
37
6
61
74
59
67
15
22
77
75
83
69
10
34
9
56
91
78
48
48
85
51
95
72
77
81
27
31
4
22
70
5
96
43
39
95
0
3
87
84
23
54
61
18
60
78
26
43
25
75
50
15
57
38
50
10
92
16
9
99
33
47
45
90
14
55
4
90
42
48
80
7
24
18
13
32
30
69
