39
16
83
99
62
51
87
2
53
65
37
55
13
5
66
83
10
75
37
2
31
94
43
44
22
56
80
74
17
94
57
91
67
85
22
86
68
92
96
7
22
4
78
89
37
45
39
41
20
39
4
95
25
11
58
13
23
13
95
22
88
57
92
40
56
19
42
66
50
9
79
46
76
62
70
94
10
87
5
9
27
97
26
24
83
82
16
89
92
38
10
28
54
73
45
53
62
50
81
93
64
53
64
18
32
91
52
72
42
62
81
96
5
9
68
63
40
93
6
21
95
51
73
24
10
94
92
38
15
53
97
40
59
16
71
61
3
35
48
52
66
64
98
55
17
47
86
29
73
51
23
48
89
45
54
69
14
85
19
7
30
46
99
19
70
78
23
77
76
33
22
54
71
29
30
79
25
60
42
76
66
8
13
27
20
45
48
29
24
12
30
3
25
77
8
56
67
76
1
89
97
36
79
74
98
70
54
67
28
8
38
5
35
64
51
79
71
72
57
33
15
47
72
15
34
41
18
75
73
90
34
49
24
7
27
34
40
73
19
70
86
49
81
36
21
53
84
49
48
4
50
85
36
90
11
0
1
15
98
59
10
61
12
60
68
90
28
87
8
44
44
75
20
68
90
48
78
59
96
84
36
33
63
80
87
39
7
69
20
57
56
18
90
81
6
2
50
91
58
96
65
4
49
3
69
32
74
13
72
26
17
21
86
20
24
71
14
18
43
6
57
38
55
88
76
9
86
41
14
63
69
11
63
38
44
43
47
58
93
88
82
50
2
60
91
32
61
33
42
43
71
28
23
26
64
67
65
37
28
25
21
44
59
95
58
68
96
87
26
66
85
75
77
84
77
83
37
69
35
95
80
47
60
2
63
54
12
41
52
31
91
26
85
75
80
36
3
35
34
56
17
94
67
6
93
52
29
40
12
99
0
78
55
62
46
88
32
3
46
78
9
11
79
7
1
33
65
12
93
0
52
16
27
65
89
77
30
82
55
82
23
82
29
21
61
35
11
14
84
31
27
99
25
39
31
97
61
74
80
31
5
58
30
98
97
0
92
98
74
42
16
84
88
72
59
0
1
4
14
70
46
45
43
41
17
47
19
81
34
1
49
8
99
6
60
83
18
51
32
15
