20278
7312
21446
28005
3902
48845
35796
25951
20050
18970
43243
18737
2026
23804
28787
3974
39861
21314
36485
12902
25231
39647
9997
38604
13744
45126
4232
1027
36778
33947
13689
29951
7474
8206
19558
7405
4423
32493
25360
31457
1139
46347
38189
13695
38925
772
8241
7727
11672
7866
43903
28401
44342
28243
42990
29667
33258
19201
38852
43542
3495
32239
5359
2417
34018
16202
33034
3881
8803
21216
5436
17655
2971
16642
3307
11913
6333
37649
27728
37831
43378
30897
4705
27635
25593
26190
21656
16832
17956
1005
17551
13924
41445
14118
798
46704
51
26913
45382
18474
13764
46417
49575
3586
3270
39648
33018
10448
23743
5059
20223
39202
28701
23330
46048
30082
23323
26990
4527
11216
14686
23006
19088
38394
7847
45112
16237
24971
38455
31788
7720
8658
19832
25326
39650
14366
47228
14082
38806
36416
22404
47539
41001
14089
29035
32337
9279
35143
12792
35222
4873
44375
46711
44061
44120
16858
18282
32226
30866
34249
41287
42929
22736
41824
1694
29895
11373
21594
8028
10381
14956
11345
45265
6620
44723
21309
4600
2691
27391
18217
8727
13564
42155
16806
49793
35344
26297
47896
6536
15858
31688
1663
12818
18458
7622
37667
7582
28874
34161
34807
