15842
19805
1441
27433
17302
27536
9401
47044
34466
47909
21840
33636
31395
5326
47892
23107
12660
22162
24218
13183
44423
4630
5500
36174
42860
10971
17433
41349
14144
39682
8710
29149
957
26609
35162
43607
7400
11485
35643
27926
40083
39212
48280
38878
38521
35085
48219
27645
19496
28407
8579
29711
40789
2762
10433
48614
33106
4182
43811
42859
147
12156
1902
11665
32378
16821
46456
6552
23511
8058
46968
623
192
29532
36292
16354
30958
26227
20001
41141
19902
3644
15631
38377
7802
19855
33590
25605
22232
9854
12772
34238
43624
20922
37754
36863
8956
7502
34580
28733
