32427
44574
37766
43329
10638
13745
27014
38818
45449
21678
10234
41270
41441
43660
12303
29009
3731
4473
10484
22725
10472
12520
6475
47834
13166
24413
49818
49631
1239
42074
41667
2600
32749
7422
41749
34879
49557
6949
34622
18129
5918
29800
31298
17969
3574
17997
986
25506
49127
7193
23085
43517
47809
34662
48978
29816
45793
41629
25132
25508
49592
9671
44714
31153
43516
23094
30280
46859
42935
41337
24328
36771
17992
9217
27912
19019
25962
9187
46051
27272
29753
5756
15116
22219
39415
1020
20876
8529
40243
31199
40637
49741
45130
31269
32273
3020
24035
24567
23983
36552
46759
38171
32399
36465
6522
10271
7204
25931
25007
9272
34918
10652
2117
38107
49715
40536
2705
34694
34172
8479
33550
18308
11
26557
24950
19530
37241
44403
40218
20549
30074
3821
2230
9383
5480
22437
35202
12680
11761
41866
16882
43873
1653
11773
15947
38546
28125
46731
7162
26844
5379
35862
5700
22764
23491
14479
28586
10657
5790
40865
17188
47104
14396
47976
43767
14185
17510
33554
14904
35458
3570
48023
40327
43366
30798
47690
7848
6564
43382
6312
23176
35075
17196
28134
11140
19676
20540
48375
45636
33205
40736
4586
34578
33806
24129
41078
1222
9470
24951
18147
