84
21
33
76
36
65
52
14
70
12
58
45
6
28
96
30
14
57
16
61
4
24
92
12
61
31
79
83
7
55
26
75
30
64
63
22
3
71
51
43
36
55
81
89
55
58
94
37
70
13
54
42
63
33
38
99
10
9
23
12
66
68
0
77
46
90
63
94
93
21
59
64
80
44
25
20
51
17
18
24
28
69
28
21
35
70
9
95
2
57
67
46
44
15
74
74
47
14
19
29
74
67
45
83
72
61
88
35
90
54
40
39
21
39
30
87
78
98
87
84
51
6
6
98
5
50
65
2
79
16
7
75
31
62
76
97
90
49
54
99
38
29
41
49
50
19
27
37
31
58
1
35
4
62
60
82
38
85
20
19
26
2
75
48
95
44
11
77
73
73
59
34
15
72
78
76
3
43
13
66
57
26
80
32
56
95
47
82
18
69
23
56
58
92
73
40
69
94
27
24
0
5
89
11
37
10
3
49
43
53
91
79
5
60
67
56
3
86
52
37
62
32
77
50
88
53
65
98
96
32
60
11
23
8
71
36
73
48
17
48
91
88
85
1
31
1
86
68
8
9
92
87
86
49
46
56
81
91
83
34
53
10
63
94
62
12
80
99
24
35
15
32
39
51
72
29
67
41
69
20
83
27
16
41
18
64
84
28
81
93
18
7
39
71
17
91
25
76
16
23
55
93
33
60
7
97
44
22
68
45
66
40
13
8
96
22
19
57
75
61
81
5
89
90
2
97
97
4
34
65
1
59
33
87
85
0
25
80
26
0
10
14
96
42
82
54
99
52
36
22
40
78
72
9
82
27
59
25
46
30
95
86
98
48
78
89
66
52
93
64
92
8
29
11
42
88
68
70
15
84
41
77
6
38
53
17
45
47
50
43
47
79
42
85
71
74
20
4
34
13
