47644
27877
6551
35421
18059
4687
440
11667
9371
49145
8161
35553
7380
1865
31233
30466
10014
27634
14126
16829
42883
48041
32853
18751
9025
32726
26486
40133
40428
13514
25464
10807
34741
45124
35779
37328
30143
16757
14615
3669
33485
43103
81
23538
45502
39940
4994
42389
10457
2518
25226
49812
1335
35631
35704
3104
16595
38597
3821
38437
10917
47951
38677
25336
17805
3576
29151
38975
36191
8518
18258
33025
22305
37465
42008
21296
15322
33746
6910
15328
42797
24187
45282
5022
18101
29838
41749
35470
46460
10096
43525
29041
33607
558
33616
17398
16570
23807
45760
2681
17982
23304
38788
9432
3924
845
41555
11721
8225
44333
36653
17931
11358
27357
16442
29196
21309
47741
47738
35672
13572
48033
26831
20679
29753
3955
2836
22880
10625
10960
3779
25416
25656
43905
13061
27495
14158
49713
44595
13838
1861
46714
11196
34574
33642
44437
26383
47350
48600
42748
18275
32612
28622
27991
38457
5506
21628
44859
37243
22545
35488
19321
27166
10241
1839
43922
18137
30978
15369
2935
18989
20537
39004
18068
17923
44062
9149
42581
3307
25328
48436
19364
48909
7083
24467
47676
30611
30332
46837
47203
35979
41841
47925
14772
38165
49255
5652
43065
22127
22645
47337
13863
35671
32497
42267
30282
2872
37041
33739
25852
34877
38195
49489
1508
34078
4876
8045
20917
10157
39313
10121
36116
15130
13463
41734
4633
15306
5700
13423
49611
38032
46320
37220
2445
24818
30192
9126
32880
11239
46814
39198
15393
32662
2240
35847
21349
28662
29257
7283
9144
12887
45127
24810
29372
21819
9222
5281
18206
34622
5716
9136
30915
10641
21463
23313
27229
26973
39426
32797
49579
15343
40007
17584
35420
36822
21298
36072
39116
11683
33519
19378
16148
33526
7111
41780
25203
22015
25142
8432
36766
8521
17469
7793
40377
24546
9549
30222
6009
26544
10962
39933
14832
39776
35978
42422
23661
11663
47757
34854
1771
6441
3050
1988
9936
4062
29271
6170
39539
31103
20938
37399
19945
26386
5625
45895
21892
8393
12841
30738
34156
49703
19401
4260
10219
8979
48870
42812
33979
41037
21563
33082
30892
14717
30461
31644
12961
13524
38475
34396
14604
22219
7358
2693
10109
42448
31024
40673
28748
45904
32687
34340
43028
47044
8607
37044
32394
26636
31763
38607
21754
46162
32841
31394
44075
33086
43849
8505
4487
24163
22926
16278
25507
42749
47483
15140
30330
32641
21998
9273
37278
7217
3749
47193
3545
42778
48284
31780
37308
33893
28141
17809
1261
28824
29540
48868
2380
32567
28375
22100
11523
15420
20227
22757
32221
46945
33791
13304
15849
44625
46186
18236
17086
42001
41771
45948
214
5750
16156
45217
32244
1018
45263
38537
21330
17763
2868
8540
16236
43311
22478
33303
27368
35331
24320
41071
26042
25487
33470
25752
24642
41527
35673
45349
38661
38588
43447
44232
1605
40839
17091
16516
45712
5464
46923
38101
12755
31633
22494
36272
27961
30396
29373
17499
18047
24321
10513
9773
13766
44406
40137
45489
28851
29175
4417
3290
32416
34333
18146
41834
10272
49390
23234
8834
8107
17946
21600
49095
22870
16015
43765
