40767
27266
36321
39474
42276
45096
22358
1207
41315
44403
9921
15743
13151
45118
31172
40250
12719
4368
27193
1465
12503
2650
29097
2303
30331
47088
8227
35191
26670
34885
1378
9633
4712
13680
20349
6570
28666
29556
32734
34656
9414
13091
8258
13380
3189
2894
12295
330
18657
4314
41343
8742
44009
9425
27799
3094
15311
3867
35829
36527
47220
15950
25885
32235
39019
26360
28588
21652
27436
43874
22331
29508
28833
10788
15765
29491
43884
2687
45625
49041
22257
23721
45588
48893
14083
37425
17585
24176
27796
47182
36417
29210
10526
16334
40477
32965
6929
23168
29721
5202
2995
1604
17630
46814
22118
38199
31049
28973
9874
26410
22494
4297
30484
18469
19551
22247
19845
21632
30756
47449
40125
34404
24148
5673
45391
5744
47830
4641
41497
8205
20550
33335
35766
8162
21684
40900
16120
26130
45679
38984
11282
28969
9427
11196
24814
16043
29103
42872
10634
7669
5849
49652
32508
31767
3148
13089
3132
22569
23779
46866
22381
12491
39741
883
7551
9753
32139
8922
6182
14409
25340
25225
37592
47993
46363
35292
15445
600
48168
23150
35166
10293
16635
41806
33974
7019
20316
24636
31570
9871
15202
22334
2496
5845
42555
12608
2926
8733
30043
7655
12152
37566
19421
14155
48158
44080
37101
33532
40648
30647
9806
14466
22129
15232
4934
42524
47731
7626
36322
39622
37099
21676
19728
23281
44179
34814
41967
30408
15726
7723
11372
29701
46744
30535
42284
9273
42661
27595
43783
30681
46483
46360
20684
40226
3197
27587
8859
17253
9317
3229
20451
46593
33461
33233
11344
40086
23456
49807
40605
22578
31671
35907
28225
33598
3450
45460
25875
37492
8505
6316
31360
48653
10326
3708
48463
41259
5607
31598
18022
33430
11630
30449
26669
36916
29105
24141
10775
42506
3862
17371
20683
11113
23852
43124
9547
6276
12153
48128
33955
4903
13438
32342
40133
8321
29886
14991
41759
45915
30531
44486
11623
2831
29960
17975
42219
9628
20874
45863
17575
15900
9218
22695
2432
24066
49745
25004
20988
39615
15483
1190
36536
31944
189
33384
48779
42022
7780
7842
38802
16872
18531
22750
27368
36401
2965
24033
45864
43613
4811
12182
29646
32479
13872
46219
44217
8225
15286
24304
16183
14602
26541
26324
46925
7920
14278
17345
18262
27668
37942
24465
48059
46491
24809
12902
13630
226
18764
4502
7301
8533
44330
38025
32640
21873
9994
49369
42624
12978
1401
40636
28783
30986
8387
3707
3923
18621
6752
45725
42765
19586
31574
18545
43754
7514
33662
4317
25235
22840
9454
2372
26194
28601
8738
45655
33289
4593
48216
43950
14453
33756
16271
11639
33330
36995
35049
21362
26659
42132
10214
17003
46960
5657
41574
10830
45132
38732
1506
31510
30151
38493
5361
40204
34848
49111
22459
8029
7220
1626
2385
12037
49598
18314
36011
31314
23829
20492
20183
32757
34685
36763
39603
48427
29330
36943
6941
5122
21367
22604
25498
4608
22778
22419
27326
29673
44998
9149
44096
6558
19174
47950
15557
7837
36488
27278
34113
41758
8939
15265
37849
19303
2494
38850
26675
38116
19122
14588
25171
32311
7468
17341
