44342
4600
7727
28787
17551
1139
49575
42990
36778
35344
5059
14366
44723
46704
25231
4423
43903
7622
6620
42929
45265
37667
45382
30897
13764
7866
42155
3881
21309
11345
19832
33034
13695
23743
14082
11216
25360
4705
39650
46417
10381
8803
16202
49793
26913
16237
1005
28701
30082
39647
8206
46711
12792
3270
29951
26297
3495
17956
11672
30866
19201
16832
8241
4527
33018
20050
4232
13924
3902
25593
34249
8658
5359
13689
31788
21446
9279
32493
39202
34807
37831
35796
21594
14118
798
23323
39648
6536
2971
27635
9997
45112
12818
31688
20223
14686
1694
16642
38189
16858
