53
52
33
69
46
86
74
73
18
66
98
99
81
13
83
96
34
74
85
6
25
87
87
35
84
30
68
83
64
79
26
39
93
52
30
89
22
43
44
3
78
6
57
56
40
23
59
40
14
66
4
29
50
43
90
11
42
94
92
59
50
82
31
2
8
27
7
45
27
0
38
24
97
88
65
22
95
76
64
13
45
68
15
3
79
5
60
19
86
89
96
75
58
18
35
76
10
60
15
41
32
67
57
24
33
93
98
63
9
26
80
49
55
17
81
99
1
34
7
72
9
70
44
69
17
20
32
80
8
51
53
29
72
84
38
91
92
10
61
62
21
36
88
4
71
85
55
49
39
20
61
1
90
47
11
62
41
0
65
21
42
58
48
94
28
12
37
77
97
54
77
5
2
47
75
16
19
36
46
12
70
82
48
95
23
54
78
25
71
56
16
73
91
37
63
51
31
14
67
28
