70
8
70
34
55
81
59
87
66
64
53
74
9
20
73
32
52
95
2
75
78
31
82
84
76
98
54
3
35
91
20
99
40
90
97
60
32
3
73
40
25
20
13
94
7
46
98
33
34
50
71
58
56
1
53
52
21
94
83
73
37
86
29
37
81
92
99
56
77
30
37
42
41
2
27
76
11
44
23
89
86
65
72
87
59
52
27
51
17
60
74
70
48
72
10
64
87
55
66
80
64
14
46
11
63
84
38
98
61
46
67
62
57
3
16
92
33
97
69
29
60
53
63
19
77
37
50
31
64
52
88
56
47
71
65
27
23
93
54
0
42
25
55
90
90
49
15
39
49
9
6
50
79
72
95
54
88
18
17
43
45
75
81
26
7
85
24
69
67
97
31
32
42
2
66
57
17
58
60
18
5
28
61
68
41
4
43
59
82
65
99
47
1
36
58
14
40
30
89
13
18
21
0
1
57
14
6
66
96
8
38
88
15
24
87
83
39
59
69
16
25
38
46
47
51
12
86
72
43
45
93
92
0
4
50
91
44
31
85
53
76
84
82
96
93
91
76
79
77
80
95
9
21
33
5
15
18
90
48
23
10
10
29
22
30
69
4
56
91
89
41
55
8
83
44
15
28
17
48
65
7
2
61
42
51
16
71
7
22
54
75
86
36
19
80
71
63
6
47
23
26
35
73
45
85
61
33
89
78
70
62
32
96
43
74
1
96
49
26
45
5
13
39
57
12
36
27
21
10
67
44
38
0
9
35
84
30
13
99
98
34
62
4
8
79
85
5
6
24
12
16
36
22
82
63
28
68
35
92
79
78
40
74
51
11
68
19
14
49
26
58
77
93
75
67
83
41
20
19
28
24
94
81
78
68
88
95
34
12
11
62
94
48
97
39
80
3
22
25
29
