24413
41270
7041
5918
20549
29800
10484
22025
48375
4473
33231
33736
47976
22649
6475
10271
15651
10657
42570
31316
12520
27912
12303
49715
10472
5790
8549
43010
31866
6949
31269
23491
26052
25508
10525
10234
43382
24951
15903
13725
35661
35458
2426
19972
27272
1653
48978
24950
49009
34578
35732
23404
9217
3646
20741
24328
25203
35202
14185
11140
28887
26844
40327
24551
11
40736
3242
36461
25931
33722
42935
32471
25132
32399
34172
40243
43767
47298
40536
12680
43873
13769
8529
47834
41629
10652
7422
26795
20760
36552
49557
45834
22725
23983
40865
40032
34694
5235
5161
43232
1239
39518
19816
36289
26557
25278
17588
986
533
49592
3574
17188
43516
49818
43517
35902
44574
46245
22740
32427
5756
22219
45636
6448
23085
19019
32642
9272
5379
40637
14904
33554
8479
15947
30280
2600
18308
40476
40963
46759
32273
41749
40266
9383
43329
35928
4586
48745
6312
28134
38818
7204
10638
46731
23722
43660
3365
28540
34622
10402
23490
16027
31276
9671
24035
44714
10862
24129
2705
45793
41667
39415
41545
40088
34367
34918
48615
35862
41078
24567
20540
49631
20876
30303
15116
8342
7162
49370
20812
17969
31199
34879
17196
13939
36465
30546
40218
28586
4537
44403
37241
38171
6564
38107
29816
16392
42074
33496
7848
17992
21594
46859
25506
37766
7193
19530
27716
22764
13745
44037
45650
11761
47104
29965
18129
33550
30798
31153
25007
46051
38546
36771
33205
5022
13166
17510
41337
6522
24322
33806
10508
45130
37878
5480
42086
5700
23176
11773
30172
14479
526
43366
2117
3731
1222
41866
30074
49127
18147
19676
34662
47809
3570
26865
35810
21678
35560
29753
32749
1020
19828
37615
25471
15408
47690
28125
35075
3020
41453
9470
3821
45449
27014
29009
48023
25820
41441
16882
31298
2230
9003
35326
41977
17997
14396
22437
25962
9187
49741
23094
