52
5
35
41
16
71
37
81
48
33
25
54
63
91
60
7
79
26
8
89
95
46
87
64
32
27
15
69
21
11
53
83
84
38
46
20
84
81
39
16
43
14
85
48
0
3
86
85
28
99
22
33
33
32
3
18
41
89
25
36
64
68
97
6
96
4
45
68
40
75
63
62
83
55
8
69
97
66
70
9
17
36
38
51
91
22
13
40
63
60
56
13
49
66
37
74
74
92
94
4
27
12
95
78
69
67
98
51
31
6
48
77
17
94
12
18
30
10
90
19
95
57
75
87
62
36
93
84
34
47
79
74
23
31
88
10
34
7
86
64
50
41
23
90
19
58
20
34
54
12
16
31
76
91
76
4
42
14
61
17
30
47
38
92
44
22
27
24
62
80
43
35
97
83
80
28
37
65
79
25
44
82
89
65
80
77
42
29
59
75
72
15
3
73
5
20
81
52
61
90
43
82
40
72
98
70
61
5
58
65
56
58
55
9
29
14
88
11
39
1
49
67
67
72
21
93
1
46
71
7
87
57
86
53
6
59
78
56
44
15
19
47
11
2
55
94
21
92
0
73
60
93
73
28
45
23
88
50
39
49
35
59
18
24
51
45
99
42
66
53
96
52
9
50
96
1
98
70
26
0
2
8
24
77
76
71
68
29
78
32
57
2
82
13
99
10
30
85
54
26
