47237
14034
33115
19792
4599
35638
31398
37538
36476
10421
22860
4764
36194
30570
33527
32359
47093
403
27763
19971
5801
22208
13352
40874
33852
29064
1998
40846
11521
27037
41808
10163
30316
9847
4353
4633
7083
14266
38920
42476
48435
46077
28798
9403
2098
15595
28815
44820
22545
20948
37250
17517
11974
10550
47282
23511
14573
7900
31180
811
9372
2404
45399
29610
21678
5411
45197
18531
33935
10073
13997
29104
44970
22335
21868
41342
27003
8409
34220
31937
44763
14784
19845
2904
37980
43398
39372
49837
6130
4662
9209
30233
19083
21639
16999
49372
23882
37774
37337
26454
3027
8417
4494
48451
9294
32894
39812
21521
37737
24092
8462
42264
23239
35769
3465
30032
47227
3016
348
1862
26530
26658
17487
12748
4503
2670
16092
16480
23248
37224
36867
40774
26936
33248
6925
8454
39980
8285
41776
28558
1850
5935
5618
2276
23292
14920
12871
11089
9925
14097
11473
45836
44074
33193
5726
12835
17662
44236
46243
13908
39802
29955
41697
12150
24494
25741
5223
47445
38061
47713
44770
36931
22932
21768
6217
14508
32563
18391
32631
36423
40849
48426
1266
20016
36236
31247
1097
29297
28775
1768
10209
406
46749
10241
20977
39991
4279
39627
36474
16686
28074
30720
31323
49865
1233
25467
25138
29981
30403
25153
37645
34072
36611
21890
4826
28744
12305
9154
23236
42029
48706
20332
37406
380
41750
29993
4939
15489
48516
22350
45667
48012
27476
33150
47272
47859
39554
43667
25256
860
13470
25791
23187
2026
16403
5955
28461
12587
9744
11555
46207
26404
30600
35523
44208
3616
33552
19447
37933
27094
39135
42037
27088
14938
36883
45111
7260
10291
40989
24529
12308
926
5147
26258
27158
18400
23033
2544
41761
43591
25139
6186
22873
36350
32042
33843
20619
48951
8243
15521
30830
14893
10917
15546
12843
27320
8146
27771
11037
6573
37779
37934
47297
21249
8131
27387
5923
22337
18062
32666
15983
6702
21224
16632
1765
44776
45929
10405
29572
48440
40958
44908
27399
23787
4350
43961
14369
17159
35398
42997
1121
18239
14466
20081
21360
17227
7206
27534
1351
30371
24171
25775
35388
33831
43884
20685
26042
10160
20961
8139
6240
7269
27549
46680
25916
46901
19953
2551
25248
982
24674
27258
15071
10171
3138
6456
45005
16342
5796
42066
44722
14794
22436
29605
5566
34066
30986
22962
23185
25886
12394
1087
11693
2153
15572
19177
12125
25934
35068
26912
42261
7674
34346
39560
32820
7629
46637
369
25454
43609
5288
21268
48190
19548
28291
11908
12041
11437
41120
7597
43982
18948
21221
36814
47734
25109
12723
34681
48119
40764
2066
9617
48325
11149
25185
17756
10856
27791
8927
21512
22907
41375
27917
22900
49835
883
11167
9994
22144
35315
45615
2239
39102
5024
2578
31239
31364
23513
49791
28662
33579
1239
543
28088
28929
28054
24247
13402
34904
24726
4061
10417
15015
24957
45285
49213
17963
28059
40335
41437
47086
20762
16594
3035
2025
14356
39495
23798
35515
21840
12502
19152
38285
17097
43774
38144
20932
43021
22101
194
23105
15235
15193
42954
1497
6427
46132
23096
20376
6147
26523
20208
29959
48908
7727
34985
15463
48916
3628
20713
30028
47267
33454
34810
26589
3256
41927
37283
43886
5575
16699
12632
14988
11302
16113
16677
43552
39439
25384
34734
4149
17816
1848
43291
44632
41577
36940
18705
27460
8370
22195
21316
3742
16916
26400
2944
1617
33839
28916
17698
32763
42113
20538
13247
18086
36202
15584
45226
35932
30132
6344
10814
27022
41790
8546
15229
31844
41542
49339
49549
6879
13614
13170
33354
46809
16486
5673
41033
539
39984
13516
5921
1451
5811
47560
48634
13876
19799
49533
31299
31778
3150
11116
47890
9446
45632
37930
40226
22124
43836
32185
26332
28940
23553
33646
33504
35985
9202
14585
6345
27502
38082
21161
11391
9141
5388
28190
13165
48507
1180
27810
3247
48962
34169
2822
36982
44102
32698
10467
49632
40819
25329
12849
4209
23052
12004
41327
46716
13219
21792
34842
2783
33638
15222
4567
8424
18437
31384
16966
19657
45551
4322
845
8332
14005
18555
14475
26940
25507
41064
35798
15334
39679
42506
25705
37078
10053
21492
38904
412
40292
30059
24977
38490
39561
21654
32218
31318
49418
877
849
19043
14366
42526
7594
40824
5559
24375
38404
20008
45903
25625
3087
41839
49114
36266
42405
26074
20394
48858
44186
44240
13784
4740
12146
10294
18351
31434
19423
27789
39113
27544
36124
8025
45442
5449
23721
22003
34256
8326
6992
4088
39934
13538
21287
4747
7428
40418
34785
4287
6884
17919
30078
49591
44341
18476
6169
36060
5806
36387
26170
40322
11688
17098
38028
3458
35109
5602
14078
13051
25453
23119
21145
20201
32796
41753
47627
4751
20239
43375
22544
29968
36816
19322
49106
11904
44087
18938
28309
23403
34248
38858
17100
38826
19979
46686
41871
14973
13109
1372
38165
49198
20774
29476
5272
48295
16009
9563
14476
7858
9185
2216
6709
13374
26778
32560
29134
11949
18918
39977
44756
27663
5499
49750
37881
36146
48759
26626
44286
29103
34130
14663
17152
2679
37874
4799
48605
45749
5237
1221
5491
11220
45254
19955
7944
26293
46422
28884
17127
37108
40842
10118
34905
3331
42390
5466
46933
10584
5631
40314
32866
9321
19956
49407
49674
35079
39284
47876
10328
3573
22611
42491
29635
38770
3317
1340
9677
26492
41041
13478
28385
25476
32011
44716
27786
26440
857
42789
25973
214
3923
26372
3373
32230
25904
24999
21098
33189
22830
10843
17290
1861
32514
15306
35162
45196
26336
33626
2426
29231
5350
23900
27149
7884
40224
49349
13135
19641
41841
23952
25873
29342
46874
23895
8138
31655
21662
6010
13580
47018
12995
40956
43052
45784
43919
567
20181
32613
49300
25286
44134
40127
16710
8001
35046
25616
29976
36902
216
5578
10431
78
8389
800
18193
44339
14828
1238
33306
42485
30796
49751
37387
44645
2235
5626
23330
7211
44797
44596
24812
22042
38579
34241
31431
20642
44432
42350
28324
8621
16816
37558
25202
40397
22462
27794
37525
25605
32896
6812
39625
27447
34135
7121
10993
17305
46944
25044
10360
18764
994
37366
13049
21427
7889
44044
1805
3499
20730
44845
13254
22074
16909
36415
14644
3762
26886
32826
26629
6170
46258
23045
21726
48812
44964
4144
8524
35654
48322
22164
22048
11075
27854
11285
10336
17554
41106
8559
33104
48288
11380
13251
44809
40102
24098
22366
11713
42028
49916
40446
17627
636
15289
47454
30727
17191
8148
20613
32827
38232
45394
25022
12661
19873
34787
43173
10330
32518
23661
33901
35340
45458
49144
35886
20038
18999
10043
11871
12519
45650
42902
46219
31335
36394
9756
23669
23446
42342
20498
34321
38371
35235
42219
12320
18098
19958
9333
42681
32997
22650
17818
13212
7364
34729
8445
34100
10936
34299
12051
44397
28083
42685
22818
7305
38683
15131
36370
43417
19941
47822
18177
43615
3991
48416
7297
49297
45252
39779
14374
8749
25783
20758
21891
20377
28414
15100
15213
21973
37777
6150
22374
32711
4523
11448
26160
40022
47101
43411
25897
42082
6638
44850
19495
19336
24134
29643
47578
30141
20530
11422
30692
35114
38886
37160
47056
21664
22875
48624
10822
20632
16530
24435
28202
39787
5684
27021
12533
29924
11595
5068
48733
36036
22782
28350
44267
28201
20809
37470
12967
1822
32978
21187
45144
29668
14798
13456
10124
37714
10363
21495
18746
11874
5703
17393
15304
44471
36900
35349
15998
42488
30706
4390
49438
6442
1842
44618
47737
27616
18548
38493
42872
10266
1857
47507
29567
23497
12540
36153
27935
14311
15135
45002
10593
14802
5439
26086
44219
15038
29499
21773
46666
19473
4303
39604
31737
7158
18913
23132
47110
38182
38519
27201
6092
14675
7487
18283
10159
36481
6742
24486
44525
16329
40209
41164
11449
41407
17856
16214
41993
14113
34639
46663
16648
17715
31463
21484
44744
29700
16008
14890
34924
25706
32294
35443
16720
39119
12263
9657
7970
10512
13533
2419
29251
31836
6935
11596
27579
44142
30684
39350
28323
15142
24159
31212
7123
31416
35920
39246
49337
39839
13519
2044
34873
16882
27185
20716
24833
29111
3206
30135
3214
17122
9550
26131
1328
12267
29175
48590
6583
35584
37347
6368
17311
10179
41668
12907
2618
43430
32256
16043
21290
39028
31961
26684
49313
39291
13266
10966
23262
20076
25268
14820
37328
27642
43650
44257
22039
327
13647
41842
36808
29680
22949
2953
49532
9662
48454
30369
11716
25927
43446
2266
13927
15295
37390
5417
43080
7666
45992
40047
21881
32745
46848
19679
40363
34596
6339
39862
6570
41245
41334
809
42628
46421
19949
35300
41042
4611
21770
9031
8539
10535
32209
28609
631
27976
15644
49890
4987
49222
15341
9332
46210
5939
37792
26248
1587
35006
29437
46499
26254
9017
42553
25075
45003
6826
44095
28016
39723
33863
24204
46389
4015
18877
43598
12944
39406
37416
13958
16307
17741
13679
16800
9643
28992
45574
8805
42717
27339
46807
48696
6761
2076
47395
38280
27551
35598
47531
6959
41780
12895
253
46513
38452
5847
34618
24251
16280
4834
32633
16103
8578
45839
49433
12233
11291
41458
27704
25702
48637
44223
23698
1473
17959
26854
45447
38800
28860
41214
49105
43994
10969
37810
37716
30455
5498
12672
17188
27314
30859
21601
43406
28549
10594
35718
49401
7893
7907
21004
26804
1487
19789
12998
46840
497
38234
33161
40067
12275
22165
36692
9537
945
36923
25967
4250
1281
8390
27356
5376
31784
45412
13651
48585
7704
21993
26819
38356
25017
14377
45521
41704
24499
8324
19464
37500
27793
35419
24663
3095
15712
26861
34449
2747
22756
17158
43969
30448
44638
19664
37308
42669
23285
18373
24915
11262
4217
45827
12697
2741
30846
20795
47764
19886
39048
20926
36919
16213
20898
28438
47375
30688
19073
16954
4812
8016
41609
46101
45477
20871
8982
47025
27792
41651
7023
7293
11123
12271
48114
4236
35884
39486
12781
18341
15091
16365
13235
45265
3397
31462
49898
33307
30803
35493
37112
564
40087
20799
39568
5889
34390
29812
49142
33837
9932
11095
18120
37790
5335
41274
33342
9794
35851
29287
19795
18579
46843
34193
34484
43313
8972
45711
31812
49984
38295
7770
1541
47586
21211
13851
41602
44686
35099
26877
45452
4839
39549
47122
13574
19974
12763
30440
7456
32288
3945
17678
30079
44166
48228
5601
34445
16566
47193
39211
45244
30982
12859
1696
25174
13475
24196
48607
49902
39093
45888
32588
27294
41145
30861
36102
49502
46099
9745
47852
32095
14321
37042
32840
35324
9981
11354
23429
45919
9658
23686
45049
44019
16656
14490
3082
33280
18474
13262
28338
26515
1431
35686
43265
7171
34616
40940
48891
9253
45648
25630
12329
39329
2600
30066
34175
16169
15449
41611
42852
47692
6603
440
18101
48179
16441
42041
27904
29138
2263
42046
21955
30467
23653
12727
30203
44768
7344
16377
20395
34219
22522
15428
37789
29080
43474
23244
19450
37918
34576
18925
16176
48826
49347
3823
18099
1280
14557
26706
32534
10734
8658
23750
36464
22080
48349
35143
17782
24218
2137
22548
1945
18292
2804
45280
45904
623
17167
23885
39600
30419
33169
41004
24237
47109
33272
16126
3485
8195
41838
46941
11828
39297
47843
1312
7775
45495
31276
37152
18314
11221
49331
2231
43691
42324
16004
8158
15577
20390
17197
22550
6896
13145
5767
19065
36631
3746
32059
11501
34373
34234
47719
32883
26855
2440
27095
16330
11558
37335
2722
18388
9772
38873
32233
33495
17156
21269
26118
34206
17425
38860
45065
18670
39333
21875
80
7932
35458
15496
9048
35665
26108
39307
30849
27332
43941
15620
20779
6124
9098
34995
15017
43340
17761
48877
8485
26611
4728
36725
8076
40526
47623
9779
2975
7254
4689
36877
5682
734
1999
10388
33875
2468
9896
9992
46587
17886
46812
34881
41741
31260
49415
17603
13444
36605
26191
11275
28542
23954
10117
47147
18693
32782
22315
1901
28023
3340
28206
19666
48530
17638
40771
5958
812
21605
14506
6893
43579
5210
7471
22290
47808
2621
47135
35424
3966
6633
14164
15159
3303
44681
42795
28024
11825
22563
18870
1749
16168
23806
27285
123
18726
15325
18043
43631
14735
3048
28949
8333
2899
14844
29886
32873
4489
30949
41095
46765
26215
33184
43965
44187
40808
1164
8435
9807
16923
44402
28654
22642
7029
28352
33698
5282
12774
43084
3660
7623
47984
1247
13473
24979
5337
42922
21490
10270
14699
9319
14567
8431
7498
19982
20506
48936
11408
21995
49095
33603
15136
14360
35028
40706
3750
8725
35692
16269
4259
41022
16962
33960
37362
23289
38968
38712
4404
24988
25874
27389
46636
38848
38085
7470
30172
3489
43541
47542
27826
26741
35288
14101
38540
33653
10105
20212
36515
25740
39053
21058
25205
9152
10347
19981
44609
14353
32357
7818
23913
19500
43829
30822
43019
1054
7389
12790
28410
2034
28628
8611
44873
15192
29
27526
32716
36597
19377
22325
8398
15383
4805
28375
6784
40010
8694
8006
44883
6431
37664
45314
1975
38109
9452
21162
40440
9592
28132
7780
31045
30327
32822
20279
24150
27449
9570
2974
14595
10927
19727
6859
45910
13914
9356
28038
13481
37414
40344
36037
32965
32133
13752
1230
31406
46952
39120
33904
29088
10919
40018
37783
13936
13460
39175
30113
25718
10106
3854
193
13953
31852
15429
31031
42164
20269
39864
36182
7232
29527
880
27989
1681
8015
37180
41182
27042
30045
31988
13400
18491
48584
19279
10448
36413
3297
14239
17112
30099
33002
28097
30927
27974
16205
7284
49715
22432
29166
34436
18904
40013
38054
6159
13484
31266
3566
19333
20946
47736
21576
28077
2638
37035
33577
13195
20023
24409
21777
48593
43004
40441
25585
28959
9398
41238
42119
25264
31581
9097
28093
3908
33640
40266
19675
40284
40910
35670
9525
31831
17578
15615
17553
1294
3132
7956
17745
13604
29232
32544
38013
43889
24353
15027
35842
28272
11403
17444
17385
42300
32568
3530
23334
44951
34923
38577
17475
4505
48837
21388
46737
43236
23747
38790
40409
34754
4790
15549
3261
44881
11464
262
23397
29148
35896
2896
29295
48430
38170
34305
48032
34506
22729
27350
9396
22104
24045
18795
2579
39442
46823
9124
38025
26260
33324
4537
14095
44885
27355
2062
6962
30342
30275
49099
32795
47697
9087
38432
2588
40460
28778
24700
83
27495
315
16394
15439
46761
31381
46596
30964
7130
44439
36234
24864
35220
16501
33050
10860
20373
4024
26836
23441
19481
10906
2662
7447
19060
27292
39730
40862
6174
38843
747
49248
10279
11957
14291
30276
43637
16444
45868
3344
10612
3605
1244
4475
29618
48084
24269
33446
23128
42952
31395
20491
20949
39814
2344
22257
6682
41631
42650
26725
18353
11560
822
24096
19349
38222
8407
26885
30601
46218
26398
18382
34588
7120
8109
42939
19347
12255
1269
6745
12983
19434
39759
36151
43460
38256
16908
38522
27651
1357
40527
3827
14292
43680
3119
13993
49807
18103
42139
3285
33639
23301
9781
36421
1568
11804
5437
9699
22488
19079
18020
39166
1371
13971
11732
26531
35369
3738
17790
47191
30476
25569
20792
10020
3148
26545
18131
20052
37479
24067
33578
9653
8710
37977
35990
31860
44640
30134
17390
691
25165
38466
34098
17620
6844
16579
1059
22338
12015
35183
46265
7957
20487
27181
48097
40114
47404
24907
14979
17205
37641
30232
3419
13910
21305
28885
18483
23025
23434
47131
2408
4709
29183
10479
32191
37120
9601
36499
49676
11288
49151
43073
11958
2121
35044
5681
27673
26263
12250
27064
29121
30592
4708
27380
14496
46695
4516
18219
40844
16896
31498
20618
26088
42990
22997
6678
43293
29626
26891
24690
13858
47165
41028
21209
42447
41775
14006
14396
46610
27670
15802
24944
2744
44935
42947
35108
44518
28813
13946
8425
22628
10285
32304
29908
38615
13175
30811
47961
6181
4573
46728
26995
18233
46139
18987
19505
5329
23833
3841
14942
3593
7358
42352
48464
43468
31150
7540
24920
24599
10323
20471
10592
12794
2251
1166
882
46609
33464
34088
35333
42207
2383
45137
437
32619
23435
11822
3445
34695
33510
10815
28
44889
3863
2816
9102
38368
536
26978
5034
22996
14846
703
45754
7328
49538
13775
20813
30594
23736
6012
40113
14222
9718
49858
36409
14458
21135
45818
18041
16619
28796
39842
40947
41410
21553
2964
41512
19612
25376
39940
46707
33239
3111
49175
47463
8706
13919
16165
9342
26071
8423
39189
15138
34382
40489
35229
23214
37724
28466
15799
34140
17865
11104
15037
38415
44769
28862
33672
13191
43713
49780
30265
31861
33491
3128
48015
27993
24967
12425
48044
17101
36407
14824
25946
23369
33821
40461
38684
20968
16493
6661
36307
3260
10940
10283
27584
17342
11094
29365
12349
37107
18472
39389
14330
39714
29853
26422
38155
46909
31109
9204
4927
15852
13298
10280
31046
22212
49933
47464
14192
5
11481
49586
46065
26667
29946
3928
40139
26561
28334
40170
47082
30844
44321
32237
44788
834
5829
25696
12599
44872
27928
42411
34121
41649
44473
47275
13769
13208
49200
19719
49634
9118
42770
14040
47327
47295
43026
21734
6915
18199
17178
44097
41264
48692
13036
22971
36660
10566
27247
16127
17509
26732
2357
26642
49659
14874
5130
47521
6842
35893
1833
49062
22862
12910
13118
9069
3723
46658
15740
4459
40586
16633
15894
43624
15631
25812
47790
1447
46380
2321
2313
25707
44608
21140
47794
11714
5593
34473
34384
22770
7555
46203
141
48230
4676
36361
31764
3225
44192
20591
6526
32202
48847
45901
17173
21926
44442
41605
14090
35482
26821
45997
18552
19233
49883
16515
8793
36667
12447
47296
33725
7951
46216
46779
8997
9369
12032
8753
7807
8736
39544
48224
29322
49872
7079
6652
43605
31211
21539
21708
16760
43310
34403
38094
43830
40501
27795
20925
44419
21821
42771
37846
13620
19601
18961
18157
28963
47370
37434
26551
12172
29849
6251
4859
42968
34829
17499
33066
7782
45611
26452
24976
45668
34646
18160
10912
18282
45064
47534
35461
5751
5344
30923
41368
1222
41663
42912
14153
37110
39865
42958
18625
1924
18672
35154
41079
32593
34319
29672
48898
8375
48053
14563
30122
26282
44778
25671
32616
8898
40331
40403
32909
2540
35280
45106
29355
45266
33429
12053
7949
21442
27473
44317
24705
40585
37005
7094
42457
19181
20172
1726
27116
29472
7716
19865
29019
42711
41789
28437
32301
5537
17259
4830
46657
29990
19237
32455
16463
37581
38334
40445
26703
18519
38016
6862
12192
38845
27505
46473
43783
10155
22443
15880
45213
43601
36035
17694
36818
28442
25607
48521
16131
21597
6607
6584
5865
43106
19935
23964
24052
8258
46294
15688
14872
19332
47478
44020
40252
5007
19943
29443
24340
45145
48881
41954
16875
18322
49394
24635
20312
32792
39385
46515
48090
3798
606
31948
18246
37125
35698
33635
26043
29725
7064
43319
24584
49556
36773
5175
44526
47175
3567
49562
45471
5573
42874
44800
19555
24208
32329
48740
34105
6937
30558
30462
19323
25789
25795
36454
1823
22158
1071
21984
26682
36789
44616
2886
12346
3176
18267
47480
8999
44655
40542
28784
37850
17240
20223
49134
43895
8314
27069
8872
42695
34945
48722
41157
257
30510
39472
13104
10188
29277
49053
13183
11098
9532
36172
3319
49655
44578
30404
37787
7715
16177
30306
11418
21707
34296
42431
22495
23675
20411
1781
43603
14853
38492
32413
12539
36011
44395
28236
31779
21573
43960
49187
12169
31546
45390
44584
23522
8630
20114
30715
35721
17446
14816
43732
43388
17094
44408
19739
11735
27213
38335
608
30016
20955
644
43656
21783
24465
42531
19907
16174
34689
12132
3031
17015
26889
9289
2555
4034
40648
39804
11620
38680
3374
47754
16370
49058
23393
43594
41823
9731
44771
2477
7657
34587
29891
9252
45162
15630
42398
34029
39392
6223
31931
23962
20543
9004
35818
33143
36246
38899
4137
43396
6453
18799
15776
44259
12767
2685
6424
38363
35635
24332
1289
29120
36896
36477
13525
22871
33589
30292
523
19599
44540
240
42243
12867
21911
9405
11976
23737
29081
10346
25382
47670
28006
44723
19067
30024
33222
26621
42376
3720
44301
11887
32221
8834
27228
10257
25288
18727
28409
25463
22032
604
34136
28731
37096
40361
43463
8345
19345
48658
24594
3101
5717
31858
44495
46147
21517
15727
39024
26098
24160
45602
19134
48725
39141
29757
8154
4361
13392
2508
46953
28406
37563
46584
7935
25394
19432
28546
21259
33968
27235
7608
30547
8788
22527
7179
35371
25979
4095
1038
4748
15040
5317
46029
23813
2159
23634
12559
16379
45765
4290
1030
37189
23001
26198
39762
14993
21153
15540
890
7306
38046
37371
44274
48371
46467
22909
23211
28121
8204
35874
41
36505
44940
2164
34608
4407
5307
10608
33360
11770
14966
3714
36004
22708
2412
16545
44203
12431
4937
34190
30564
20469
12887
42143
31487
7001
25956
14278
7789
10024
30611
569
18594
14952
47261
9080
20230
2485
30916
41619
43610
19518
7694
12084
3009
5481
8357
43113
13009
33030
25936
7073
16645
44233
35807
34014
45701
29721
43687
32235
40246
46069
22610
47119
30853
1913
2735
17679
46220
40590
15251
37047
4182
17337
22392
35152
29740
40203
35483
30695
20867
25238
14357
47134
48289
1068
31174
43976
41546
46855
46152
25871
11634
14677
22680
43399
33747
26298
4125
15261
11241
27163
14704
11201
44734
48846
19167
24176
6411
11143
44696
13312
10265
29916
27529
16674
20875
37256
26543
38184
33502
9283
30304
46428
23785
19170
1946
47804
21901
26288
24995
19989
36501
45338
27542
26109
4373
38846
44263
43817
32087
4753
33984
33764
31222
33709
6432
9101
38626
13147
607
32013
29684
41935
2880
34167
39937
8446
25514
19568
8589
26199
34076
10643
42111
35291
40232
12565
9980
15836
12738
1818
36652
17469
11365
9967
29299
31826
9897
10670
20523
46617
33456
14633
16116
31704
19277
35946
15466
27621
19485
23498
49582
28131
47354
1359
31327
9669
22572
44119
35390
47739
27418
35145
29837
24968
43440
32885
22684
20865
39641
25484
21616
31504
29737
8535
15580
11007
23256
3684
1782
29944
16775
31041
18459
46193
44579
22478
41940
40836
40079
47089
34085
33587
24900
32847
17372
40869
43809
27345
2403
10541
23935
43514
38175
29181
19668
48263
18209
28447
31664
46683
1633
3281
1699
18911
18405
33675
14019
40926
9873
41414
21214
20756
22542
14656
32182
36732
10614
32131
19149
13634
45640
28905
24994
41049
3442
37623
48002
44952
2690
8537
10992
1982
19843
34106
19376
24328
16017
32040
15666
42545
29419
14297
27582
19528
30314
37868
21547
49497
36220
36922
30787
16961
28305
37082
44202
2006
24301
36969
16247
34084
3145
1317
8096
1904
44611
28020
36439
42696
46471
12787
19238
29919
8114
36095
46619
31834
35409
10120
39237
40715
21929
32940
15734
49958
39833
37076
43071
28617
910
498
26726
39563
12278
17020
20293
44583
31903
34841
31360
26031
36795
1329
33802
37031
18158
37861
24463
6849
15377
9125
20876
25695
6235
29119
6500
44989
25813
9375
27434
36322
28377
8897
28792
46001
7533
19634
23000
16829
32641
43827
14112
2382
41930
49613
44813
38398
34429
47788
6141
10100
46392
7266
8070
24337
11681
4723
22534
42528
4128
46012
40277
47836
32168
23327
35519
25488
21334
3348
37517
35432
3209
45793
48178
719
44304
40632
4979
18058
40671
23666
30136
39371
33196
23015
7518
31482
37943
20406
31526
10247
9556
28289
24877
13278
11334
2844
4159
21171
35468
24613
16625
30163
29512
14730
33593
21466
37381
42639
36083
45865
42914
3800
20970
1505
6932
13912
44024
10386
10695
37766
14275
43331
10395
36197
18346
1522
20034
6263
29535
39683
38832
36063
17873
38305
38297
38699
36753
19763
20467
38647
28045
19213
10096
22230
33520
827
17505
49682
11707
46352
44482
15185
30532
23085
16536
46505
48106
24762
24629
10827
21481
3535
37051
31854
6549
49091
48563
48828
22269
23668
61
26054
34625
39860
14513
14681
11217
47324
31086
44997
29754
38590
21738
2837
32590
16604
45325
41714
32572
43943
23199
6353
31940
36658
6075
18617
14463
23170
13300
45260
36449
8463
49272
29481
6412
16076
31821
37334
1399
22471
12277
968
15697
30896
45455
31291
18261
3030
48745
47251
34295
42201
7296
48763
31975
49346
17876
38129
42661
48531
23717
17430
34188
28810
25867
8841
40372
34498
34978
14339
44433
30724
35203
38478
25389
40891
44460
12061
44334
39015
37791
25926
42644
19984
11966
47603
8790
27886
28076
40454
10452
31701
32176
7817
30597
25105
29227
23222
3525
37139
694
36714
13138
38383
49559
13405
17563
12207
39894
4429
30930
4889
25575
32453
14306
39891
39154
2254
24855
22772
32930
30251
19839
38041
33346
32117
3510
49553
9902
11496
26564
15115
41361
2087
22897
44879
4169
20100
18603
40390
28426
27875
34141
47775
39558
29184
22615
24836
18683
27016
42835
16083
39460
35122
6885
13257
26195
19999
21976
4033
33480
41797
7391
13901
10552
16042
28311
8147
10181
31454
9481
37569
39279
11001
12595
39373
7104
24777
17880
35363
5450
39973
40975
29682
24266
20221
47469
4382
2009
9552
8267
10851
21614
9914
6572
41621
7281
36078
25801
40593
28318
42154
16180
33084
44757
40602
47088
24441
12416
8569
4683
6013
9145
5269
15663
8923
8164
7109
17935
6142
44252
13934
14898
2230
17561
7420
9029
7422
23296
21238
37188
49340
18936
21877
5015
30035
34559
41001
48748
47497
15499
29407
34991
38323
37417
25935
34146
31594
11145
17526
6271
21064
33416
31951
33641
10221
40347
27391
30081
40841
33948
28471
1134
6639
19908
21000
29770
36325
41720
46562
5353
37747
3169
10077
35221
16577
39750
5906
44787
2561
44185
48915
47090
15481
1629
5259
18255
24064
33939
34132
49359
5629
14109
41168
46721
48422
7512
47519
29462
42019
12558
19628
24873
45628
47771
23612
37687
31716
19057
32250
31003
44775
2274
45932
13163
42225
41229
45925
10673
27887
34081
44382
43669
31237
31185
29467
26218
28624
24511
13205
41462
32228
34898
19546
33590
25530
22351
26635
44737
46223
18806
23749
37768
24917
26866
15467
4356
11009
28746
22849
28351
31741
43158
31830
15508
25433
4378
49168
22389
21588
25774
40710
20676
8135
34584
12404
24791
4559
1723
42809
9257
10238
17792
14720
7777
22753
4196
46119
13765
3679
5851
4089
13720
14781
31321
613
8385
6400
15493
584
40833
12564
3228
48425
13350
30465
22858
26410
1178
49487
1832
24381
13731
18715
8544
826
2103
8767
2370
22659
41003
27442
7341
2983
7018
11588
12941
40787
7187
44071
7682
46899
27145
13166
29516
28122
37127
33287
29914
843
7252
39675
26261
25218
34664
47570
32719
22605
17809
49162
30913
26142
49647
19127
44827
32589
26167
7952
26989
16564
45075
11787
14294
2139
31279
20368
46059
14198
2665
18853
10412
24447
12853
20010
40557
34515
10900
27125
29814
4581
24729
36428
42023
17052
2495
36573
47328
21065
44344
4486
33879
46177
26710
34487
20741
42724
18990
42927
29858
44487
39478
27914
42025
23807
28506
1156
2543
9327
35773
9984
33687
47690
45219
37131
14954
1107
22491
28183
40296
32443
3625
29984
10794
18409
13943
1355
1049
14197
25461
16696
5640
37388
19986
2815
47379
6917
28614
40009
46839
20969
42327
33857
15655
45542
38793
43185
32480
2060
13939
39752
1808
18489
37926
42032
40856
36027
42800
7028
49662
18040
26034
41746
23738
2493
29409
49717
47757
15401
32608
13627
34703
14575
26775
27832
18624
49772
12105
38329
43184
15579
36624
22931
7588
879
18931
37311
10762
31251
42957
32327
43949
17879
12837
35544
29945
36908
3053
5168
1703
7092
2976
35236
7415
46342
997
36412
16959
9464
15110
5695
46705
31042
28960
16133
2358
15934
24672
4959
22697
765
1521
5915
11166
35032
15614
31534
28974
26458
41102
16296
34504
13514
6018
3438
43332
49452
17037
37884
35942
686
47896
21119
13436
38639
9656
10483
24745
18170
24323
36363
10810
23934
18227
21857
17318
11912
44122
49240
41731
9318
49184
7463
3315
4116
9460
1927
15214
3468
1698
32565
25304
17466
39932
43935
38301
22310
21112
11387
12163
16992
29658
11087
25971
33965
30985
42123
33636
16260
34670
40305
40239
26853
49652
40302
39908
29930
21861
47389
34788
41875
13248
48268
44325
43757
7409
16748
18291
9544
14593
22422
17225
33182
47642
17378
7778
35941
8555
43476
33014
14014
26958
2265
5463
8348
46507
20862
34047
20496
10598
12333
3193
43939
4871
12507
42334
4400
35092
32553
11328
10755
47728
40780
38218
32685
40144
11704
15865
48341
5564
15415
40826
18905
48574
15127
5398
9964
21760
7538
10884
10507
45469
33534
23232
29706
43180
2833
805
1689
5071
29044
22125
16405
46838
11999
4225
5853
48539
13319
42559
35375
49016
26671
33071
42064
28900
911
37928
36627
31019
30380
45709
3062
31098
30052
26760
42498
33371
28217
17219
44528
19400
46340
13757
22808
7435
33250
10821
43544
49524
4982
22634
10093
6654
27379
9666
39448
33796
1390
28988
10757
17131
33791
43226
2629
17298
26774
1005
16251
42490
47199
24779
24137
705
14695
21717
7706
15317
37948
22695
3146
4722
12750
32107
29703
46882
10406
11945
19846
3406
35261
14478
7265
25084
4882
41159
30839
12729
11114
24495
3120
1757
42965
11169
12679
21558
148
38252
41971
41528
22168
23973
18372
32785
36109
16498
2626
2368
1810
5502
12337
12338
3473
5509
16001
24110
30080
15167
43176
14783
11547
4280
35120
13744
9910
22802
22811
11447
20020
26723
13361
19295
15165
19736
43131
36110
5448
13245
2171
4556
18516
4152
17768
48005
15118
474
5248
15465
16881
6019
575
24065
17306
7199
49704
11858
45309
14727
11282
44418
22179
19052
23080
42924
11215
31241
6861
28879
45683
11567
121
32837
37206
2241
46557
18036
39299
14440
9441
20428
46525
19565
31813
12028
43756
41475
7417
47806
47489
28295
17266
46808
18416
19838
44266
43953
35504
15568
22464
27058
22711
17161
22743
246
27412
9647
19724
32774
21029
44891
46030
2793
3074
30672
3258
38496
45908
5850
23685
247
20000
44958
36177
32392
9143
17921
35865
11506
15444
26870
28154
48829
38946
14746
35172
49819
23358
25757
27456
46304
21510
6245
29394
40729
14167
10493
28710
14777
25228
43799
29429
18236
25794
17803
22061
6125
14159
21497
16286
42305
22638
17398
48229
22467
40521
29787
12099
25294
14465
27867
31686
4820
421
37111
43504
1106
8298
27218
44269
15470
47465
49985
2363
12865
14923
2454
27031
40705
16680
2658
12601
46168
17903
46974
13795
49030
30445
17565
4601
42312
14790
17401
36038
40994
20315
48718
34080
24563
6643
26315
15462
13894
17524
13848
33320
21053
25772
41578
29523
26967
25909
43619
34333
46023
18003
620
13223
9716
42063
30990
25736
32848
12440
3877
32688
38620
34844
18468
46522
40273
22345
49464
45081
10714
5744
31588
154
47396
41558
30436
14043
26185
28051
20196
8491
16701
16646
34604
27274
1654
10305
19521
29774
17294
6795
24040
35646
20888
25638
32776
14800
1626
48072
22012
31049
29349
30895
39425
2090
41216
44450
8218
40348
21921
30810
26027
15951
25398
25580
29842
24213
30680
33106
33246
42058
13150
22667
138
14196
45190
48887
43831
15471
19493
20535
32746
38389
42161
43074
24399
33348
26019
37543
6182
31334
32503
8099
36849
17883
24556
41034
8496
49177
41826
8274
31768
13990
45340
33000
553
17033
38526
5316
1459
7580
43385
27846
30937
15262
49753
24312
14589
15783
44630
302
37713
33483
26097
5340
12091
46593
28233
23745
47729
33375
16217
20379
39337
42092
14254
28898
29870
34526
16818
37273
15726
39781
1952
49873
35017
1242
11881
20521
1009
1955
17653
9022
46178
31568
39913
25445
26106
11175
2948
11050
48840
25320
15771
14581
7225
34218
40286
2961
18762
40213
10805
42591
8895
36372
7039
49380
45510
42074
32925
2023
46730
17276
3417
24910
47388
40241
8896
25735
12173
6213
24643
21982
11543
3744
31789
1852
17406
7740
38101
38664
5187
45570
32530
13578
17748
5315
28532
32579
18951
44966
26004
5160
15386
25173
11225
29592
11
41703
32163
45392
15538
6425
38483
6968
18676
10273
34771
31076
44098
18378
37708
5320
48762
4000
21132
26974
32099
25911
1352
7531
13658
7056
17344
35619
13232
15454
27455
1034
41203
5454
30525
47538
33457
12966
40066
18908
36778
18035
18093
14599
28697
36743
37574
42589
33746
13882
6626
13483
7295
15488
32551
4346
48132
8771
48700
40021
19036
7929
17195
49056
9831
4369
33602
34237
20041
35889
3482
13817
28169
27576
13429
14397
28310
27990
38752
31455
27093
21795
7346
24605
14399
43222
36846
25664
1043
966
41279
41226
35540
42839
23754
479
28319
31964
6470
5064
16304
26040
14500
21067
38166
28615
11586
2986
25014
22481
18813
48167
29459
6060
18674
38641
47889
39638
6416
19115
46849
24771
6193
30288
7748
16891
39719
49616
41642
29164
37954
11383
41517
10786
46291
28587
44006
4161
9887
24784
36977
48527
49590
22780
48417
43303
43002
45054
11750
13619
33259
44235
836
25047
24302
45848
46236
29046
33490
16743
39345
37461
47499
3042
34381
14209
12938
5903
25070
38180
17155
21771
42292
47684
2438
33832
25587
44481
1007
37319
42133
7160
967
29150
42774
39159
26297
20448
38407
43844
28392
36357
35643
31508
12400
15478
29971
1579
28939
37799
25077
46110
30225
22779
622
41277
42080
17703
8044
23321
5154
27372
43694
13966
31543
14086
38115
41181
30030
8738
16363
48191
45364
13674
909
6560
31512
7983
37320
22372
32152
3270
7962
44036
18798
38780
9826
48310
49802
13384
5262
17116
29934
37767
39704
35234
40611
24675
9882
32382
17017
14179
10231
36302
6543
12570
46698
3880
29087
18566
44115
43275
45308
937
3961
8718
30249
43753
2022
49628
43618
4781
32184
4348
8296
7841
28333
38636
42118
47966
39845
36525
6338
39063
4735
24174
20544
46036
30331
29383
3771
26902
15207
47178
12786
28226
27118
34864
20375
27851
38938
27407
19204
8236
13199
4047
16248
10747
30505
12030
24224
12745
24412
40657
19299
27708
1093
24940
37294
12058
32030
27669
41130
47307
4738
39184
48602
21125
9571
17498
46498
5892
38408
928
46895
7861
18298
2346
19245
47367
36452
18161
5088
47121
40766
40380
26344
8122
46660
32056
44372
7809
32646
28268
56
35582
34134
43410
28041
20735
49706
41133
47640
36765
45192
43341
598
47488
43840
4255
18333
48143
40085
45485
44677
37018
11708
47924
9801
20015
21942
38584
10170
42439
28057
12824
43962
22788
11742
14689
41742
13739
5385
13321
28679
40096
21152
38245
35456
5082
30874
42377
27901
5178
20310
36943
45918
2064
7979
36665
20561
25784
33355
32536
36915
265
29106
45448
5910
39454
29458
20586
13108
3669
43778
18249
46679
37964
4235
31491
16255
41401
41620
47898
13874
30386
49610
49469
15
33230
5308
30877
47245
10669
48441
44988
5754
27612
38179
15596
41100
24147
18486
39446
7772
24685
31038
6634
23322
19290
5648
32478
42234
6722
48448
44404
40981
3681
13928
40812
5362
21454
1243
1605
28843
5234
24582
26549
15554
29538
33704
24115
2630
44331
5202
47291
38792
38670
15220
45154
8036
34642
17577
27060
34565
40339
46628
42499
10852
40436
995
1706
3302
978
15034
21326
45345
48773
33328
40871
46942
29528
17707
17200
36730
27871
26528
188
49472
16660
39491
5035
9230
5400
49744
47215
29519
29761
13310
36051
40924
10864
854
2058
32791
106
33131
28969
19517
35714
29794
6474
48524
48643
48395
18257
11519
14080
25249
28199
16235
13872
5676
12294
14187
4536
28091
15766
13346
13777
25281
29377
10306
42951
45227
14412
20834
40670
6903
17724
37151
27107
40689
10414
13504
41436
43415
23844
38746
28327
13328
6600
35123
16772
2311
24666
48492
37958
28636
26585
4456
31059
47893
11565
27230
49470
12055
1051
44582
37471
26481
6496
43652
25864
33652
2624
43908
46924
12799
43587
40573
4950
48958
27146
35532
17945
2330
1412
19674
40736
1845
33567
41669
4995
34471
20928
27085
1335
34797
49103
6467
32888
11938
5261
24837
3599
23801
40325
2352
30819
7288
38497
23343
24934
23720
4355
26278
15464
35500
46594
39939
32481
26343
19519
35153
5370
18763
4879
25434
38250
20042
28429
5482
44709
2002
23444
14408
12779
30639
12747
48709
8018
18203
21237
12950
33321
11959
26538
13601
44004
40516
5097
9400
24835
9274
41099
10801
43653
39366
19462
13666
20435
38209
22442
35938
26273
26158
31015
45511
22884
32649
45000
17382
13773
5599
32626
39488
35888
9258
8768
9208
12175
2947
29664
4755
6104
7368
18507
45427
3711
1306
30433
25045
14590
42705
28925
1907
23562
18274
1712
35753
35020
37297
21071
19785
35774
7823
49494
40737
20128
24950
223
22185
37002
25078
24346
13428
41652
10394
49073
4467
25722
47005
6095
37045
35968
16732
18191
2643
42259
9429
40541
41329
44674
11795
37579
10891
37520
14747
21548
31685
36047
28177
15319
18650
37054
37959
359
42608
31405
33034
2946
42290
49623
16938
7003
14531
45725
12605
486
1427
23345
10014
15764
41348
39510
8884
42188
33151
49208
19443
16921
28302
47759
13178
21143
3553
7176
35025
37272
10501
26758
5199
41677
21270
25883
28147
47065
1232
45604
6764
32106
44905
18787
23087
33515
9923
31215
10907
25
8908
5462
1965
35915
21095
12913
17138
49558
27924
49880
12636
8320
44621
33353
44806
13986
9554
3013
4814
30013
19923
22746
15745
655
27762
6938
5414
18386
212
24459
10553
27083
2990
30480
27799
39398
4521
37587
27304
34731
31283
20746
39953
48497
9713
7308
25289
47922
18786
1590
1418
49454
22339
39384
5122
16018
26026
45734
32485
3189
45773
49410
40368
20913
49790
1752
40126
5278
25562
15919
43630
13432
8698
33712
2146
39545
26904
43267
39052
40310
34686
30237
32681
43979
24542
1393
36811
12655
46319
309
4733
26377
41234
5834
6493
37534
3775
17747
19902
44857
33223
19540
27318
4900
48153
41387
21667
43327
15542
12625
35794
18887
49794
32759
39694
7006
10503
12110
12025
24557
36020
18712
15453
10201
6017
32532
355
445
38807
1286
44871
36388
43531
16340
10588
2814
13054
15332
4085
42122
15374
42822
16757
11385
18790
22419
3864
25881
4906
10823
18677
26172
33759
44231
44698
27337
27347
47699
19945
44535
17134
30708
49635
23182
46602
5314
36132
25421
28230
45751
40475
39257
26247
40610
32181
21121
19605
10488
24656
16415
17411
41836
32102
4485
10978
11936
35863
47168
15717
27977
22113
18213
971
31509
19225
7113
946
34909
34463
3595
5556
11627
2922
79
17658
17175
24776
23719
21870
49498
11453
25177
34511
6828
11594
26651
234
29398
44897
17805
29149
1202
7068
42660
11064
25853
31153
44856
8995
23625
8618
17512
9416
11461
17267
5967
48199
4908
17641
33281
16316
5589
17864
42931
40278
20725
6498
30139
25518
35102
25029
32037
4141
29578
14313
47828
31332
34598
47801
921
14489
5876
49860
39315
45540
7609
39087
43748
49055
11458
5055
37872
48526
13855
23298
46620
47255
18766
24300
24366
6898
41176
42240
43704
15278
32061
17546
28907
395
24016
33809
13805
13174
648
5516
30753
4852
27896
4238
30391
37090
18829
34847
32733
20668
43283
7696
41710
37201
39581
35779
46985
42282
47360
24870
8126
47314
9935
22573
13387
5741
33102
26696
47072
3627
12238
14103
8494
22640
42223
16678
25193
18148
9156
10267
37914
27765
40061
766
2312
23243
36519
38605
42081
43509
11593
46465
12639
1542
25711
19803
47565
30006
40132
5432
10806
44711
32904
40921
36152
8249
16715
24227
39836
4576
12563
6587
46744
19173
22661
4156
14155
13207
45831
10288
48378
5420
33100
25786
3708
20595
27986
2116
33925
32017
12955
22704
15004
1123
23707
44360
2229
25356
15950
6684
25765
19554
39039
41792
45508
19385
19107
22119
10046
43192
8588
6033
12299
12631
12117
39914
32151
4140
4442
32731
17585
42177
17183
30726
2240
44922
23539
14859
32712
13243
14045
30580
10510
47995
5093
6302
48381
758
32943
35195
25216
46561
49009
47559
11895
11372
44781
30315
550
36090
17216
7410
33204
46979
41489
13561
43349
32707
28767
39517
11126
8697
45488
39278
18301
7713
5692
39970
35362
45587
27589
9936
16789
15008
30900
42757
14156
15680
45937
37404
23967
18297
28786
6760
44853
37718
34049
12303
20057
2117
37769
47655
35948
24945
1090
46299
540
44373
16731
36805
45305
25787
33075
15602
35527
2328
7274
42519
43316
10127
25187
6952
30103
36862
35715
27279
16608
47555
43094
16189
2228
2762
29649
4181
1950
22807
32049
6100
31690
30929
7524
10318
38417
28332
42767
2138
47434
30356
4009
31257
47062
5112
31216
30766
42393
15276
1491
34568
27617
35411
44422
48447
33423
21552
3357
14768
27865
12442
27043
24334
4105
3212
23092
48955
17480
47075
19466
33501
10863
26562
33644
37405
10295
44222
23880
41689
34065
45567
18561
6384
14971
40931
42627
28140
5098
3099
47437
37223
23070
38190
493
35372
21297
14664
31856
26207
2128
34903
32701
46906
43059
1844
13267
42205
41221
26269
44012
39698
42477
638
24838
36707
10126
21342
35839
7769
8344
12374
22367
48884
7532
462
26354
8142
46742
8543
24905
9153
42517
24144
21331
43665
2786
30655
17493
6439
11237
28443
47311
45545
47769
11146
33091
24216
36893
46287
6883
40519
40899
15814
17261
41313
1101
27540
18946
46103
14591
28052
40834
40290
34712
24422
17647
33918
36787
12660
49403
15353
6810
28600
31330
37533
36488
45116
5418
2758
4520
38509
2018
28273
14384
48298
23333
45727
47919
3655
35155
21109
40374
45499
3695
35366
2127
48331
12977
9135
30111
5188
25213
23099
37542
1854
39456
2926
33514
18662
45391
10439
14282
18016
22281
37491
49286
3554
21383
43287
24402
24528
36636
44322
14206
29487
5707
3867
36878
13137
4180
17828
33498
36857
43741
15506
9047
8882
7800
20839
12332
40626
4970
26840
34153
1991
34974
1878
35277
45954
42827
1336
31920
30703
22699
9927
2425
9671
25074
4094
49101
13344
7506
38814
27
36485
15448
36879
34804
23318
46538
14267
46568
20380
1111
8
36254
20262
10034
37034
3439
25141
35348
44164
41767
34684
30021
45017
2181
45503
42320
42865
40192
9215
5150
10061
29988
48510
38043
38474
22261
2901
33762
20684
49212
40852
22428
7204
31850
14855
43648
15941
32330
41812
49362
3910
35760
9507
3840
37885
28718
47724
48478
12413
34522
21128
39271
46622
41869
14368
4046
9172
26073
34632
30831
43888
8334
42961
34216
23966
22888
48670
46477
45311
23566
37971
11670
13019
47802
31516
11100
32783
37813
32647
40319
32950
12728
13544
32347
44366
16508
37128
19113
5094
14089
33191
19804
36593
18278
31396
4205
6890
16364
45930
40371
13103
9142
8591
31721
36339
45692
8597
26046
29690
32156
22278
10941
2193
12115
48436
17779
19368
17699
24658
46963
35358
46142
21300
37864
5604
10378
8464
29201
28137
44505
38502
26509
34185
1942
22409
16688
43292
49067
39309
42237
26151
15096
37506
8216
32394
10834
22649
49305
844
5620
24185
38351
39071
43502
42152
21324
45044
9089
5977
11531
8528
43453
47774
35356
16031
49948
22499
8554
34443
509
25423
49224
43442
30267
18080
29209
43915
47326
5947
35982
27275
8943
49731
31597
49672
6164
38454
14882
18323
39133
424
6116
12719
31629
6342
48639
3562
29973
2431
12096
34600
26153
6161
22065
27556
32060
1044
12668
29124
24221
24727
11168
34345
10059
25422
16039
22233
7971
32211
4491
32448
20108
25611
17283
30958
32838
42229
47040
24969
19414
7162
48654
41056
9812
13210
18397
26352
43909
1067
23042
14008
21666
28735
43258
24564
42371
2110
32512
8990
46115
39505
12952
34582
41967
2838
19670
42659
581
6933
35466
24378
47539
47003
28565
21379
37682
12197
24285
3019
15102
9696
39112
13465
8620
48971
17361
20389
49683
23899
40850
21753
38553
27276
21567
40726
122
23377
31583
28652
36203
30549
48508
33749
48594
8055
44803
20582
46521
14504
12411
45643
17931
2389
35293
3546
12468
45220
15321
44766
46457
34824
43253
16346
45705
18530
34570
7614
23715
14807
25827
27393
44063
15797
7934
10943
7319
35501
19529
47732
10613
33266
24327
7797
22908
12186
1710
3555
42318
46908
2298
18125
41961
38267
42389
2770
3959
49509
27628
8575
32867
18230
33074
3737
11344
42825
8452
19678
31550
42618
48087
33333
5533
4925
34262
41405
3795
7268
19587
6841
32524
36418
47150
32440
38541
43124
29884
31993
2016
28976
10234
28729
33598
36659
873
41556
38582
43181
33103
16880
40469
764
24305
46475
36100
48534
25291
10634
20802
43730
48721
6073
27360
27257
28724
166
4869
23168
4323
33729
46697
16783
25399
7314
29777
12232
43540
3845
32797
43795
14274
33144
26643
4362
22390
14018
18733
21711
20958
42564
25713
47526
48619
34217
49597
35205
37064
45428
33058
24161
38476
35423
42429
38878
1582
38956
31129
32307
6815
49489
42821
8293
29646
42313
27358
42430
42030
13434
9583
6816
44928
25220
43401
5854
32865
5982
37084
43011
12743
16452
31566
47146
38788
4389
36329
43902
47733
36071
45554
20209
5909
16019
7572
15133
31549
21903
46927
9870
42680
20255
7365
97
26204
1512
5981
20397
23847
48771
502
7738
44156
9150
976
988
22011
4649
27841
22856
22001
38365
45297
2410
29378
44163
18338
5694
7227
9911
10888
34442
26009
12321
24712
49906
26603
43952
26831
32464
21448
36881
20657
2400
5161
35965
17391
1968
30383
49552
3139
33243
30318
5874
27947
46372
25826
34558
33315
14318
11562
1416
18387
37702
43846
24702
33420
34680
38862
36897
39367
38079
4570
32871
28285
31750
48731
32356
44999
7246
36911
17358
48280
45405
5837
43516
47817
23692
43347
20605
24202
6555
19987
17607
2113
46128
957
8166
14631
15654
47848
31848
4827
29788
33361
36373
33820
15048
32601
47525
19558
28934
46520
17764
17939
21347
41567
19890
21988
10350
30482
9290
30046
9965
17135
31895
10313
25015
18950
2498
28283
2364
5047
24686
47880
17415
7913
16048
1880
32932
30921
10293
20236
24454
45866
7898
29768
16313
599
13877
43105
13197
9694
12620
16366
3428
9184
13648
19749
47047
16257
1042
29791
9707
22958
18615
1240
1408
27952
9603
41281
38889
23858
45100
6297
36396
18889
42406
18082
27079
619
47617
14137
20960
22585
5926
10749
23534
24201
14693
7173
33414
17980
25011
14334
32968
37633
1167
37101
22995
40925
16035
39923
35093
38849
22656
38340
36034
36840
1581
13501
17613
3624
45167
30723
16764
48227
16063
2134
38012
34030
5457
46338
22037
42743
19118
15888
24761
44644
17186
38336
8459
37590
33905
2918
47730
8194
36024
18497
11764
4766
24234
3351
25954
13226
8411
15141
12087
2362
24225
46480
8928
19391
5271
14176
20912
1843
198
14277
33660
37367
28672
9684
31751
24757
1011
13825
36067
20671
29925
4363
46151
30775
20674
21949
18343
34125
40215
34162
21849
21763
19831
34679
47916
10575
17234
41831
33271
40054
5181
3005
26357
37376
11378
8579
45188
35016
37840
41508
45153
35022
21459
18108
18937
8017
12832
49857
48080
1926
43056
14570
3511
13482
11307
19129
23848
14712
50
19810
16850
23386
17830
38132
4509
10850
40937
9099
39692
27188
48873
15286
46089
34489
48459
23986
25572
23342
21578
29495
13947
6072
18581
10733
44309
26475
25918
41183
3833
15342
42173
46741
41127
19683
36007
10176
27129
46444
20580
2538
15191
45978
18111
35996
26914
32935
35317
3980
12448
21665
20607
44852
45914
47652
36017
26176
27299
32396
31069
13110
31137
21673
48021
37626
3943
12242
35299
48209
4264
2712
65
20440
41190
43420
43843
48254
46606
20744
20153
39244
337
27032
13812
5424
9409
1073
27869
39797
32115
27429
33334
14766
2388
4384
44890
28816
12057
18843
27169
39840
49308
34833
42186
15326
32535
49327
5421
29268
47423
45922
23454
3670
4109
10263
40385
30325
18369
22128
32729
21514
6691
36043
15583
41019
41065
14439
36539
12427
32125
37269
26085
10678
24746
46960
45125
44457
24919
22539
11756
8472
2957
46856
28501
2455
2219
45860
6258
36447
46844
41818
22553
2107
20302
39396
37808
14569
25392
38867
37070
7480
14721
27033
43747
27873
26186
10585
40057
12528
27052
33152
41960
48550
39173
42317
19559
24314
34990
42068
14481
36108
2885
17602
35231
10530
12009
10760
44458
21710
25842
22270
36066
11088
2541
35320
423
40703
19002
14713
42710
12086
48204
39365
30926
1767
25561
23872
44449
25002
22904
4341
46359
24677
22683
5102
45149
19022
10076
37696
33966
17711
24298
24731
46677
48274
35708
25508
35844
29902
49298
3631
49830
45229
48401
9616
7196
35800
32222
42321
45520
41914
19921
35490
22690
19243
24219
44353
1022
14817
7757
8133
15522
24063
7667
2284
38100
1974
26233
25980
38431
42005
23499
29006
11006
29724
17757
25863
18886
8756
39008
44298
38894
45795
28619
9035
42613
25351
9420
32374
40466
19465
27524
36046
40495
21630
10813
2792
41683
4540
10790
13189
49971
34207
33476
31175
17139
47776
19085
17642
19356
46093
270
7103
15528
6529
30671
22566
5412
42319
38040
19696
49718
45696
5276
2037
43455
36628
28734
38278
47118
15126
7272
38544
39145
30050
30231
7315
44929
33878
16024
46200
9627
35805
139
3846
42182
8977
26045
49600
36527
49238
44425
33412
9148
11150
27234
112
14622
13933
7353
24540
20937
23431
8508
12638
18666
1639
9688
25346
40362
8478
40353
34590
29498
1622
31793
3661
43570
42738
44444
25049
3560
31661
43672
14288
47473
41593
2607
3773
13701
26915
12221
41534
2289
35649
3144
32231
8207
6772
11522
22954
16552
38524
40393
23013
49227
9276
49080
28503
46769
17373
21565
41204
30792
25292
45706
21633
9879
33214
32948
3756
26460
30454
2142
8449
16376
13450
39916
43877
17232
15175
48791
37920
46195
21256
37099
3731
13404
6449
30519
16459
17785
31418
48982
1915
33146
1446
24432
42255
1126
20191
32422
27388
25931
33200
15991
33614
11049
27829
6622
23598
10401
4868
20231
38730
49236
1883
10740
24431
33314
36938
33799
28713
22006
46645
38339
47908
38710
11899
45580
42470
12361
34195
4336
29521
47446
24310
33387
14519
5819
21184
41604
30341
2245
5145
6462
21085
21138
24939
10679
40854
13139
3571
40345
37343
24925
384
45025
8169
37852
31320
10189
2700
43561
47064
10065
46278
28138
26058
45445
13085
48305
38133
32145
9432
40433
42706
38097
43309
37113
16781
33364
36291
2327
43352
41932
29868
33155
31248
12213
13140
37644
49188
5965
40024
4524
33197
29263
40410
45695
20291
38568
29402
22219
42777
13573
9476
1577
19311
26366
37899
33221
29583
47067
19343
31417
42071
5985
49730
41432
31674
1401
48549
1908
7722
46238
24013
44276
46430
12327
45166
23477
44960
7105
39881
41861
41170
14114
22939
36045
3339
17212
14469
23674
33938
30207
25597
43755
29563
31394
44073
28175
29272
27239
1040
41561
45152
23772
37198
777
18840
31906
16779
15722
4791
1513
16387
1277
5538
39964
20734
3639
37893
43530
35575
24817
45853
29397
39742
5060
48049
23308
6701
46172
48081
49708
13279
12319
27315
19307
11423
24974
4934
17947
4428
7785
38929
14233
12971
35810
44141
2912
42349
16467
15767
47935
12432
16576
41885
16744
31883
29403
40324
38655
41490
42226
2336
14697
26132
19474
8233
27383
18512
17256
8509
18757
22800
35090
30820
11658
19087
1910
30779
11444
32389
24868
23538
28315
4294
47841
24054
9834
3051
18532
24073
14354
3307
19787
6062
3885
5973
39230
24083
47238
1006
35553
975
39231
31336
1346
43853
48297
36016
18830
17376
36058
20531
33278
49003
43918
27715
23760
25079
39782
10602
28957
39407
21381
11525
33612
2891
48514
1619
2708
48538
820
18765
12176
6490
3186
5646
45319
1531
12974
44388
34070
1736
19617
32159
45073
3342
20673
32778
29654
49379
1141
557
36767
1985
15877
43880
38482
32393
36531
33317
10622
38342
48839
49430
28205
14545
16990
37701
26206
48283
36907
8165
35251
29060
43744
31752
19626
34353
20391
29783
18801
10369
25152
19938
25057
46930
38640
45761
28709
15960
27494
13714
39226
41969
11614
49072
9752
33570
38738
28142
16669
20004
14512
6788
47974
14175
21721
49961
10097
14094
42104
43233
40738
48476
8021
27945
45342
12033
27847
32809
35564
47969
7842
47498
45596
35284
12892
18927
42474
27262
2492
8087
29037
45367
17048
43278
14248
32463
11690
37996
38151
37257
45237
39080
46035
9146
21579
31115
11797
40131
13493
16955
39340
37077
9893
47177
43554
21052
14700
37819
44532
35568
30999
16003
351
13829
22959
34989
45838
3480
504
11892
17250
45673
49052
8802
48173
13359
3131
29210
21927
6781
18418
36646
47001
18816
41080
1439
9081
14880
28462
46945
41031
42782
16461
27996
16398
26761
41337
5860
4867
23325
9956
20917
9278
43858
39678
24183
23245
34075
21580
32338
4837
40619
12345
9195
11435
332
39703
30595
45636
22382
22665
37982
15186
10722
20585
40430
46850
40283
49894
1682
31561
30042
26718
37935
36261
3570
13083
26053
17179
285
6446
23834
1841
46490
30539
5011
22024
37252
48408
14815
37226
19491
39000
18174
42648
37962
40301
6184
32386
28695
11666
8891
5914
39386
28245
39747
48569
7229
38307
4606
49468
1815
5166
11944
8821
36311
42766
5312
32906
9138
6950
49952
47342
25519
24397
49199
26500
21842
38425
19769
4076
35038
47648
39919
22459
43581
31929
35111
34636
23637
18182
13649
24023
44634
49124
6230
22227
31936
37616
36924
5934
37411
20462
30709
21191
27770
15523
21147
8954
36208
4510
433
8757
29545
24770
2021
36526
37503
15738
39928
5183
13334
2931
34228
26505
43404
22890
14982
16226
29161
42663
3372
1511
24373
25038
43163
16794
40028
5574
17170
5802
11243
16489
4460
17734
25120
25198
45322
37037
29069
36695
21555
16824
23129
42251
39409
15551
43837
40149
19741
14947
7451
16948
35341
11298
15224
735
31589
23466
40000
8614
568
29401
48755
36952
1084
10763
13530
43165
38787
18325
19108
12326
41370
33997
41862
38898
48918
45790
19182
37215
38303
36386
46050
12598
15242
28941
218
37375
20398
34843
33101
3621
16621
9330
30817
38565
16935
19718
40146
21719
18256
33330
16341
28172
23223
37485
8125
34334
28741
17592
28128
33621
38370
36348
24575
570
14332
30130
41417
38808
11031
18015
27461
24688
20413
30989
12905
47740
7926
28809
10809
39075
1423
49111
12114
823
46876
38001
48852
17998
32012
15930
14967
29282
35589
9715
39465
15555
17460
13845
7921
3972
26928
40097
40581
36523
27102
13624
32934
30954
45299
35562
36939
49833
27489
35895
20073
18365
6239
8631
39960
43929
4836
6767
47599
25576
2211
3083
37942
2261
35136
26690
34948
12072
14235
17904
33194
40552
19701
11090
26957
26503
7698
34747
45304
37749
43140
19260
36440
10954
1377
9600
3834
9241
1189
4099
347
44022
14158
43891
4443
24878
984
4506
8647
21018
43990
49709
22386
37048
35338
49707
20579
30185
4571
39458
16161
4515
20319
20889
48967
42124
18691
7917
49976
34
17762
11208
6606
33187
40620
15962
48705
31372
24707
31810
30659
39009
13289
20412
40072
26116
8844
38760
10732
30555
10269
640
29511
6020
15413
12403
37909
49601
10502
7568
3136
28511
42473
36042
8317
20277
26017
4846
13081
35316
16282
27899
7870
46199
20454
4026
41354
41687
1606
33085
32243
35765
3444
29847
34411
34939
1474
47183
9159
3617
28779
43127
37729
30126
49066
18264
46190
2892
48183
7526
821
33174
35637
13340
29032
17584
41114
8755
37660
17857
42970
2823
31067
17055
11849
16584
15105
45593
1349
36340
15313
34424
23209
1490
45941
19729
16914
33884
34748
16894
1062
43172
46169
4401
7709
44494
46425
18901
43974
39354
18414
24203
16792
20706
7220
31829
17395
20441
26717
13560
28946
49855
25326
37937
27034
16634
36843
33996
6300
37460
39966
28242
28951
12198
44684
12273
33957
30001
30485
16989
4757
21791
42035
17614
23314
15737
14860
19547
26183
40033
15440
25732
46451
15348
31297
38268
47410
27954
19165
41406
43110
41998
25559
29918
19588
3056
28200
304
35759
23799
21385
38060
35262
32110
26099
27939
34459
29956
23660
21308
17359
38311
20761
46248
3363
1997
22564
39132
18797
37291
659
23983
5884
4201
22960
18481
46758
44058
13813
739
41647
503
11972
9531
1079
41576
6421
16620
37839
47986
19421
26303
1694
41305
726
39875
26290
18441
21455
119
17268
410
28921
36402
40350
3361
22433
45169
27175
2693
13891
7043
18822
27758
18401
45171
16029
18435
12717
14501
7718
20273
5864
27949
14347
23463
39325
49622
29685
25375
6
13715
36985
8342
5595
38084
1751
41092
19096
9977
2244
22384
1977
22854
27546
28591
5765
11184
19770
33093
34126
16655
29644
8063
38205
1778
27477
40221
23664
6135
45745
22049
779
37315
15653
11250
12530
6304
28109
27970
38005
23266
30585
24859
36441
24577
33493
26777
13023
42550
25235
44690
33873
40151
34425
2189
11443
18251
38265
49638
32653
27075
33761
7806
24640
11744
19015
45320
39153
17093
19470
31428
2350
43206
2984
45819
19600
34479
11384
11070
35822
4327
14260
28477
36691
29471
15707
8092
19199
10689
35393
11538
36638
5131
27797
7114
39631
4974
32644
14425
4568
42862
37830
35273
8980
3589
18304
47011
20976
15720
9366
10963
6388
48074
9296
18366
22826
30754
18992
9049
19676
19000
1636
12889
8780
22344
1159
31910
9881
47557
25686
2190
2963
43257
41074
19790
35127
32403
31051
2725
10587
5169
37251
9027
22259
13271
47783
29186
41340
44524
10641
11063
37560
28102
48513
46566
47095
12244
2568
10582
29746
49604
49808
20437
37941
16400
44542
7231
32207
16149
48831
21107
26472
14750
26868
43906
12586
15151
1903
43308
48726
20282
29845
28737
45051
10524
35981
27182
8238
32603
27152
33217
21609
43645
46247
3451
27942
27650
1602
19694
47346
34408
19203
27361
43572
23912
11805
47781
3998
23851
7787
45248
9431
48948
4769
7826
37395
11080
47837
5220
41506
24736
49440
30679
41726
36492
35252
32314
661
48022
26154
29808
32035
6460
38939
14238
5940
26463
2369
10986
8829
38794
16447
20712
10158
22375
25211
29948
3635
16892
32789
47348
14143
19563
13661
23299
34483
6894
21697
5167
28989
20844
41061
5059
555
45665
7535
22972
46822
5871
16380
12423
33236
44728
31073
24687
3632
34507
19094
28650
9861
11922
44954
47169
43910
34677
22279
34222
38678
45369
21422
34252
22845
6483
18956
31933
16884
27365
36082
18517
14285
31141
10807
5451
36243
35279
14667
31028
27845
7294
44031
11785
17851
10174
14616
12733
18524
4273
26125
43528
16206
26373
39884
9982
48201
1350
7859
11164
41525
47219
29562
39312
25831
14779
23838
23190
25051
20130
7567
8388
26274
3429
22180
4242
9303
32044
7729
33153
3811
5933
26780
25359
3787
31466
22171
43625
43870
4648
15531
7489
6391
48055
18556
10741
9944
5565
1543
16868
25840
29751
4130
8145
21387
18019
48851
39160
49624
23876
25363
5013
40782
15760
38829
22346
19180
25567
42501
48872
14062
16353
7059
31855
8369
23312
22184
35207
14869
46972
2157
22537
42236
8475
39874
38018
18724
3375
16612
3426
27703
14011
23183
40424
42780
3790
47658
22465
48054
13695
603
391
23041
8014
3808
34955
46948
37693
28696
842
37580
30308
49526
28897
37086
28276
1728
24256
9522
48991
334
28638
293
43186
37380
28208
943
37878
21198
43027
28043
11872
49007
11266
37906
10937
41058
31822
17632
11205
35696
40124
3866
40761
19062
40785
37228
19031
11992
42203
44483
21392
10191
33634
42129
36367
46968
38797
19190
18708
44160
41312
46792
4155
14789
35703
17302
11082
40809
19550
15498
11158
22197
9038
26155
10897
35645
3587
38377
38015
27640
28899
16845
20710
34273
36680
2682
31433
12062
39074
40977
2523
16055
3575
24562
10557
37450
35397
2760
40234
22023
6476
14537
30037
16695
15862
38569
41966
13569
22330
24
576
47793
35528
43065
34260
25687
43946
34212
39688
14328
33448
3065
29912
33813
33787
11245
5446
39305
49341
2027
44327
13862
47270
30511
21261
6863
2503
4773
14568
4703
35510
32710
29260
42658
36629
5268
43354
40857
4164
30946
14987
29370
7070
35749
45336
29192
24129
26711
40034
43097
24103
19424
33779
14074
45994
19207
9046
35729
16650
31786
4637
47106
25691
32800
48338
30541
3459
24922
36052
45475
38185
40142
35978
6904
47013
4512
31900
15284
43117
36398
3092
29701
22308
48352
34420
12825
17807
29009
39207
4549
43228
19660
29126
37218
21097
39249
6106
27627
30871
18986
19621
6625
24708
45470
18028
47240
36495
9018
36769
30270
32617
27997
15181
13968
48760
12348
32041
41538
17409
48343
30828
12826
12780
46197
45582
32660
38326
9792
48628
12921
27215
5606
32268
26331
24264
33847
21281
1271
7653
18824
18224
49987
23117
33766
20935
9281
48249
32468
20840
24521
32986
42848
32919
30453
2102
10315
8468
6096
35975
32121
18238
4977
17708
18934
17319
31783
48362
40036
34150
45478
21987
45221
11470
30335
17877
32144
28935
18825
17713
4582
5070
24911
5743
18254
9683
30557
10975
476
44898
28859
6792
21850
4422
11230
11341
3490
3919
23893
11729
7536
10555
13711
34387
8492
1162
38962
10515
38262
42987
8397
36483
12740
19263
12220
25280
48518
1309
24636
37205
6656
46039
28909
29632
19710
26963
21203
28071
48502
33537
26056
14838
48941
21940
17858
46124
9974
3466
47523
46640
33116
15177
39029
25953
29433
33535
39484
33284
11877
40338
31649
27764
27197
44205
15074
11740
19848
7330
40025
41972
28328
13186
27658
34108
9043
29554
34922
25240
28431
22288
6349
33384
114
10092
48335
23713
47299
10754
24971
6419
34709
36609
2218
13808
41743
2728
31188
23740
31720
12751
15552
28605
48809
4823
49365
40686
1396
12199
35778
45622
32088
49936
32080
25178
20765
29125
35976
21610
4002
27607
9387
25604
34718
15047
46327
3689
37243
2876
21006
8477
23181
10710
46021
23549
42298
37316
2750
7217
12037
11397
45985
22598
19737
38676
46549
32026
45674
46982
42805
13682
22594
35495
21197
49754
26223
43690
1678
10272
31452
32214
4597
26580
31307
7095
33507
5642
40597
32566
29823
21917
45565
20289
44688
8921
8795
29278
43100
43627
2341
30423
46556
39978
34159
41931
49329
2470
33428
23904
10914
16915
29118
22736
28463
35541
48631
42719
23856
47962
24100
35656
16484
2059
47613
42895
28448
10371
24056
2850
21391
43984
14468
19282
39562
657
30603
8946
669
25149
33834
44866
3437
10381
36645
31640
41693
30842
35285
5610
31288
9802
2001
17558
6832
1225
5807
29291
8428
25665
17345
20766
22137
5197
41795
4426
4115
4197
35188
41093
44658
24090
6823
18226
26493
35475
1045
7986
48597
29020
9560
22109
24471
25214
27496
15355
14099
38296
27692
28880
19472
19437
16525
18102
32599
46535
