31457
21625
45382
34018
21701
33258
24971
5900
47089
2663
7582
27317
38925
16806
2971
31917
36831
14879
4600
30897
38784
41445
16858
39202
3270
46347
3809
4423
6581
2846
32226
20050
48674
26558
18474
43378
13695
38154
16679
81
32062
9528
42113
25413
47515
48236
11599
37287
19832
5059
44120
8346
11736
1027
11672
14594
12152
7405
48125
19088
40251
46711
36579
43558
11247
197
23743
43219
33828
36626
5727
7587
26973
28701
23804
46734
3974
29667
25070
17218
45747
28874
48845
3222
14550
34905
28243
1355
41001
21594
19723
26190
33034
35222
37667
845
21488
32239
23371
16638
24482
11847
16237
18458
3307
6333
49282
43819
1969
12236
7847
44046
10936
45495
34249
44061
3207
798
19932
31219
24741
2134
12721
31688
7662
18495
8028
15019
9339
49093
46048
11345
16202
25228
28401
38604
25951
12818
2691
23427
36261
18282
14965
19201
1443
24822
2634
21314
38593
38885
15620
13483
2367
3902
18515
1882
35786
13723
34800
6168
14956
29073
48456
23728
31945
2153
26242
36211
19691
20973
42938
39101
2876
15281
14118
34672
3881
31455
37824
4873
5620
38394
30082
17956
4653
6356
22791
34164
26913
46184
36465
47622
4705
30351
2231
48990
20223
39647
31788
2626
43542
35017
12028
13744
45586
26984
19084
43243
23347
33205
35560
2026
3495
16711
13764
12403
86
42990
23330
20839
21717
1997
35287
8150
35796
27728
28796
49575
12902
11216
4505
36446
39694
44375
26990
8658
45126
20278
19558
19410
8727
39800
20827
14876
29354
772
14366
32337
21839
17551
1804
33018
21992
45776
5544
9279
30021
47819
33947
23323
1694
29816
28438
35344
38189
8206
16032
35467
13564
49793
15858
3666
8670
44655
31018
366
18676
48126
15074
3277
42929
7298
29895
44237
39861
33311
11975
37601
6519
34161
19701
37649
25360
28005
25667
12633
41935
39650
35936
3846
17804
18217
20825
16616
23698
27371
37346
41287
41824
7848
35143
4232
14131
18310
25231
8241
31412
24764
11775
39648
37252
21656
13484
34093
27635
17655
9997
11024
29351
39557
11913
7711
18996
37515
30866
17180
42331
36081
43916
26977
26764
38208
8803
43341
23006
2417
45116
1968
17986
13689
25370
45265
24292
18970
7622
38806
6620
23776
16070
23982
6263
1755
36300
27391
12244
51
47896
37831
38056
9412
42155
20255
25637
16642
4004
46882
34807
21309
45727
34028
13055
47539
1005
32883
30332
22404
46704
36416
7443
10398
49507
11871
38455
38852
45112
1139
4903
29404
36778
7866
19706
29951
22736
41042
24850
7474
8852
32396
36485
9826
13354
44127
13204
4529
24382
26528
23155
18169
42639
14082
19763
5436
172
11373
10381
38724
25326
18737
5631
34765
1028
16832
5195
21160
10448
14686
7727
31933
3886
35609
4200
14762
47228
44233
29035
14089
34257
36997
15675
8660
12792
6886
21446
516
32493
24684
21270
25824
49217
44342
42174
36545
44723
35153
21032
9614
1663
28869
42355
12875
41011
3413
32528
6536
27157
13924
23134
7720
46417
79
6158
25593
43903
38605
16814
5359
30393
188
4527
21216
7312
28787
24338
3586
26297
44865
20134
43339
47901
46809
