7217
3545
47644
23313
29372
30282
9149
32726
29196
35779
11663
43765
38677
26831
30466
37243
16148
49145
47337
11667
42812
29838
9025
16570
42448
2935
22100
19401
29041
35672
26486
14772
49713
48436
44437
34156
26386
1605
31633
43922
8393
45502
8107
6009
5506
22494
28851
10513
1988
35673
36822
44625
3821
18137
33739
30915
45217
26042
11683
24321
845
11358
46714
43311
10962
46162
35704
35421
21819
4876
1335
42008
2518
41771
41037
18751
47350
558
49703
45948
14615
37399
33607
46320
33025
45124
46923
42749
42422
16757
30978
17931
9371
22926
40428
2836
30222
5464
11196
49611
