37
84
16
11
65
35
94
82
60
29
50
96
29
19
47
77
34
90
55
9
39
52
64
31
36
83
5
66
49
81
45
13
65
7
0
25
43
3
67
61
94
95
83
2
22
4
91
66
45
79
2
1
19
84
99
53
64
83
78
73
76
80
40
13
75
15
15
79
93
36
74
34
51
98
49
85
94
58
58
42
59
61
92
96
55
59
23
56
4
64
85
55
83
2
61
90
50
96
59
83
32
0
26
25
34
30
40
92
68
80
16
46
44
25
73
17
10
47
68
52
62
89
86
79
49
96
33
80
28
12
51
99
87
44
30
90
91
84
99
3
72
36
26
69
47
0
55
37
48
98
17
81
67
60
35
19
74
58
46
3
20
26
97
61
10
11
76
10
48
69
89
36
56
57
71
43
14
71
69
72
81
53
4
17
69
63
45
14
1
62
81
19
15
41
54
25
86
71
31
88
16
56
22
19
16
60
18
92
32
25
7
5
87
51
6
59
50
52
90
58
74
82
41
20
97
39
55
27
33
38
60
49
20
78
37
18
18
72
42
36
27
96
48
63
82
26
56
51
18
75
77
70
67
42
62
20
88
33
35
58
5
70
41
31
79
32
77
28
97
54
91
76
73
57
87
17
27
8
21
98
71
85
95
10
12
43
38
98
38
78
12
8
74
2
23
76
97
99
54
23
2
84
66
93
50
14
90
15
49
23
65
4
45
88
41
9
31
27
60
37
38
50
68
43
32
24
18
6
93
87
28
1
67
11
70
24
11
92
6
52
77
94
38
40
3
81
95
39
84
67
63
48
65
39
47
22
63
30
88
15
33
44
23
42
77
8
95
29
16
75
65
66
0
14
78
80
64
62
46
34
66
54
4
40
37
80
9
52
6
30
20
86
28
72
79
57
75
62
13
75
21
28
91
91
85
89
10
94
86
21
39
56
48
9
33
40
12
5
73
59
7
21
54
24
93
31
14
85
43
5
68
44
57
73
69
86
29
51
29
53
35
1
24
35
82
61
78
47
7
21
41
71
42
93
88
82
87
24
12
92
72
32
8
63
0
76
53
13
46
53
70
46
68
45
34
7
30
22
17
95
22
99
13
6
57
70
89
64
9
27
97
44
98
1
89
74
11
3
26
8
