49579
21600
44625
3924
49095
34078
10962
34622
81
23234
39933
34340
9126
47951
28375
10121
16148
43765
29838
12961
6009
15328
49713
8432
30396
25507
47337
5281
45502
24320
3821
1335
37399
42422
30282
47925
18751
44595
4260
23313
28662
13572
16829
10157
35978
29372
27229
44437
30915
10014
16015
8393
24810
2872
25328
43065
24321
8045
18137
11667
42778
42389
39426
44859
30978
31780
35421
38537
11358
21463
17584
22926
26386
23538
11721
17931
18068
24546
49390
2836
22015
22494
10807
4687
11196
38975
22870
48436
4876
42448
33519
46714
17086
8979
558
35673
10513
5716
17805
29041
17809
11663
32880
5506
27634
32394
20227
48909
29175
33739
13863
6910
31763
48041
4417
41527
7380
49812
45760
28851
19401
7217
33746
33607
45489
26636
9025
15343
47483
21819
16278
23304
8607
33025
27877
3669
32244
31394
6441
30222
18047
2693
30611
22100
34333
45217
39198
49611
16156
3576
26383
31633
1988
14772
26544
30332
40007
14615
4487
1018
21754
18059
32726
14717
37328
2518
28622
2380
7083
27357
1605
49703
40428
25852
41749
25487
23807
42749
10241
42008
21309
45895
10457
9432
43849
46923
34877
33485
31233
47350
18258
34156
44075
3307
30466
32416
26831
39004
845
30143
1861
38607
6170
14126
35672
8521
20938
47193
35847
36272
32797
28141
33979
45948
32221
47741
41834
23661
45282
9144
38032
45124
17946
29196
26486
13463
41037
22645
45263
35979
40673
38588
33642
20679
13514
47644
41771
18989
46814
46460
17398
43311
19321
31103
3104
42001
37220
37308
5700
25336
35704
29540
2935
3290
43922
39940
7793
35779
41555
31024
9371
29373
16757
37243
8107
40133
46162
9136
26042
38677
25464
27495
41734
42812
45904
34574
11523
9936
4062
17469
3545
38101
10625
36822
33791
49145
38437
27991
33470
21628
11683
32662
9149
7283
16570
19378
38165
46320
44062
5464
