26505
11146
37228
46538
16948
46291
18257
17526
43880
4846
24837
26854
20955
22024
26562
39465
21555
32563
5421
20889
30356
45827
9713
43292
31583
45226
10550
43476
14545
20038
10884
44457
42770
39604
2747
42809
44806
18441
23085
43185
49067
39392
41274
30580
12117
36396
39554
14153
16444
41875
12114
29934
49562
40385
13175
16174
48847
7246
48709
22372
26458
33143
5939
37479
21984
39141
35349
18666
27060
11302
20774
3426
47324
16452
24134
34788
39908
2760
49341
4088
17707
18512
36843
15138
12853
3397
6020
10710
32386
19935
49331
3428
37935
4085
41019
49659
3439
10097
25286
1239
7341
24967
37319
27526
12559
47001
14006
18517
1908
22257
11031
18437
29476
46124
18369
43953
21891
42429
15498
45978
29487
13530
7211
23912
43455
42757
49591
10188
28272
47497
15802
14377
8658
45918
33223
10669
19473
29783
22860
17748
37971
42895
47804
10502
12763
34195
27546
23343
3684
37644
47521
16757
10992
36857
24563
31778
1842
21238
3419
22197
25514
9101
27810
41561
6879
8369
36907
47410
46683
27670
2957
8146
29703
42205
15383
32965
48143
3144
12242
18603
22462
48055
49794
41204
49106
29342
35976
5850
11145
4378
4407
46278
8710
31067
11588
21576
1531
15941
46838
17816
41508
19974
44686
32152
22288
49003
48343
25873
3681
19865
40686
25840
48510
12278
49883
106
31433
13310
35749
11716
7893
48021
24855
12332
12320
6439
25691
23720
38250
3348
28
40891
31685
42122
42068
36743
2735
20100
32307
10695
37909
34847
39694
21098
154
16594
22351
45705
31690
39279
49730
34100
1243
47893
43347
21982
584
35288
26357
41972
39491
7870
26142
15540
11858
26819
49754
13374
5271
1968
44309
28074
27996
14569
39153
14288
34030
24495
32099
15071
48915
40292
35458
16286
10179
27379
33144
12895
2241
37099
43172
6634
23785
41969
7204
5168
37311
47348
5819
27914
43730
2792
40363
25718
47389
2261
47774
35143
9531
19945
43843
47282
27145
33146
11464
19085
32565
41327
8621
39154
14278
13110
37633
2298
19377
10269
16775
14179
5801
27627
33567
32268
42553
23738
26191
3315
19839
2948
11378
44006
3083
10306
22900
20809
40703
49753
25706
6890
41145
16127
36897
44856
21466
23625
24564
43474
43605
45674
34923
20591
23848
48971
26054
13482
42965
22544
43694
28429
7415
27791
28511
18691
5967
30820
48748
34153
24171
19701
15471
28323
7284
21988
2744
21791
8872
28268
1942
41935
18351
30723
24432
48054
10585
27213
47565
16366
36695
26780
7826
35589
