5500
5710
11665
22059
42859
23511
25311
38273
31395
35643
22232
27536
43811
49330
45162
20001
39682
15842
7802
36174
27433
2762
42019
16821
13725
38521
4856
22162
8058
19855
38377
6476
47217
15631
25605
48068
17801
8579
3644
43624
37987
33050
17522
5002
47892
18163
20927
18931
32278
43762
31284
17302
14725
48559
26227
7502
14668
7242
44892
24218
36012
34466
48414
29374
2338
18409
35949
46968
46456
9616
147
43236
28407
33636
48219
12578
34238
31026
34796
10304
957
43748
17202
15056
29711
10433
37947
192
11485
19496
17552
10971
37054
30958
9119
36087
41313
17761
47909
2576
43529
9401
21840
26844
8710
8956
10301
4007
33590
4630
7424
34932
41103
46894
14144
36292
48614
13170
28733
27926
38556
21331
1902
48280
44423
30199
47187
1441
34054
43607
38878
23393
26609
409
39212
41070
35085
2588
20922
623
34580
48200
24736
2901
40083
22047
19805
31789
5326
13183
33061
12156
26130
8214
34401
34649
35162
6247
26670
40789
1546
46776
42338
6552
47044
23107
19902
384
12772
27645
37754
17433
6332
41349
12660
1512
9854
6251
4182
40111
16354
11761
22443
33106
41141
42860
29532
7400
29395
38184
15984
12622
29149
32378
36863
37242
11494
14596
15074
37885
