25514
7211
47389
40703
49106
31690
22900
11378
3439
18369
49067
17707
15802
46683
49753
19865
32565
2744
49794
22024
8710
10710
9101
47521
43474
33143
7204
48971
9713
39141
47774
22372
44806
6634
154
19377
39279
28511
7246
20955
24967
47497
31583
38250
41969
24432
21791
49659
25691
10179
14278
43880
12853
26780
19085
18441
22257
45705
35349
16775
26819
31067
5850
10585
46124
48143
41508
23343
20889
1942
11588
5421
42068
4407
34153
12278
47324
3681
43476
36843
12559
19935
49883
23085
27379
10992
42770
25840
1239
31778
33144
45978
3397
28
19945
1842
41935
1531
25286
48748
27060
2735
15471
39153
47348
26562
14153
31433
44006
43605
34030
48055
1968
10188
37909
2760
8146
27810
13374
18512
43694
44457
28323
29342
32965
7826
7284
10695
16127
21891
29783
14377
20591
7893
43730
34788
4088
584
35143
5939
2948
48709
36857
4085
42553
5801
17748
16444
13310
19974
16366
37228
8369
10884
13110
32268
3419
34100
17526
7415
26854
27526
12242
21555
20038
33567
11302
33223
49331
2747
2241
27546
39554
12320
2792
7341
29934
22197
42757
27791
49003
20809
42205
36907
16757
10306
11858
15540
5967
18666
15383
6890
23625
32152
44686
2957
12895
42809
14545
11464
