48128
17253
38025
7468
18469
36943
7780
33384
26659
22778
7669
36995
24066
30449
26194
20988
40605
23829
37942
46360
4368
13630
49807
36417
26360
19728
7301
40250
28833
9317
10788
31944
34656
12152
20492
35907
22419
10634
2831
7019
22459
2965
44486
8162
41759
18022
3132
22129
35049
47993
36488
15286
20349
30151
18545
40636
33662
33330
39603
883
35829
12503
3148
20683
2372
22257
24304
11113
26324
22494
49369
45118
2995
10526
27278
44998
13680
19421
24176
42022
3229
27595
2385
34885
10293
33955
44403
20874
6929
29673
6316
41315
14991
4593
42132
22840
11639
26675
45863
10775
46960
5202
21652
2926
9633
27587
43613
8733
8922
45460
24141
22578
14602
15232
1378
43124
32139
8227
45132
42276
17975
32965
5744
5657
45391
30756
9871
37425
6276
11630
41758
36536
42524
46483
8533
47830
4314
6558
23168
35191
43950
20451
45655
3189
45679
4712
25875
31510
29556
29508
16120
32479
32734
9218
12719
19303
34814
31574
24465
31314
28601
15743
40226
29210
47220
27668
40477
48893
22569
15483
47088
30647
38116
15311
12491
13089
43874
13380
28666
31570
21367
41574
18621
2303
15900
9753
31598
38199
41259
27368
29960
12153
34404
30535
7723
31049
15557
48463
45864
15445
44080
11282
23852
31172
12608
46363
38984
2432
46219
29886
22358
10326
5849
44330
36011
16334
49041
29491
14278
23281
27193
16271
15265
22331
7514
40767
36401
226
45588
20183
8387
25340
47182
42661
5122
9994
21632
1401
26130
18531
12978
1190
600
9427
37592
20684
25498
46744
16872
21684
17371
30531
41497
9273
35166
17003
48158
8205
42219
9454
15765
22695
33974
24636
9425
7551
1626
40204
33430
7837
6570
20316
37849
39741
49652
9874
44009
29097
9628
35766
42872
36322
29330
9149
19551
4641
29105
4903
46925
23150
30681
5361
8225
43754
4811
33233
30043
4317
3867
1207
