4260
26636
27368
2693
31394
34340
33739
38437
28824
47193
49145
10513
20679
28662
22926
38588
42389
46814
20938
1861
40428
18059
16278
17805
38597
1988
4487
38537
9222
558
11239
19945
30143
9025
23304
42778
17398
47337
15306
33746
35779
41834
33607
35673
47951
43311
17086
42001
2240
49812
37041
16757
25752
21998
46162
15328
24320
11663
18047
41555
49579
47644
40133
45127
26386
49255
4687
29175
1018
3576
21628
17091
43028
11721
35978
43103
27229
21296
26486
11667
34854
34078
45489
12961
39116
38101
29271
46186
2836
8161
22880
5625
21754
22545
9144
13524
15130
45904
44859
14772
25656
32612
18751
39198
4994
81
1335
47203
34622
3104
25852
29372
44062
31024
7217
10121
33519
40673
30611
29373
32497
45712
8979
43065
23234
39004
31103
15343
8393
13463
1605
44625
22870
48284
3779
14126
2872
45502
26831
39940
25336
4633
23538
36072
30282
29041
21563
11683
30915
27495
27877
8045
16570
33979
29753
17809
4062
47044
10960
17946
9149
31780
38661
30192
5700
32880
37328
49713
32394
15393
32662
13572
44232
11523
37243
32416
18101
14717
1839
28141
21819
14615
46320
38975
9136
49611
49390
7358
37220
8607
41734
25464
33893
24546
41771
35331
47741
7083
9432
48600
25142
36822
17469
7111
11196
47738
31633
11358
45760
12841
23807
34156
13514
33470
2935
24321
8432
37399
21309
10625
34574
6441
6910
10962
845
24642
30978
15140
39776
2445
1508
42448
22757
22494
4417
2518
39933
28622
18275
41037
4876
41071
37278
25487
20917
48436
35672
10219
10807
38677
42748
44406
10157
26383
6170
30738
37308
42812
21600
34877
44333
12887
48033
9936
37465
45948
45895
38788
29540
27634
42422
10457
3290
32726
30892
33791
19321
2380
33642
32221
3545
35847
38607
3924
5464
14158
33485
30332
19378
36272
6009
25416
31763
25203
22015
12755
41527
28375
44075
24163
13061
47925
29196
30466
24810
13863
3669
47483
18146
43849
27357
40007
5652
20227
9371
41780
8107
35631
5506
44595
43765
46923
33025
17584
43922
49703
16148
21463
48870
45263
7793
38165
30222
5716
18989
15849
48041
28748
29257
14604
8518
28851
26544
23313
21892
45217
42797
8834
16015
18137
16829
36766
42008
39426
23661
10014
7380
16156
46460
26042
31233
41749
44437
8521
49095
35421
47350
19401
42749
3307
29151
18258
32797
22100
46714
25507
45124
9126
18068
30461
25328
27991
3821
22645
32244
35704
48909
10241
45282
34333
30396
46945
40377
17931
35979
5022
5281
29838
7283
38032
