28491
44310
23800
43465
34134
41398
10829
20086
12260
29936
23624
46639
15011
35453
5461
38366
32904
47929
8690
32834
38517
30214
29305
15990
35020
13414
29776
36549
38380
49807
1759
45437
7363
11613
33376
33625
45240
11552
40776
13784
33744
49873
31962
28964
15875
28831
48758
31861
17224
27340
44466
39217
40524
41745
25347
39511
25385
48780
31471
36348
2316
32157
1386
26969
29594
26249
23132
41140
13295
22442
14788
20352
8432
47483
27855
46472
4781
39346
2408
9911
48845
13144
16892
4619
14611
2337
38319
12583
17186
200
25651
6037
15906
11283
41070
19211
4024
43530
9404
5205
33086
28888
24525
19507
25875
4618
38636
2168
6807
45308
39281
48124
37135
10024
7658
4956
2160
47010
23863
4634
11020
23905
18666
44404
9612
36422
39787
35240
45042
38557
48702
13278
36739
3802
19864
7479
3989
30969
34849
26474
18796
45248
15420
34407
5851
46169
21319
6124
23591
7099
19619
17883
7072
12356
28188
35964
9956
40048
37038
28591
47364
29782
34911
17731
38638
10502
10658
22321
44815
23826
7329
28189
36919
5190
28965
46109
14380
14037
11207
9750
39659
35337
15333
41122
26431
39046
13201
2990
12319
41736
38450
5206
45549
14180
28605
13634
38107
33023
7574
43
9523
2388
18971
4947
10021
49025
37192
43657
46871
24040
33510
40638
1858
29212
1278
25779
28621
42104
30507
19389
11154
43433
43363
48113
34515
9154
19487
41976
38972
36433
12244
44323
24884
5744
873
13767
9065
27087
24097
37458
21073
15974
29878
8483
34837
35612
26403
18112
48900
28209
17646
7579
42634
42556
40971
32854
36396
12293
5936
26849
20941
3858
31705
35483
16148
14257
31851
24294
40827
9710
47006
253
42363
11564
33912
24757
13651
49509
7784
930
6291
8844
40568
46845
22336
5585
43787
38409
20547
10629
18542
36894
22355
23446
32750
43126
17219
36079
11294
48897
33391
1622
18812
21128
11607
34442
44540
20500
14557
13421
15907
45692
14816
24626
49950
41703
29729
2833
46770
47814
2759
23852
3131
48131
36035
14361
32490
36966
6329
43221
13366
11466
36345
23426
17506
45613
34277
31805
27074
6293
6149
49924
16149
45570
36552
12809
42669
39675
45688
38585
26987
21491
21953
37473
29582
8005
46075
34879
31093
17169
26419
19863
7533
23623
17109
45905
22434
30303
15505
1185
20313
18290
1849
28403
17361
4546
24352
24169
13367
43244
34344
35291
5819
36726
34078
10790
36317
9491
13199
32312
3619
34415
30287
28797
38000
42576
29963
44971
27392
31598
8160
1371
17474
21787
6255
21819
30387
44961
23832
8169
40803
10591
41927
20018
49477
4499
35399
48446
46618
39429
29768
22576
22160
35773
13451
11686
38229
20221
71
15753
6438
8434
24617
305
22006
32392
44567
46355
35539
26929
15329
42297
18858
45316
19975
49608
3594
10571
41922
39823
12361
25197
12877
16994
37538
47861
4120
11314
13015
17248
13233
46266
25873
6005
28659
37381
6561
37447
20468
1029
17545
43666
21809
11360
3862
40688
42776
22965
36058
3232
43387
24885
22536
38336
25171
6521
17496
38893
23383
46969
25501
46251
37807
22044
41671
13225
44667
46409
48000
35265
43356
17903
19697
39711
10610
22295
29559
42051
20933
22518
14891
46052
35345
35598
20251
19252
22002
28042
19571
13008
36948
38646
17108
49788
687
3503
12685
38329
2059
15676
10564
43379
17205
3064
37882
38848
8814
32821
38395
42674
36861
49110
17348
3712
26721
16169
2256
3313
36378
41871
25087
28858
38232
19100
42025
29909
46039
48749
6128
31396
40542
23947
9414
42356
23286
818
8671
2973
46529
35331
4436
37482
48495
47041
14669
36287
9340
25897
46903
17121
14710
43909
22822
37667
32240
7952
16399
45459
7609
6588
37398
29486
36152
37798
46592
11268
47429
29641
17628
25597
30019
47484
14411
49711
14824
13396
42965
2004
7776
47351
20787
29428
7217
23824
2902
36579
34363
42621
2243
46291
19307
22751
36029
35356
267
33472
5177
7151
22450
20103
11161
17304
34534
31256
43559
16969
8321
6195
38619
11212
22752
49572
35692
3205
7065
20663
43452
15687
18052
2307
2923
26427
1655
8273
33180
49237
18077
29929
13005
49286
36718
27707
43639
22561
23361
809
21459
31279
5750
11900
25874
24509
38907
44877
42016
25032
34319
41413
36720
9842
46366
19692
322
15148
15079
28563
18753
44391
48381
21154
39785
32779
28395
49144
1654
20643
46851
15718
19702
28982
49269
40423
6933
7929
4234
10203
37886
41181
18998
20302
7538
44156
22115
12248
44313
17994
3602
34075
37200
6062
8574
49236
2606
10476
9594
24924
1955
39088
5107
32944
27174
4941
41599
39187
36312
30906
20510
5445
1242
13980
28842
5296
24430
978
42198
36979
21478
4587
15560
21495
22876
6865
10131
42347
30558
46270
40309
10226
36381
12230
23629
29803
14773
23802
34191
27477
206
26970
92
15803
18833
23579
4774
13871
45051
1638
33126
4577
31225
33142
43924
15125
13438
20689
28899
5507
23143
29946
30447
43588
48423
11093
26614
16630
18400
26407
48735
22503
28662
18745
23936
8412
45420
24093
45898
41117
23543
39858
9288
17106
49020
43901
20093
13035
1114
35310
45498
42760
34635
19906
14872
15578
5972
18188
29393
42471
21587
34559
11858
31289
27490
17480
30207
48680
23510
11556
669
5624
23114
23991
22609
11174
26264
38950
17907
24071
31919
13405
42582
33384
27925
34446
6314
16205
4599
4067
41095
8198
44641
30473
24850
23022
9426
28498
1000
22330
29874
37206
28214
39617
27911
45793
11542
30311
27536
14208
48173
43643
32451
37003
18802
23932
19632
9454
47563
672
17025
3149
573
9145
36415
38801
46030
44721
42369
86
7729
12105
28800
45707
3311
10376
4903
22437
20896
26257
45403
49094
49326
15812
18054
35410
13340
37747
279
13733
203
24776
33187
30622
10500
30036
20153
23674
48809
21200
16565
45662
14906
47743
13892
45990
3298
33216
44091
14297
8423
30814
31244
877
46766
32692
49992
22181
29751
21419
12596
13985
25692
40205
27568
17211
1145
11814
48951
29986
20307
39567
7542
21652
49652
5741
13517
37569
18680
48019
13364
33982
45824
29794
2258
21682
34949
39882
24983
39391
1857
29147
27926
36109
34626
23018
43658
33088
2969
6443
18284
2567
8620
36977
15632
32832
19167
6100
18114
46579
44728
43293
4442
19560
12829
32898
2268
43903
13001
146
36508
30809
31361
44022
22680
15179
8672
3211
43043
38841
35055
38070
27662
15094
35508
31344
48586
33767
22343
18534
5639
44049
8312
44083
38259
3758
24611
8494
34510
33817
38006
693
3880
16262
19954
34242
28345
36205
11578
39105
524
29261
7137
13485
40365
20076
26177
8439
24751
3171
1822
269
23654
1252
11997
19569
48377
43644
3402
12271
32015
21617
35318
20957
17375
11705
4575
19105
41760
13904
5166
27547
36137
23862
4528
11869
33773
44510
9584
15066
5003
35067
904
7610
14722
5295
17632
12439
11580
34470
33882
16555
19303
22888
16539
8537
30602
26541
41653
7932
21932
16909
39288
39529
6097
28085
39061
21946
28709
8278
2653
20015
13560
13849
41062
40922
33151
1532
34663
48949
14010
32178
39758
5141
12413
45115
16889
36092
33421
18037
8716
6759
29141
30662
16863
33516
33178
10044
34218
17485
6281
28036
48215
20326
10130
7664
46600
23089
33109
2070
10639
32551
27482
21260
26660
21246
39165
44946
39263
2582
39284
5948
24210
36024
37512
14413
19988
48946
39293
34428
16393
18329
16528
39055
4572
25312
48044
17307
43731
9552
995
49629
46333
8222
1898
39313
22840
14838
48945
37768
49391
49756
23247
35640
22757
25750
10025
44874
42951
38005
34250
992
6702
4851
30571
11002
28089
23302
8762
40483
22704
11123
6511
30059
23099
33356
24133
41229
21342
14126
24217
47963
47402
11391
19331
12227
44804
11034
11013
2561
42370
9577
18713
1808
31254
10842
49687
28648
27887
31967
47550
37517
49186
12418
33428
32654
23430
2688
9724
30011
42671
12913
19879
5357
42491
19596
40693
7856
36135
48875
17841
32133
38757
26352
48025
28192
8415
42381
39813
22615
29697
31240
29627
6475
46543
43789
15237
13161
46798
22286
7295
37215
6975
38624
9793
33511
38468
29956
7127
10357
11124
34228
29074
15396
37342
40232
45649
8624
34569
2078
33441
4255
6032
47858
12890
36770
6436
27715
20631
42005
353
13479
10580
27350
19848
14048
36449
7560
14775
31045
16433
38293
29709
42578
16753
15834
32887
13608
8116
47779
21856
25726
8364
18577
37064
26926
6649
18424
14682
34939
39586
1821
22169
22741
3407
17362
47695
10693
36129
44539
5021
48233
36186
37989
31964
34197
14663
7543
23677
25794
27868
11837
49442
49971
37430
26918
44265
35340
24818
6404
27930
31257
6437
15481
42094
28326
7701
8310
48864
14105
31080
48072
36373
48213
20901
28524
31237
8650
18081
29886
47739
35633
6383
16503
24831
2638
40557
13872
36270
15854
15084
10822
47811
35133
12092
32271
19404
26597
38929
49581
7325
49361
45958
9982
12129
24933
35158
33894
44071
35998
13255
34655
15268
41853
15985
31308
40849
2800
33718
2468
40837
3725
40108
48877
4087
25105
45467
46555
5074
48441
47358
16612
43884
26844
47168
23920
35304
34862
48641
3443
35169
16147
17793
16512
44484
21004
6794
5481
30085
34171
337
28919
33362
43440
13566
35443
26620
4154
27829
25139
1389
41623
29707
5770
12614
35481
39083
17740
33272
21717
28713
30309
8907
49208
2264
22365
24556
45995
4951
20640
31633
39645
45253
14359
47215
15382
46689
6735
8295
39756
48839
34951
37754
1103
9291
47350
27873
24817
10486
41773
34139
2926
22087
2780
39418
18137
34904
25780
12990
26997
10976
30328
20226
4306
128
16805
29118
8920
18065
25323
21343
4989
1286
6248
48338
3688
30920
21521
35734
36924
14929
45650
19558
10824
14693
13567
17803
44226
765
3434
3919
15821
30371
5517
19896
10065
33563
1400
7490
36284
16519
35203
20919
10828
31464
33901
47895
43581
3571
48733
18757
45617
49054
25839
38531
1772
25251
23541
26288
31078
20638
5400
9567
40794
29299
36615
41221
35334
15586
18359
1819
1719
7430
42875
18491
39272
39408
27243
43561
19651
19895
8313
12494
2824
47107
1812
10167
25893
36406
18632
32632
11773
30428
30839
5900
15937
21165
16832
18961
37306
9691
39539
28688
14908
48046
38618
16615
29164
3770
45083
27097
46877
42139
32857
24760
46591
14839
34923
14450
32702
1514
43998
20115
37179
33531
24026
30835
14339
15988
47896
12880
14570
37235
46437
16640
10091
19023
39841
37954
4046
6868
12179
46074
44912
25458
36169
8542
26494
35327
10176
38981
22720
44901
29268
15522
13759
49703
28045
19795
6969
15807
45278
25174
12125
38604
41210
8990
14363
5147
17386
4745
24725
36227
27447
261
37189
26707
25739
27040
12965
44604
34693
34404
31823
8399
42428
29374
21122
4761
37721
48635
49064
32497
29073
11090
4077
38784
30465
810
32483
49468
37002
7278
22524
3245
22560
43407
3892
25987
9758
29994
25843
11551
32995
35865
42289
32869
11683
7208
9653
19824
30232
32649
44396
37370
24445
30266
24673
6234
45997
37097
10879
47661
16956
11390
49841
7746
4548
40743
15662
47772
39934
14224
16404
49910
30028
37302
21461
3371
23739
31228
10897
26409
32251
36479
46984
6878
42547
19289
13732
13857
31314
5686
26958
4858
19085
47718
8843
19922
32725
4748
4342
11181
31859
38659
12770
17679
4576
34732
19428
42072
14055
12736
32659
46829
30365
16076
16064
39112
33906
16849
25160
11051
47507
24948
5922
32748
20511
43419
49176
28782
40393
37120
4040
41011
26565
44162
42782
14603
3485
43209
31343
6834
17027
37689
16500
12997
46588
46047
495
45199
8293
48301
46990
13470
24306
3843
36604
21219
21504
12235
44153
34676
16059
42505
20364
7243
37450
5439
19141
43200
44766
46025
21192
27298
42421
4704
1682
49310
43078
14312
26399
18580
21327
19078
7028
36282
17556
32607
13589
38086
17081
3964
494
36879
29665
9255
6877
22413
19978
48136
7722
23208
847
41994
39671
26217
28887
32895
28303
6862
5597
23821
47499
44367
29231
12199
14031
41173
16002
20815
38435
47333
886
24476
44999
15177
35687
3240
1129
13280
28171
47943
10913
46257
26123
37738
927
48038
21222
43090
39072
21077
44324
174
1026
34272
4876
15195
17199
41933
49198
13569
36336
10318
3496
19941
26218
38494
49436
5482
3691
5921
26495
28532
41689
28182
39376
22074
1859
48324
4889
21150
12343
4355
33673
22556
17505
25734
7228
11777
19881
26710
48573
48978
45658
18719
38512
34889
7342
23954
1409
7240
21547
12599
32856
35625
25021
43987
15301
43155
22373
22828
15767
29588
7009
6978
3475
49510
19190
43432
45671
36751
7152
15531
16129
10955
41642
5534
31096
33946
26192
26105
17828
23940
32524
12066
5996
25682
13349
9142
23851
10253
45369
29020
4530
21760
16751
1003
2301
36721
46422
23657
21338
26388
11328
7993
9910
46001
47199
12853
43645
38949
9590
3953
21001
40087
22742
383
3008
28506
26003
405
1880
31990
44361
27959
23316
6023
20886
41325
20072
16715
28606
38555
36815
21146
41503
44647
615
32726
31516
28353
4963
11926
42713
44171
3381
9122
47713
8502
36554
26952
6177
27881
19827
31261
49349
46711
15691
32215
26331
5572
48220
28597
3733
44900
38296
15817
10630
48088
23228
14458
40547
30521
41371
28959
6079
26239
44104
2741
33162
42954
35951
34109
45304
1885
11516
31599
44892
20709
38984
38186
35072
12097
36680
34606
42147
396
10661
37671
27209
24412
8612
26499
23875
10741
32327
549
8539
15357
45067
24309
29859
8513
7283
4731
20204
14030
10512
36629
9542
33622
19957
29693
38847
37903
47369
10617
4489
18202
27258
35956
30039
26299
1435
685
25816
4658
40500
13163
23689
22339
6533
36255
24167
17490
17773
14626
8715
42980
35435
32789
44733
34159
41493
48516
2669
25477
8353
40308
18521
22341
34872
20148
29691
26134
42047
10438
37551
3292
42503
9941
10383
13828
39643
44488
18476
37457
49862
38595
38365
34648
32983
28599
6612
9037
11834
39225
27355
48117
31020
26915
23370
12825
1628
18948
19013
38463
6334
28733
30804
7613
37230
7968
22362
7607
9413
41900
26484
34162
23715
46503
1617
20750
2939
34368
23649
20793
18600
40571
28320
45243
33350
36694
25603
3086
41311
37674
6110
48684
36787
35206
6460
34482
38412
25925
16139
11143
23520
3754
28423
47889
5912
6104
8338
1897
45421
33821
34908
43572
9264
45633
21691
2573
23061
10132
15249
29199
11606
20491
15233
45644
32979
19811
27593
33189
48368
20186
16862
4682
10939
27570
23049
11357
36854
18856
35518
47859
1636
40572
49416
48360
878
5630
25499
26942
23402
19048
43185
32644
45938
19671
9609
9930
39673
10997
23305
12127
48172
2845
41049
36663
25694
46224
30430
34234
10672
20637
38601
25743
19426
22301
38481
32952
23096
45828
42240
18859
38292
29071
6190
21702
41731
30683
34396
8807
22253
14416
32154
1963
3637
47126
15805
34497
8326
20698
24680
47996
27937
29543
39594
9191
31718
12608
31236
44757
39389
39736
1523
42933
25851
13006
26709
26228
49879
39519
45840
7253
30758
35317
29784
44697
17589
30250
26458
11780
38764
7545
30299
17277
10891
29139
35
47365
34057
45337
19061
1624
23280
36875
19808
36548
28150
45740
10573
18613
34128
24841
9238
18674
13361
12923
49779
436
41486
47444
28325
33163
43796
34182
17301
43925
37205
27613
244
8387
27747
44061
21314
47759
33492
49967
11057
48566
25414
4837
39048
35945
42809
26695
22471
29747
21287
37890
12993
11968
39420
47926
3027
10667
12617
48598
22673
7706
17914
2671
39622
12957
24091
15422
8712
39614
24536
37377
31312
35496
3234
10235
17833
45037
46241
23979
6200
41849
34623
204
20310
31349
25169
36327
24222
26744
42248
8350
33828
48808
6434
21354
42641
47967
38836
13383
23777
11254
25419
5088
31133
37885
32322
16937
211
15149
22042
10625
40485
1190
31212
18874
32897
5287
49656
18022
39166
26151
2703
24658
43753
15913
19011
10467
221
2783
38819
5018
1663
39902
12058
2108
16787
34460
19630
30457
49719
31755
24151
34596
45123
45374
28404
34588
8368
35423
32756
37913
38109
5828
44884
30139
43537
3992
3350
41274
25769
17696
15210
29574
5379
27919
2975
36442
11024
3985
41829
40736
23146
47905
42264
16801
4564
38204
12042
23236
43230
35336
29863
4230
46135
46862
46129
41562
8088
44747
4276
33501
34023
10488
18604
6527
10111
197
39485
434
9611
48524
2091
11948
44802
16395
1214
48404
13262
24579
46094
1346
20587
27455
733
25297
32742
15544
6854
33737
47863
37489
49673
25437
5082
9244
37327
27749
12745
31772
2302
36048
9638
29920
29520
23703
2904
42225
43917
43347
8873
12459
21850
2641
28076
16707
49600
13372
10331
16211
9539
39229
37617
1365
18038
37312
12172
47952
49475
10832
26479
17138
31535
171
13555
42050
39401
7975
24856
45673
17055
33943
38649
21159
30137
911
16662
35014
11616
46758
6919
33021
39358
17119
6611
3687
15564
11802
25729
28593
25610
1701
39662
49279
39568
49740
48994
21405
34346
9730
21842
37658
19650
21956
3745
26029
26683
16201
44996
39840
26737
19575
16710
26404
18388
41303
32184
26830
12868
38083
27928
33683
48477
47117
44451
45738
33377
15388
29275
35467
47656
20296
48995
42405
28876
2304
4060
8576
26327
32877
47103
20390
46176
18791
46363
27286
36199
45271
2790
36607
26880
29466
1739
24032
24623
2949
31542
2560
26820
33953
41128
10064
5312
18712
19260
17257
21705
34193
19365
9519
26203
33094
33032
11756
33972
46637
8458
21062
15441
22650
27431
9050
49276
46259
25319
41256
13446
18676
19924
43443
5060
17659
35804
20473
30999
7834
25991
20917
3295
35603
47029
5196
32640
46383
29126
32531
35995
6095
45025
42314
3966
9726
13930
40143
39556
29810
13124
35193
12040
33778
25646
49281
44375
13244
13706
4503
44588
16899
42283
15942
5358
24347
47373
21126
20610
36983
2367
29125
19342
6212
15375
48578
36105
6831
34142
11832
29256
24741
44600
26160
33361
26962
20682
34709
30403
20963
44099
38896
17376
2931
3785
12609
41307
32014
23584
10682
30408
1432
13536
42250
47773
1079
6880
12120
3840
40903
236
11662
36698
24613
20961
8915
49769
282
17502
49117
42254
7303
18783
37336
21645
41378
314
34354
15490
6472
36174
31931
19763
49517
43965
39345
8174
9731
25541
28619
7008
23191
3031
22293
49446
12796
32590
48964
20106
33663
39868
5647
37704
1443
38498
13165
49071
38049
29999
24686
14645
13960
30921
48223
26720
19380
35232
41876
11658
17692
28039
19474
8704
2232
29265
36385
48520
7451
22125
16452
30975
46840
30161
1824
39974
48225
43053
22909
21559
37219
41097
11921
12785
21677
4617
15809
22449
33998
48403
20117
8748
49747
2016
10756
35601
4712
13296
8136
48491
41162
36099
29450
44232
40597
49833
33640
44018
16851
5423
16073
42881
12256
14791
15880
28533
10868
21866
22163
12163
18797
9266
1224
40460
36467
30850
9485
41079
30587
33672
19743
23708
18105
1222
890
30099
40324
31937
44143
28855
2518
10751
22475
36809
45021
19570
35071
22106
7095
23265
12062
20303
47679
35846
24421
31726
34811
28997
29583
25061
41929
32462
12854
24843
39245
41369
15688
13738
31193
18203
48690
2001
47978
44930
5268
39234
23569
31379
5516
25901
27486
1807
44800
49556
19302
22999
34492
4891
16618
19044
23647
23416
21409
40107
20133
33396
35581
49392
1237
23643
7829
15240
26277
32550
21773
22793
27113
28752
32241
26130
16737
27998
20471
7880
13240
42672
4328
37282
39144
5713
11910
9496
16384
38533
10546
16625
16241
14123
23613
14684
6361
47590
26421
33565
25834
30954
43063
13379
39766
40064
28735
31429
38707
10521
9713
31019
41878
27129
30840
31246
23020
24970
32728
30091
12842
5952
36363
4348
36455
15628
47078
12128
23429
34680
48011
31942
2395
903
22264
49895
26764
14507
35973
11707
37559
6540
48518
48898
3194
20397
39751
37602
39761
7567
33641
41549
4711
32235
31474
42769
18872
12320
20213
26381
12143
24354
11266
31801
26259
45913
1986
30278
2445
23913
49927
12538
48901
16900
13553
43747
21417
28215
49387
47692
24261
39037
34143
48653
31605
5151
13631
38565
4163
24703
21694
27884
30686
35929
21529
16108
2273
23600
43485
15262
49635
8528
21185
9401
45654
4717
42125
39781
43580
43262
31469
19747
39218
21684
41198
25916
45612
14451
46938
5282
35831
29740
24815
34156
26603
36308
15254
43120
17064
16797
21970
30875
3869
4785
1605
40785
23050
4872
40263
10765
46249
43169
245
909
44024
1322
15344
21282
30064
31708
12547
14720
29281
26986
22743
18209
42748
743
29417
25527
26700
15726
15529
39678
40269
17100
312
19599
47347
20357
27196
2062
22591
27315
47916
2976
1235
9632
10729
41010
25144
25679
2120
17072
29022
43001
29699
26410
1391
48342
42811
25030
7277
43913
39747
19901
22886
28060
46855
23217
19149
36436
37719
14216
37164
3521
359
26584
13778
22393
27235
23440
24931
5126
25665
16806
617
3449
38455
43473
41469
28260
24522
14875
25304
4810
19916
15969
31546
37197
24368
26789
44650
34006
37036
49111
30179
39193
27929
35879
32576
5208
4026
7034
6920
24840
15823
45290
755
13424
46629
30592
35418
13768
23755
7033
17136
43358
49513
43829
11145
46399
34313
28630
28837
3256
26315
33318
15639
36668
26698
21020
49300
36735
38648
16706
43812
18088
10691
14903
31068
42255
35422
34317
28641
24377
208
1279
20686
44548
30296
37443
30660
30599
5703
6157
28865
35099
17103
35778
296
49325
10197
17771
19602
26865
29430
14500
9303
5825
42493
40220
8753
35977
29046
24304
9258
26616
41902
10768
29236
20763
29900
44112
37226
25763
4262
34372
5738
40216
47235
35421
8879
2190
25569
43371
13428
26490
49231
33586
11879
14014
43135
28338
8436
32804
6294
26515
41129
670
36334
17114
24558
20291
33132
27044
47708
33250
49850
47043
40902
30742
42211
45211
11798
41946
25238
24785
37091
12323
34308
42091
14819
13154
24649
45907
44456
35517
29748
30771
49127
11935
6422
15395
36895
18208
41697
36132
13734
36968
8347
12262
17643
33140
48627
48157
7130
19349
36286
34129
41682
3884
30965
22980
16803
14924
35117
21148
45050
37082
45481
18827
37476
22329
36362
16522
38279
24317
13848
38097
30889
26845
45335
41225
8786
11102
40879
14194
24451
44564
44785
45834
40345
17096
14937
9123
36034
11512
28672
3101
37182
44683
31760
21657
37440
9642
44334
3876
44775
32616
43766
38333
5986
40250
9836
13120
10403
22952
39575
46931
2938
6998
12692
16964
11477
5011
30561
41204
2982
14717
27964
36840
4965
7675
37211
39908
937
7749
5794
38043
4361
49452
5497
49057
38485
32285
42273
29084
43708
2054
35198
3811
26234
19551
11513
35721
17179
44550
31525
38094
10421
40009
17641
28998
18853
41956
11561
12090
49296
8235
5982
31596
8030
48615
42159
1650
37146
21798
14011
2022
10917
39520
45465
41842
18646
32999
38121
25180
29096
18014
1725
9510
29369
3897
18222
37820
5070
14749
18261
15515
11600
20872
9739
35921
43992
40642
16157
47374
25486
15359
22732
31594
8892
7698
13894
47097
19402
20159
27109
14539
17769
45093
29093
34523
32295
29646
23870
42221
31222
29356
49821
26414
15824
44832
6734
5613
16192
38717
3713
26928
44012
5017
41675
47962
2616
46347
4131
49173
42605
34375
43856
48617
1607
17579
4824
19005
33674
32948
24391
21807
34702
6402
49973
44674
46018
401
34571
36166
43494
35887
5880
8651
42061
1177
12906
34054
13623
44076
46986
37923
25881
47557
47947
10126
17213
1135
21041
35123
46739
26575
31743
40814
10620
20622
44652
33196
9010
36163
34383
17899
20897
590
24006
46777
34483
30129
27137
35470
32603
9916
10648
10078
6246
39718
19999
10196
6160
45944
34859
412
37124
20520
403
41349
45918
15423
3343
18924
26674
11249
34882
41525
36426
26630
3000
28221
33407
36651
25066
4613
38529
42691
43773
47534
48427
31655
29106
13957
5443
20932
31010
19771
40609
20554
35053
17530
40380
6083
3203
41106
20936
2041
8062
24824
16808
47935
10937
25710
23249
44746
8291
46911
21972
5683
38933
38831
12922
13051
21793
3983
12242
19065
44916
4558
43911
31631
37564
16722
22597
4881
12495
35036
24166
23064
22832
27092
17238
46694
43915
59
31658
23436
47424
33886
2535
34621
41337
29412
977
5437
22038
15723
12257
44090
47711
13739
9151
17166
36534
36848
4273
638
32942
20085
35101
30148
44603
22569
11120
27059
871
35519
44617
22381
49976
3170
25745
3551
10141
38139
22298
3089
33157
5604
45309
27464
12263
23645
34716
16427
26206
35184
25472
31858
17045
16114
1171
6386
28489
21313
28647
34127
34505
28331
35749
25813
6426
15570
25656
13401
4527
11635
31551
17332
3519
27413
15286
47785
23269
6331
13579
47173
36492
14282
16023
39888
31987
13952
7741
3709
37102
25868
11467
48999
40333
29921
31262
4493
14849
42309
37642
40476
10927
37032
13873
24113
35934
42715
42150
3293
27072
13944
27208
5314
18268
22574
1653
22224
4521
23251
24174
40381
48812
25543
31016
37031
4145
15692
7974
45653
2332
45519
39861
46264
19127
49636
23819
15649
15470
25020
34019
18928
27224
13789
28916
2143
3916
43703
5533
23410
21926
33780
30268
304
8263
1092
26804
18708
16286
18455
17454
29441
43388
42499
39051
26435
27629
10929
33360
6663
36928
46546
12889
1442
7505
46502
24505
9880
35293
32585
33884
9332
5660
32084
22051
27069
42853
32424
7934
996
29361
49934
18558
29507
22755
16648
14653
42668
18319
12039
31568
39036
44705
44357
29836
11747
27942
43002
49654
41502
32847
836
7180
13272
37453
4239
37183
40791
14802
45435
49083
32010
49061
30750
8156
20536
18391
30898
12831
46760
31690
6991
4022
29153
43900
18642
19792
20267
19047
4793
13817
48198
16601
48459
19661
17686
17893
15970
34844
28195
3016
40603
26754
13063
46380
25863
15472
37717
9906
46655
35279
44712
34434
23276
30460
38300
23795
47218
2684
44730
29447
45268
6754
35719
14685
620
3277
18068
8876
43482
32536
34025
30342
44463
23909
49929
39919
3223
7086
6166
11370
12895
1566
41264
6958
10323
49492
18904
12694
913
41965
33165
17742
30092
22268
39066
47526
40945
30388
29752
38398
10380
21435
33319
40954
6741
17970
33081
33890
46548
25349
29448
8737
9744
47426
13735
20489
37700
9148
22571
20909
30525
43601
49947
43145
29659
26569
27014
30876
19872
29538
41232
35830
5404
44137
3538
31644
29592
18982
33322
47995
17050
42154
12732
45745
48663
49210
17182
41548
38550
17703
26194
29577
14514
25253
30979
29286
46980
44694
33842
23506
23014
42673
9973
2547
35674
8991
1736
11300
19716
16
16975
41068
41015
8881
1447
49421
14907
18536
43762
10983
26184
40630
22584
44569
6718
20176
43759
21433
48823
13394
23433
9477
40882
42175
4092
48784
36233
38992
34107
1259
11116
8172
8193
46236
14178
18767
28268
37925
30416
38925
431
12799
40658
36045
38168
48525
29989
33825
49226
49919
35901
30682
19010
6483
4945
5228
29504
38462
49735
45341
6493
15069
3061
38388
37078
4323
7726
6339
23258
7914
19515
42296
5706
6574
24363
5995
39343
5778
48568
8161
43791
41071
17285
40133
37407
13043
6522
14088
9337
33125
10156
49213
5593
26971
41286
35711
24466
45289
44842
43364
31091
25765
48740
33571
24787
34315
41508
41462
29021
45753
35915
49866
11899
32281
25216
39607
34008
36042
34957
12731
6454
5549
25749
28645
6406
26615
18673
28487
29242
39626
13701
34179
46692
38357
45188
15214
46174
44423
12067
49113
35701
28680
15643
35959
10153
33326
5024
23699
40859
31854
44907
33053
12687
10582
17293
6605
42890
29605
33651
32477
34661
49157
45587
37812
8131
30769
17569
47946
5985
46127
17058
21421
2135
22658
44836
15608
18512
43159
46706
5211
35024
3261
14424
5822
35272
26927
23396
5036
28239
17051
36299
17536
10163
3812
25248
22265
3932
7288
13712
26179
4628
28651
35326
18227
21261
49195
48885
6628
6767
47628
1317
48159
37902
32913
39865
43565
19121
48239
8259
6974
5202
7416
42527
29075
36533
42759
14091
20843
15896
22315
46205
7077
4579
5283
38265
32491
13683
21699
4013
912
27079
35502
30213
48884
44980
26732
31079
22859
46121
32248
8758
43772
47826
41975
43176
29790
6661
40224
40329
25550
32022
18157
5836
33483
45962
22136
37139
35111
24053
44294
49717
32916
33438
645
7225
25531
12815
6360
37159
9700
20391
36228
12447
44784
4638
1239
49570
47807
27193
12682
10972
24740
29868
38021
21311
7954
28257
47214
38645
17498
32960
28596
5668
571
5129
48325
34617
34484
44696
479
18450
47687
21308
32336
15425
11478
5377
49844
42721
27373
41637
23598
18165
46143
32427
1563
27291
8871
4344
46733
44965
24643
9946
25250
47187
49448
33211
27567
3175
46134
2299
41206
4380
17917
45769
7979
2634
16904
36289
3655
35413
27914
11766
39138
29730
8301
17068
14443
19150
13675
3382
44067
20370
16128
32422
30189
42409
46839
728
27267
45095
49047
36954
7827
22482
43716
32211
12921
42151
3669
11339
8205
30413
4772
15418
10792
44630
3736
48922
32027
44347
19063
26502
48156
3969
37397
24422
48286
20067
18259
40612
41367
40517
16771
34574
34723
35411
34947
10813
15284
40004
11106
42658
31761
691
1903
45652
43693
17425
18415
45890
48293
47537
32633
2334
35440
16831
39757
30087
28183
6509
14278
46723
6168
35628
6710
39759
14532
39219
29421
29492
1700
15014
47095
25121
48550
7366
28674
23536
27415
15421
7191
6335
6075
39404
16015
6954
39691
31941
42935
48657
31044
9840
23163
424
32892
45784
3851
21269
31441
43873
37305
47073
14316
32386
43229
48024
33818
21846
22565
15285
43142
19709
14164
10315
39867
8983
20804
33755
10199
28012
49028
25177
10716
48929
31650
11010
7050
4293
36528
36480
7576
23336
32359
48709
23147
49092
19097
45222
6010
7158
36044
8931
46687
47897
26156
852
34867
14440
13528
49140
6811
39301
49582
34619
1187
44910
4287
3941
44223
49371
48127
11028
27517
11195
17602
43457
38589
17531
5238
39479
36612
2188
35243
25083
3051
20490
10040
21134
32561
31648
41905
10261
18348
32744
40127
16976
42117
16793
49825
41986
3896
28493
12354
33262
6084
14497
29463
46747
45106
29019
33299
32785
42088
47412
47551
37743
37931
20123
37
33524
21290
48860
4217
40049
5879
36078
35988
37958
47820
20768
36388
41504
42182
36077
41696
17865
20089
2837
39560
16680
31848
3387
15112
32191
6906
25591
39022
37188
33011
48814
39466
9870
28927
40909
47348
43083
3392
29304
13948
23256
8905
26921
25970
11217
34720
49707
48755
6223
7842
46497
869
5039
2895
13563
27548
45155
26141
8449
27432
9342
7754
1809
24105
28988
8640
39679
23194
15766
27005
7740
19666
48413
8754
44064
2675
13248
28180
3567
31069
33475
24186
46818
46032
35708
32166
16880
35525
49352
18304
47112
24508
33117
36621
1342
8562
20821
6368
13299
31482
20994
16081
595
34246
9685
10918
16380
34527
11383
48256
31584
37119
25262
27197
35451
19037
9764
41830
332
32229
3744
23698
2876
38741
40360
21565
19885
42648
23785
18636
19633
9394
19159
18243
3368
26888
14161
20185
16940
32453
38766
9363
37687
28943
42237
18595
36080
42659
28223
38702
16872
35066
11395
2425
45630
10293
23857
15024
42718
35832
41827
7654
18312
43466
18292
48986
11844
1456
36929
19083
25560
36762
20013
40915
39161
9990
7789
47838
7708
25491
38331
37631
44467
30783
41342
24063
44682
28308
17499
24541
35313
5225
8604
35905
27709
21558
805
24619
14407
5841
20212
43520
22297
39892
41516
13927
7023
40463
40243
7056
10746
49709
28097
23767
26827
4453
46310
34553
18073
45849
21724
34411
46471
8772
7790
31247
45504
39625
48957
40237
17460
40223
29535
10703
16357
24453
37869
12763
28092
27338
2134
19344
26330
17721
2608
406
2589
19343
28450
498
42796
32243
40400
15288
36803
32693
3442
36438
8666
41033
42840
8764
45742
48467
21766
35458
27585
16846
33497
20317
28451
33880
7767
4303
45596
3078
41414
3484
6641
19440
39921
37519
45780
37060
36486
48913
2612
21750
47510
8211
28582
3553
19234
29991
12758
28683
21968
26046
25243
30291
7032
4426
14709
17159
31202
36473
29041
26294
36631
38414
40228
14943
32890
14212
6629
23848
19199
22915
43097
12601
39636
34675
24506
45072
40013
16245
31575
14235
28584
6300
45546
23415
11344
14553
29601
42618
32610
49006
29576
38241
13661
25227
9607
14980
36958
13175
27984
34581
3981
297
37940
15755
45255
30583
47184
40742
32967
31806
22606
32109
12259
11833
12978
990
6245
33467
24985
48739
38132
37406
31162
18913
42515
32806
24655
37696
47903
46661
41387
48616
13130
39822
42064
4862
16049
7546
9304
14058
23230
22045
13407
47621
48196
19470
802
29000
20955
27354
39080
17397
25159
39275
18781
17122
37732
36142
36946
14676
31371
9211
17688
28371
10027
2248
4477
41209
46959
25291
22655
2646
41507
44469
45677
16652
29517
40748
35891
46387
45047
6750
24441
28816
31745
25237
8461
8448
2617
42086
11763
1039
38446
49524
25249
10881
25394
1345
8888
37326
9660
3264
750
22993
49718
17291
8549
3166
39371
28514
21981
33546
36460
47680
43277
17607
13460
23294
15115
47033
31406
4808
42315
2889
1141
49819
9049
32912
37938
46978
12549
42596
42787
24511
35391
12045
22916
11977
43184
14565
18760
43951
6732
37539
14537
2110
44420
17259
16572
2199
21488
48438
34402
4269
29912
46023
9509
7484
45215
6792
11417
7018
10083
29462
46559
46573
8505
13936
44062
16069
41040
28474
26530
35993
34708
41627
23047
12360
38326
4318
41101
16236
27331
38461
32727
10604
17323
14990
10549
35632
35061
12348
2353
13341
34557
41658
36240
1086
37016
3792
11236
1710
43131
34386
12187
49153
29623
12999
25853
24112
19959
37893
40722
30261
2552
8830
19142
42028
16079
16905
43609
1307
36614
13970
44328
20614
8522
48890
16686
20282
34004
46937
45710
12389
30434
17585
2605
43765
25154
15945
27721
37345
18046
28586
23411
15132
11237
14852
31779
37669
36395
40610
4391
20635
5759
2916
12773
36830
43444
25332
22063
34229
37799
132
24681
33113
37131
3790
20877
2936
1538
15178
41966
49093
9457
18665
46084
28206
3806
48249
30715
20649
44943
28808
31714
24849
40142
13773
3227
12783
5802
45827
36743
48761
33994
34113
1894
34040
9136
10224
42233
2056
11907
34248
29771
47113
10194
9469
9798
25446
7758
21000
9760
135
39880
48547
17083
4863
22347
48859
4035
35593
46920
29892
16142
19124
20606
21276
31028
33293
11849
14544
38033
3922
21486
17957
23364
25138
12506
41458
48449
21642
10317
20988
20347
49373
41941
49037
26319
21907
22175
42298
22467
18183
19526
21011
47312
27878
34656
1506
12456
35058
38250
49405
49304
10870
34909
39509
7879
14441
39968
45388
17748
20281
42437
28678
32388
38431
21381
5895
46087
16160
6068
24073
23476
43484
15405
29928
42530
23469
11038
104
16791
49481
440
8120
39040
12421
15966
25036
24434
497
28009
577
42676
27644
19826
18486
16350
34261
42517
20515
49502
4074
33043
28350
25972
48364
37110
7132
45412
17801
44925
8148
46792
2322
45691
552
2178
19475
7838
43724
31681
40091
26302
7159
21375
17127
38434
9531
13834
19409
25329
32458
42606
32575
28172
26448
47554
27158
12219
45276
32907
16819
21543
4338
28823
45588
41195
44945
16421
3622
19951
2426
18020
9554
8469
5319
27200
48315
26957
44530
32511
4005
49204
41035
34043
27144
26712
17486
1451
23533
27036
34579
30675
10702
13918
15093
2545
13775
39160
27861
1601
15973
43780
7193
48869
1805
4672
13192
28400
32657
3060
10676
11751
47191
7648
25172
25622
7771
43318
49917
20323
12228
4357
25952
37166
14342
34556
16394
1708
14260
47649
33254
13279
41971
34802
26322
47851
16409
9407
46177
49772
16024
2259
5850
38032
44030
7085
22633
26244
16143
42959
48695
48048
48402
36650
18686
35299
41710
19384
7872
13388
27023
25878
18229
45349
29037
31638
42294
37100
45912
31493
7181
34600
36197
34691
33281
6847
14731
35233
26973
12837
25188
11941
23815
36238
49640
32265
42030
22107
12429
23983
13979
29695
4885
9111
7337
40219
32977
26176
46951
27940
10981
24163
8113
12595
28081
27227
22243
46728
13534
5667
10700
24958
24049
24496
15358
46068
1842
27632
29033
36375
41400
2382
34111
3877
11032
24279
32776
43337
46323
26964
9365
18841
41319
18230
40683
23221
4684
48285
4733
48463
628
19194
1929
11951
35935
42079
33430
6352
17574
27159
34385
18487
24127
27996
4866
16794
40188
17884
42690
190
19758
19629
30540
35807
38114
40564
49770
8974
35305
49072
12929
26102
42222
14845
18154
22076
32435
40367
22833
49878
30088
16275
31572
5294
31808
15298
40392
40401
47689
8581
42129
13771
24137
36367
28022
19707
8809
2928
25625
23702
49771
8369
6494
44318
44356
25643
22707
5652
37653
11205
32440
46401
46762
27238
14026
38323
46374
48546
25787
47406
5993
41394
45036
14285
22033
21506
37673
5356
3741
39637
9159
29076
8017
31111
10398
25369
23609
23834
30100
11614
42773
4780
35377
45327
24353
42277
24644
444
2369
2643
37478
3692
9627
44385
47786
41136
20573
14423
14564
44224
34649
29731
29675
46536
46058
44508
48551
1715
25935
19785
21364
15940
44299
12496
32436
43167
47686
44056
20681
46073
8468
18728
16616
9309
42953
24171
28900
45010
32570
45350
27643
10710
24324
23159
27987
13963
11483
4188
7899
39887
36802
32057
48158
14613
6457
7977
4823
108
14778
23879
4814
47317
7528
29522
49739
16886
25242
39461
38403
21834
2825
1093
26092
49958
17315
7390
48820
40462
17730
49493
43663
38154
26488
12330
41047
36670
16526
13670
49163
40128
39988
35459
49951
7230
31011
34362
47342
7213
17443
4598
43003
35437
30901
33255
2470
47857
14916
25142
11740
8885
511
18186
4219
4689
3807
40585
40913
21530
8279
16677
683
44590
12287
41815
40443
49099
23727
17288
39808
11475
47281
6560
36699
6430
2772
44888
11186
42894
23211
33572
5762
37042
15828
32792
36086
39728
14927
45026
26004
22917
17139
7955
21410
30055
15562
29119
18056
28575
36006
31660
17988
28472
20024
24183
6814
9969
24804
4667
49939
30526
1979
9740
42661
1930
34828
30400
40811
43275
20172
5085
16502
48646
48619
48422
36325
18662
3214
49456
17210
4644
49423
29052
15999
45712
24283
43799
2220
45670
10800
3530
27956
19801
27559
26504
1244
31487
6280
25028
34829
15451
35595
31734
3765
38906
40864
13314
14461
23551
14177
20280
17591
11304
45786
29580
45991
1962
24269
14563
28961
16558
43948
24870
10250
22199
3645
36542
12106
30492
42380
19552
43228
27655
38545
37981
22130
6860
46221
49229
45191
6185
45272
25327
11598
39554
4938
39946
27344
39367
43368
45574
32102
45683
7267
44553
32216
5966
22131
10014
29183
15576
20242
34451
31131
33289
34604
8961
30799
47270
13309
49480
1178
48765
28976
16464
37592
5454
5689
40928
14205
23788
20951
328
48425
499
27753
5487
25561
23648
25025
10170
13532
43464
45113
49604
45140
15098
19385
45131
11130
12507
19049
3034
21233
38723
30170
42790
27813
10099
43196
47314
21873
33578
48151
20738
3468
32125
42619
27498
25722
9118
13048
21823
37463
21155
37449
43950
19140
29044
26121
45627
5730
23394
39793
44009
37855
11794
39094
12238
16605
32346
14237
47115
21426
26064
33286
32775
27394
40247
41226
20127
2344
15711
30939
15426
30474
25547
31497
30147
1390
9807
27667
2992
45557
46540
24863
10128
22093
30046
18011
25582
5809
5416
32829
14700
20773
25194
13791
31949
38149
27192
14817
11653
33602
9246
44378
17790
28684
24209
37561
24018
4207
35555
29336
2755
7323
8444
8280
8563
38887
13238
37896
45657
19279
22502
32122
41920
26658
36634
31251
13406
35637
27485
7907
23437
19337
24406
19051
30851
18823
28190
15258
9816
2875
11656
34846
23521
38511
1450
10689
5340
18155
34422
17178
25264
29030
39996
15800
42985
12410
28892
28652
4133
49380
44341
30023
33380
45737
18285
47580
4266
14127
20862
38128
8486
46516
16092
25182
24433
19401
43041
7552
11348
27047
32596
47430
9346
39998
41607
19624
32070
30967
2490
17237
42334
4447
37486
46784
706
44028
38284
20795
20776
41757
3492
24908
17947
763
46775
36648
36131
29599
2225
40222
48887
16758
18380
15837
12292
9701
41142
29889
792
32889
39618
6220
24650
27649
2733
3874
17804
32100
7736
3221
11520
17960
28259
10201
7002
46346
37767
17842
25958
30155
22061
45065
33352
8296
36056
1850
46832
18175
22367
35511
7695
10882
40378
46403
15548
27604
263
983
35029
4335
7491
3249
43770
4034
3296
5155
4100
1680
43671
39730
6887
43858
49889
29837
20765
19494
28947
46350
4727
23279
6544
32478
38460
33993
25681
43518
23213
47482
14695
35246
41425
47845
23386
7759
9932
28789
41073
37518
32636
4460
31721
1274
31630
36015
37840
42945
2453
11934
15589
21827
1383
45449
1262
1028
24375
16432
5222
11629
42377
16978
21692
20338
44355
9433
26040
4961
29066
2728
49836
23246
19847
19919
20532
24883
41389
19917
6028
27572
3473
20081
2345
12573
42804
41632
18029
4805
42186
40151
4233
29533
19374
27875
14460
33720
25430
5483
17468
12759
14022
315
10062
39790
20051
28569
5063
38299
23574
28954
49344
22025
4539
24245
38752
1922
5876
32020
6827
35767
12945
6624
22099
38753
48086
35722
35813
650
13258
44038
377
14190
27908
18280
46072
40527
46080
14559
30590
4213
18537
4536
10673
11696
8171
1360
9535
3334
3999
17964
3799
14550
23090
15591
23686
26132
30284
33074
115
39171
36863
35981
23130
4238
1892
30237
20513
16750
27457
45647
47297
8979
29339
12657
3956
34187
18181
38421
20332
27944
45805
5463
309
17866
21195
1483
31984
44581
12586
8890
27628
22979
16414
8519
18223
20938
45029
32930
4562
45939
31675
4343
25960
44055
43752
37260
47110
16334
47403
32364
37132
11882
23885
15057
25045
24196
26463
13492
24228
18357
27094
25778
20981
5026
4637
316
26740
49849
46621
3809
23066
30726
23107
23325
3138
27307
38445
11233
20657
1433
3612
25699
2635
3326
44428
17481
1786
5884
41612
12714
17922
19920
13575
47287
47146
9838
18030
41907
11277
30884
16521
25792
5152
47177
48421
23713
15674
29655
32255
28140
23408
27027
45867
41803
44621
542
28040
35760
48861
1520
43832
26385
41977
37314
33909
15874
24528
26862
48259
2246
35218
9011
6413
15796
26115
17549
37431
12737
49250
32226
49294
46090
8393
28269
40660
1768
17864
8755
43220
1723
23891
2126
34727
35528
45210
49425
35857
49354
47911
29070
46474
13790
34003
151
9718
18951
18008
37944
4678
17193
34796
31187
30659
13802
26338
31676
49090
48982
39255
37676
48210
46856
38823
26758
6586
45443
2295
24634
32063
30585
18986
41083
15612
13889
33200
7117
26906
19323
32753
27425
42687
15489
17948
36293
38583
35671
28066
15315
27110
45008
29230
299
40651
24200
21802
11984
46724
41404
26745
31991
20260
16479
11510
32754
34355
17732
46202
45194
31844
3049
30976
49699
10473
5774
32034
7126
39910
10951
14390
28149
28917
21453
48651
21176
25219
28539
37546
45858
29338
17232
37152
34429
34293
15337
150
32245
1133
2067
44517
37830
31083
25254
5457
8617
15590
2119
30586
41996
27745
23495
41791
41897
30339
46301
10219
41037
33092
20824
12340
46815
27332
21465
44291
31508
48344
829
39236
33495
9074
6652
44748
26395
32354
17593
44019
26011
24501
8054
957
2661
35861
47704
10035
47726
17037
33716
48701
8546
48737
13231
23695
26749
4078
42772
16258
35800
31511
36089
40961
28384
2619
622
40284
38133
25581
15203
46218
7599
31031
35192
11436
42870
38234
49851
6913
39890
40731
18627
19480
15253
21263
43809
34874
8530
5655
8674
21048
6495
13399
8058
10781
40952
11558
25764
29564
28274
8286
6804
18036
35746
41538
16799
48654
13437
49619
12644
2158
11569
24989
15542
8899
13774
32060
10004
31306
20602
11820
1568
35109
12846
23607
2079
46547
12477
34868
4850
23003
25434
40579
22192
1597
37699
35848
16466
42615
49697
47989
22438
40937
25562
10031
15566
42927
28938
2033
14876
41060
41613
29337
14649
8246
8629
30041
15583
48721
5666
35461
47216
39452
25149
40832
45796
12376
709
30107
48715
5232
14870
3063
6333
21447
26699
10137
17105
7419
33742
15987
15044
33287
6313
34766
6705
40725
42452
46118
24161
23393
33000
23535
25995
39464
11433
14072
33942
45048
36964
16600
12814
32569
14289
3457
25621
32244
47806
38430
28775
2239
28786
17631
15137
9778
1232
49277
10513
20759
49647
29232
29157
39561
35095
40676
40010
48274
19728
23479
47840
19219
29213
30241
13580
5038
29117
38443
16098
45713
10472
17796
49059
46613
12830
35149
27484
29496
33752
30657
11473
23412
9949
3624
28141
7268
23987
26472
42148
70
87
41798
20012
15307
5178
44244
9002
31442
5692
26291
5596
17764
13986
48029
38041
35350
30879
3398
47181
15275
21190
40932
41384
41687
15527
47109
11718
34869
32846
37742
11852
45232
29673
4520
30601
37526
24120
37126
19547
45850
3129
20684
28374
22485
31263
40910
23553
36387
5257
12446
33567
23297
2828
7341
18991
26800
42562
34915
11719
8154
11303
4791
17249
38734
22196
27449
39073
44985
45996
11722
47754
10446
19408
33619
47210
26163
39608
9995
35559
45860
38503
14879
15469
7027
10195
21785
20268
16483
19955
354
31102
41967
42942
19041
32370
9678
3198
2694
28747
30490
8630
34334
6995
10611
47712
41963
44873
28263
13327
26956
29726
41895
48073
45489
47520
40924
18221
18990
42734
47669
22831
29150
6751
15190
42958
36302
15051
19184
30300
19395
31321
49396
25540
49324
7661
38904
25704
3620
1040
24795
18949
2209
18615
9951
27768
32329
21805
166
28614
23447
11525
14370
48821
46992
5883
32513
4830
41881
32012
22299
20753
40307
16029
2191
2005
8203
7082
17938
29716
4027
42913
21893
47396
32310
16534
32935
7852
46561
8500
26529
36468
47080
35074
36761
43557
7835
15944
49053
23239
43104
42367
16145
43555
44261
41749
12395
41465
44835
37467
43374
2624
9784
46504
40273
31367
18602
15493
2721
33797
16008
28706
3041
11015
18732
7203
9525
47660
20522
11313
21745
46091
24207
21438
45874
39848
16330
6721
13073
45917
9470
1951
29688
41470
43912
31699
32220
47755
31123
45332
3540
12266
33535
15054
36483
26771
14274
6087
43134
10540
22102
49677
13156
19456
11595
19528
38656
795
9675
19944
35818
22258
4880
41919
35549
28541
38113
49545
47367
372
24457
37214
28437
19966
25221
44584
36744
29028
152
9965
46133
49114
33862
28946
36576
12471
41752
21871
47084
48916
3921
29400
12325
37372
18374
46041
32269
18478
31973
3266
45438
6926
19810
727
1982
18317
47966
37071
49241
49987
49583
17011
28646
34060
39164
10234
17356
1814
1954
18900
42627
2836
26058
36947
13139
37697
14566
39017
37957
43182
26511
35308
5903
35144
44521
47428
15336
13472
13190
34322
13681
6925
38125
44655
10400
31138
4917
37541
4107
5450
3362
926
38797
42364
9147
11733
26765
32945
34285
8422
22428
43390
4592
3355
24871
49786
31154
18059
9709
19623
41674
41189
4174
32985
31878
3908
29815
37396
15623
49165
4192
39943
27295
37988
25292
3208
8407
47917
26229
44505
33292
16906
39726
38117
34274
43023
18410
13673
36595
39230
17918
25350
43305
46577
29703
2498
12629
30613
9979
49417
19430
49894
17664
15007
20201
38137
9284
1905
34382
32387
35260
37331
20813
1048
26438
39522
30635
2068
45074
36033
5812
34146
4923
17150
13600
27122
48562
14185
500
40862
37565
12820
12691
31558
28948
43122
4371
34306
4281
13858
2564
43018
26307
36684
19230
9806
29470
9741
24594
43733
9908
2231
40675
585
3642
25523
26719
37475
20566
12052
14767
2096
18517
35875
19798
22894
12986
44468
28023
26379
38320
4079
13176
929
27918
7394
46256
48643
2866
46274
16777
15772
14122
8684
30897
33353
28031
35515
31677
16587
23357
26263
43107
21636
32873
31863
16857
29309
8797
8595
15626
38535
7331
4099
48853
34291
25373
14707
39477
16347
3181
30940
18318
8306
49207
20913
37413
9832
30080
8398
2026
32006
14835
24403
15465
3022
17478
29854
41717
34787
24263
24846
3341
44936
37098
10659
39480
3050
41668
22049
17752
8383
25013
36075
3124
26586
38449
31395
15334
6657
36976
20300
33540
5392
14345
11783
18383
1438
14101
39150
30225
30277
24397
36808
12299
5125
46375
9788
1637
20084
13788
66
191
3943
44186
25809
10399
26333
31792
40085
12649
21186
26498
1091
21695
4911
27992
41528
48564
31341
7596
25136
42801
3167
23401
40466
30255
18419
43411
16631
31151
22566
18820
12011
20549
38732
10339
7637
31864
30108
34538
37670
47877
30146
34582
4714
24961
12215
41767
5817
38374
3268
12513
6367
22080
31433
14892
11897
40452
31090
47561
9481
38674
34804
33769
36242
19772
36323
8850
49249
5073
14898
49801
6986
32302
32129
44797
14659
17663
13937
11279
9619
6424
34721
16398
8108
27065
48593
5012
8719
32069
10086
30578
34964
44146
26171
42140
13090
12663
16268
22451
7239
41065
30370
13315
3784
19309
42703
20439
39514
17494
5451
27256
20189
36226
1468
30631
37480
10952
27366
16584
255
14997
14561
40359
11349
43613
15680
32101
7825
26346
16468
13896
40764
38385
40595
13412
31547
3814
15917
37006
11986
21026
31331
41845
46466
48966
29432
43922
22003
19262
3827
20119
36217
224
39499
9668
154
33188
18860
24070
13138
38423
40477
43438
11201
15321
25441
14614
46632
45266
19538
4833
21878
22135
46842
18683
45294
38278
10471
33687
20427
21600
45235
49891
27965
18498
3099
37821
28686
1533
21561
30493
26374
11901
10541
13696
16063
49437
5089
31662
8315
5628
18763
6258
9664
34475
18937
4835
18865
47355
11754
49804
5162
29370
14102
13680
14272
43218
24335
27364
26272
6156
26961
20583
45802
5110
39886
4337
20102
49375
1669
20978
18079
28670
40605
25931
34808
4739
3428
4795
7909
46656
35950
37379
20833
23270
49663
7216
28616
33841
29643
27741
7728
5160
37310
49904
29196
49745
26824
3846
12575
2826
237
33556
25056
11637
8533
46603
17860
10462
47964
33831
7012
11532
20868
17701
3893
17220
21124
47810
39337
695
11176
13570
25044
43937
40918
35115
45595
42544
18769
5984
5869
49838
40176
26882
30115
39803
23391
4264
4258
13488
29694
37462
47437
1874
11463
39192
8701
37137
41790
45634
27112
12810
36638
37955
47934
44928
27049
26538
42765
18870
41733
1741
30699
30680
10332
46759
1373
36768
15021
19833
8663
2674
40793
43124
15657
44847
49955
47015
8206
19059
21567
39957
12102
37253
955
45974
9382
41992
17344
49848
45855
32949
49330
25417
42024
11504
42610
37910
39148
46741
26398
31137
25768
25669
31355
30934
36418
38880
15604
46889
14975
2161
5424
22490
27968
4542
30459
27687
22928
22067
21868
41639
28699
5316
11664
48291
25737
5768
4461
17950
42573
40892
30439
10140
38774
14322
11343
6890
37249
28717
45687
29887
43706
8152
28390
23971
39827
45390
10397
48591
12974
20175
47673
21087
42511
49443
27534
6135
32529
38590
49115
18624
49645
2799
7111
19943
39434
10432
36347
16332
626
26279
11831
19449
10935
9696
29399
21444
17682
10906
38206
5054
39091
44935
34894
4842
37597
10894
19030
4043
29483
47491
16963
32710
16166
22359
18013
25338
26601
23309
37479
46881
40377
14043
15330
43201
42097
31524
4045
47448
27896
13637
1032
48552
24972
40425
16486
6047
8512
5104
35718
48373
28708
15414
32375
33736
18267
34500
38668
46324
3117
37854
10050
35406
25217
38188
18876
20134
13142
16903
27869
38612
40516
40852
5968
47953
43685
46402
49674
46495
14492
7457
34089
32055
25869
8121
31870
44192
32537
22158
30009
27526
16243
1868
5002
6163
16239
18901
13743
3448
34755
1613
12239
4949
44770
46857
14254
10354
8922
8829
18819
16879
35355
26468
39277
14383
22611
12593
32932
40016
24914
18707
29005
12979
47657
11446
40019
36341
1574
27439
44392
49292
34961
32544
43294
40838
30552
49430
29313
6277
47870
42872
28061
19310
46297
3539
36525
32831
38805
23919
23676
43235
36104
45937
31348
21118
1990
17471
5874
40569
1585
19412
24178
46843
31640
20906
7536
19939
16280
30289
12170
46549
46925
15799
46040
31339
36262
25583
21967
12185
12887
22620
17935
46445
31032
23244
686
31905
18786
16155
33730
35419
26592
26412
12382
4557
18488
43604
24926
4215
31682
43904
11981
39589
7417
18360
15223
5233
20683
41207
35338
36116
29968
22753
35809
31267
45719
2806
3079
22780
43261
44128
20367
21273
17937
23537
1031
35582
12096
38650
49474
3670
45391
19351
29953
3377
33864
43570
44719
46100
7045
23188
35597
34035
12627
17041
8046
15108
30185
10853
39670
33027
28398
34163
7866
44831
40098
17989
45988
42670
1437
13197
45870
47677
47122
21093
16725
16212
13216
28771
25570
48872
26304
35096
21985
12843
31971
24692
9099
7345
49531
40067
9372
22679
37288
1097
45073
1782
32488
35445
47300
43836
36858
10106
11999
42960
1378
3782
28626
2099
39500
38877
35080
13075
2689
7487
22770
12801
34351
34660
12024
39572
32700
15028
44001
45810
13040
43216
37191
32635
32326
29482
24369
25367
27166
8255
40208
32000
47303
42112
4741
35607
20074
40848
33966
47777
14716
22818
12201
28671
38747
16897
11884
1303
45945
32903
4517
32663
42657
33275
2579
9476
29561
8861
45823
17958
31086
1913
18778
15546
1245
10565
47310
21108
13668
42485
37554
49500
29197
44512
40626
31051
21755
28793
20875
47694
24247
43536
1407
24230
25601
8417
14094
23372
23153
35148
43012
22368
7016
46230
9831
20053
35138
5617
11177
35826
47085
32987
26061
18862
22967
47909
6059
4267
3526
1497
23714
27107
20744
18095
30796
32862
37964
17440
18283
36067
41605
44535
41489
30800
33150
24539
18260
25659
10353
37992
17272
36790
30730
20393
26426
14348
43979
20505
43713
28443
45241
48431
45261
24411
26190
32917
19562
5131
29940
7460
33424
27746
4038
8896
31777
19496
38614
33082
24573
6892
4756
45135
42470
16681
37516
6627
14994
16746
25201
32445
4490
18795
19713
20889
16400
19594
133
36253
12622
47847
2734
8231
25928
4749
14089
28412
31423
651
39186
18505
367
10941
28482
37009
11669
19197
2112
34002
48747
42655
48848
22378
43605
43591
32545
6579
36661
35591
35303
7875
15435
32705
409
21799
32218
23933
26583
12848
18109
14978
35942
17789
1276
34507
49505
45523
7885
21881
21441
40231
34589
28158
34148
45002
40554
4581
29438
293
9873
9302
37524
18967
4526
43168
49704
19033
36752
35478
42035
38246
5176
33400
8496
23210
1869
23342
37169
18216
13445
10254
47377
6019
5511
9138
12273
34135
17130
28875
30369
2852
676
26677
36204
8106
4011
386
27356
47776
1592
32624
8644
3917
7069
8302
13009
49248
46788
33837
33064
6241
40834
4485
32207
16748
31307
29184
690
22568
42972
18574
12197
3077
39162
49533
29065
7384
38464
2565
704
31130
17768
39431
8636
34514
47502
5434
40488
37870
28421
39591
43546
14998
20664
25412
27997
24578
23525
7306
22039
34549
14643
40646
33100
21955
25989
27252
44352
17228
15806
41094
38169
15331
28096
10370
25708
28469
28579
20152
764
16525
30744
24427
14484
45724
21566
16312
40499
2918
35181
6756
45284
1192
22645
201
26086
32046
23059
23076
10209
40641
16991
2497
32581
30911
308
37369
19662
23283
37703
49222
42818
43403
30367
7956
26235
34027
35323
38673
20431
12147
34608
10433
14568
1263
2896
42179
43214
2169
7026
43600
6344
23503
9077
28496
15539
5229
2025
21079
43118
507
46190
13290
35798
9692
44722
36793
482
14499
47413
49298
36410
1877
44183
10174
37374
24201
15859
37492
41391
18810
2360
30997
25811
4734
23120
35079
14667
20111
25823
38404
46296
41373
13846
872
24517
47643
38283
45714
13615
23164
1758
4964
14283
43859
40562
33025
19084
29990
9856
27598
28497
22661
37769
30014
9952
17823
33915
43238
7824
42013
34918
813
38690
5156
24572
29565
6934
41275
46416
36938
47128
31623
7989
26539
27142
18706
33191
16598
20019
48135
33338
44511
3708
37725
2656
5999
41923
31948
43745
20021
7566
14789
23088
26980
45940
21734
35048
8451
6964
35812
39200
36737
17395
23948
39325
27362
554
10681
39043
45736
36798
34307
38838
12210
3668
29260
22809
42451
40815
42844
31411
5892
40772
10528
17020
36429
11045
40138
39027
45904
18629
1803
11226
6456
9566
11960
3337
25862
28468
21595
5288
18347
24398
33029
38599
7164
23982
41800
14036
34548
17018
43225
25838
44373
5157
45213
25593
47595
34217
23330
5199
11918
30661
44478
27446
10047
49287
26832
25193
46395
49462
13441
9478
33042
43486
30257
48537
21202
24067
7237
36491
27602
4031
43825
15261
6643
23904
45339
30491
37651
2484
18150
18121
40703
11066
47983
4057
24340
14203
41645
12110
43783
36196
3954
6592
3074
34652
20004
42286
2648
28769
25539
29973
13033
38427
84
49809
10550
40408
43952
13122
27848
18893
24660
27995
20857
9395
11292
3743
6340
36421
23021
42339
27698
35877
2937
15504
19868
6852
21764
31958
6884
3532
35185
8125
38024
1689
5834
21330
31220
6790
18603
31951
19201
4123
9631
27120
5559
26531
40159
2496
32253
39967
46441
34903
27339
13685
3780
39503
7078
14920
1777
27007
15689
20615
45638
47049
15572
8316
21227
47517
18804
10320
40575
44126
19298
16868
46836
10901
30409
10260
43113
15259
8535
43930
16938
19804
15212
14729
25100
38760
33601
43931
42083
1996
36493
14751
16476
48985
34348
40277
25941
7140
5697
11441
5832
15267
48084
29882
30113
35814
39149
20910
15061
8855
37311
23944
20422
13012
5355
4333
16018
13268
20673
42402
33464
26052
47763
29494
30005
20550
37922
35885
28095
39060
46653
2815
25840
20298
6055
2782
32556
30543
4399
23887
45614
35788
9940
6994
19620
43545
2645
29145
36292
19264
24865
23196
44786
14922
48519
16582
28949
33721
44274
48231
38519
11728
3354
13662
28471
3845
20562
20470
19948
12224
3886
14923
21474
8761
10731
38215
2234
25587
33922
44878
48509
16809
7364
34683
19695
45665
43323
47992
12781
47705
33244
38761
33217
40289
47279
4112
38560
42939
33195
3405
4601
4326
15213
27852
14756
3621
45589
46915
8941
9336
40403
921
48991
29618
20551
37612
46286
38867
17991
37452
39124
9085
22946
979
15364
40261
19691
9717
45798
15831
14711
36838
10177
36820
31507
46574
38217
28923
5805
49082
24902
49331
25670
49777
30717
49541
33104
5777
31424
48148
12988
28299
3698
45200
18090
48667
14035
25700
17047
26138
37053
33349
43044
33624
44687
26191
43386
5058
46438
13983
38516
23419
10779
38220
31837
29871
3340
15067
7911
16462
10655
7474
42290
44043
22027
24516
707
28521
34360
36357
33836
30886
14515
22643
26501
1811
28167
47752
16733
12151
14230
20334
41972
36211
24770
38184
25814
12014
15340
48668
24154
9944
17685
26905
36847
36114
44446
25904
35538
48302
29761
48103
2080
43448
45022
8482
40802
14988
10967
34152
7547
10788
37258
18063
24366
41936
32951
8726
35755
14382
26436
18320
39588
42090
37283
48319
21698
37734
1228
23880
9820
19383
40999
15053
34562
19145
8215
7640
22292
32066
44007
13596
31139
5467
3506
45322
15683
23268
4408
36834
13947
24987
25424
44500
9598
1148
1801
1427
1753
3275
10995
1112
13143
25786
48015
20474
24242
11506
44931
5564
17651
21825
7517
37641
14286
14435
12808
23534
37208
48874
22513
7752
35229
24380
19028
22357
38158
22062
33815
49810
26796
10066
29744
25852
27565
27973
2380
6949
49716
47782
43359
27960
3019
2410
28846
21700
2946
7917
33405
3665
22491
45676
3299
28444
26460
37295
24447
34453
17542
43554
22234
39834
21882
33076
19642
44489
16635
9900
45693
14468
9886
2713
22138
48111
14547
21879
17630
3593
26008
9925
49002
8219
24761
30917
42778
40930
48228
33940
23048
41483
10118
8746
3329
42815
6093
16645
9558
10389
48772
47453
23392
45678
45001
39613
62
22990
27850
29644
16575
37974
39208
23103
43618
12762
13598
26559
35907
42575
29840
6810
12772
24115
34210
39723
5787
24994
28742
27203
29316
47815
39008
21031
40549
9623
1309
39649
45885
23801
26457
24860
18465
21901
49842
36696
1333
49830
10543
7621
38013
38451
14690
34598
43728
15641
40181
44494
39619
20644
36488
6771
35407
32802
2769
19057
4042
39533
30431
7884
6215
7577
24745
41046
46736
34314
27245
17322
42602
5708
17239
9174
7605
33863
44486
13917
32274
32706
46391
5551
23798
10889
17067
7883
31536
1980
22691
7926
39084
24450
25976
7229
31330
42666
47275
19541
42635
29722
10532
27576
41913
45126
21237
27274
15296
21829
10966
37194
34887
17264
46841
24953
39311
20328
5004
37264
43691
39580
46524
15919
34426
49994
26517
3265
22366
45315
12955
26391
14725
32980
14596
22961
21249
25448
37150
1864
4604
20516
37601
15196
46368
34628
7030
22617
10359
4759
5195
32266
26270
31144
46948
24295
22372
31035
1087
27817
9204
35441
19932
41381
31563
34998
3853
20499
44547
27622
32718
28139
35329
15843
34259
14059
13539
26617
21517
25200
27720
11543
37727
251
23056
29696
46307
7437
4967
20903
40665
16782
29822
11554
38073
4883
30663
44376
16779
13966
46229
11526
3220
24570
39716
5037
25653
2114
16613
48828
2859
41505
48620
10944
48475
9277
35064
39267
39049
33114
5541
11444
8182
42058
13617
42565
749
22058
28503
37391
49348
37911
13325
17113
8610
45274
33543
47497
17002
13765
5337
11957
8287
19806
20306
41344
12247
46752
34785
25348
31588
9537
32512
27991
40493
5095
46697
43162
10859
6960
16597
13665
40760
9683
13359
23198
1361
40196
49560
30938
202
15250
20837
49041
18358
26158
42390
19296
15759
24012
38951
23606
25774
3747
11765
3289
47074
49916
44031
28833
42074
27725
1408
39975
44876
1855
22657
15849
30337
23818
19381
33347
4643
4397
17590
40180
25474
9199
1649
33341
36767
31724
21133
29898
31765
17053
20060
48645
11966
116
13981
14191
37506
48021
32210
14118
19980
23483
38597
11048
32743
16387
21683
42330
34525
42977
49651
48234
42324
20451
15819
38695
36591
12297
38715
14525
37963
2213
26136
20349
36177
43333
25724
43398
15328
3766
33381
6469
48062
42896
48587
5185
40833
34516
41164
6357
10869
3460
38709
38218
38826
41374
29416
25826
49343
40761
21751
34302
19995
44917
22509
22182
25833
25408
34480
23212
48742
24684
37690
32277
39521
22318
5364
7692
4124
36342
16637
33340
2762
5731
39815
19893
8523
3705
48398
20987
40648
4608
18033
44449
9364
34848
31459
47002
9835
28880
5563
43637
42386
112
28363
17290
17885
5128
8970
48137
34671
36368
14673
47243
11965
30471
7411
22480
34810
32678
2705
33617
26241
13198
34350
39573
41861
21318
24420
2950
31297
