86
87
48
32
39
50
26
27
97
16
20
78
7
90
93
37
13
45
44
56
11
71
94
69
70
29
55
61
42
61
99
59
74
65
41
72
68
60
98
80
74
79
13
77
90
22
82
68
67
91
72
2
73
2
53
11
1
55
46
40
5
51
51
94
38
56
2
60
17
66
57
80
85
23
88
81
21
9
74
34
43
94
30
16
88
44
96
30
51
87
24
6
98
47
91
53
96
7
33
44
24
75
32
95
56
82
31
77
25
52
47
27
60
66
85
58
94
29
16
1
23
40
3
15
35
84
18
25
62
31
89
29
56
97
42
73
6
43
41
0
1
86
36
99
92
78
46
10
55
52
71
71
64
47
93
67
51
41
42
9
45
40
55
51
69
86
97
30
77
82
37
92
71
76
13
26
4
71
26
73
8
87
65
66
80
47
11
59
34
49
81
88
52
7
28
63
34
73
70
25
37
79
67
47
98
46
57
65
14
88
60
65
40
72
66
38
21
19
83
50
36
0
53
20
99
74
79
57
12
48
64
7
5
45
57
54
79
4
95
43
31
97
84
16
32
42
70
14
98
85
14
53
95
62
91
82
20
96
35
19
67
30
39
25
61
25
33
80
61
44
90
82
14
22
33
3
42
85
93
1
48
62
92
11
32
24
80
15
17
0
52
62
5
94
72
58
88
89
12
19
99
20
37
38
10
46
83
48
36
68
96
0
3
48
40
90
35
43
64
90
92
91
78
89
78
58
27
55
12
14
75
39
18
8
8
23
18
24
70
59
3
45
69
89
33
44
6
83
35
12
22
13
38
52
86
6
2
49
58
34
41
13
69
72
5
18
43
76
87
29
15
81
57
95
50
4
74
37
18
69
63
21
28
58
36
75
86
49
26
78
83
56
49
26
97
34
59
1
81
39
67
21
36
4
10
31
45
10
29
22
17
8
54
35
30
0
7
79
28
73
84
24
10
99
68
98
77
84
76
27
50
3
6
63
68
4
5
19
9
12
28
81
17
65
50
23
54
28
93
63
63
32
59
41
8
54
15
85
11
76
39
89
21
46
96
61
95
60
53
66
84
92
33
16
15
93
22
19
75
91
64
62
54
70
76
27
9
9
49
75
38
77
31
64
2
17
87
20
83
23
