16753
38650
29790
44682
15966
33011
23309
7288
35305
9831
29726
15608
39841
24795
42913
38398
13970
30585
39051
19194
41900
42286
9138
19190
43142
31162
38648
11766
11174
3041
15250
40776
25486
5952
31734
5364
40359
40151
4575
22503
18188
19924
5070
31948
4748
9739
1929
42380
26695
38300
282
37717
8461
16245
24972
20763
13216
33430
44446
24655
2859
21276
31307
15639
9085
1252
31851
4956
5021
11512
43791
49054
48215
32244
2273
36576
9886
19252
5463
29688
27340
18317
20119
3313
13421
47713
13130
5900
4442
27848
921
42894
25292
1869
36348
19798
24294
11446
32497
31138
1809
15691
23469
28735
10891
47777
25737
30100
21478
24914
30680
750
29145
25901
20111
10512
26601
48620
37226
585
17397
48234
5481
5604
32063
2641
24161
3747
36840
33376
18763
8931
5185
23913
4734
49878
35240
27944
21724
43663
29953
5883
45653
2837
21237
35721
18033
23164
46547
49348
571
5912
4461
27868
22434
2243
13296
44043
25540
29936
37931
45712
49436
48573
27245
17020
31306
15570
5002
18155
17607
32603
17768
40722
1029
26171
10741
3166
15214
33571
48368
49971
9798
221
2759
41697
15812
30447
38121
45614
19365
39500
5551
8399
17136
48653
7790
36378
42324
38024
23286
2445
37453
36863
33780
1782
6998
46073
4042
41400
19602
49640
36433
17957
49165
44500
27120
29920
42635
45051
17058
4889
33157
38434
40595
43486
9174
44244
16900
20872
22876
18358
34848
13930
28223
31765
14997
44404
32462
44355
37473
1092
40527
37179
34426
19219
17083
5630
43023
15014
41065
20397
28591
19199
5948
7954
44378
19630
23228
7151
3074
43770
38409
35055
16625
16236
10174
31964
15937
45304
5107
46135
34135
34515
16797
15522
13412
16079
31469
18823
32869
36342
35901
5647
12988
33349
18820
2721
7907
1568
4361
695
13528
16241
23919
41703
12785
5613
23819
1638
27919
16092
28800
18827
45126
25032
5202
34035
32710
28964
37169
31854
4011
24447
7648
13231
38774
29577
18769
16652
44876
40309
46422
42960
26239
43904
34314
27355
5777
28042
35441
2301
4517
29005
23020
23520
30967
44294
41881
42801
37690
15803
24573
7027
32890
20994
16433
10376
33400
17918
26102
18674
30261
49541
12105
3827
35767
2369
405
48148
28769
12323
48425
4579
13428
31761
30543
11747
3932
21222
32952
2191
22366
26322
49862
39466
1135
31984
6344
28188
34302
8120
22990
44031
7914
32271
47563
6195
5152
38517
37120
32917
15917
21159
8666
704
10894
17485
36045
47428
