32351
303
37569
29395
7813
15074
7802
44677
6760
12156
29224
6552
43651
4708
20325
17696
28407
35085
8927
7424
45265
24016
14648
11475
43624
7031
36236
4182
42859
17564
30958
22162
15623
46955
31026
46989
21174
16791
39885
38521
33050
43607
33106
40502
36087
5326
46456
31395
39439
30568
37987
41927
43181
44589
41349
25804
45068
32378
22588
46168
35643
14787
32278
40789
3097
29532
43811
26844
29450
44423
10965
37376
41103
46696
27645
44353
26670
10247
24218
35642
29711
13131
48559
41246
3644
34466
22443
16821
8956
33061
12578
45860
28469
32200
22968
22232
6996
47427
15842
25512
35162
34580
32801
49330
384
22229
28212
33590
5532
23511
29149
20946
47515
38377
36012
10301
14596
623
34238
13183
20927
2300
28733
47361
45783
11665
13754
513
957
19855
39791
15984
47217
34825
313
3417
11752
38184
828
37242
37673
47613
1512
35598
17761
3903
33752
20731
33675
36174
41313
10304
35379
38878
22047
34599
28534
22216
1236
43529
43762
33636
11376
2588
9854
26286
5810
1546
17522
26527
11244
11078
15056
18823
44738
41070
37054
37885
22101
32816
1092
1823
48068
18788
16892
42025
15393
21932
24943
26060
46776
34309
49858
12622
37308
6549
28121
20001
6476
37947
31789
24498
20922
47187
11761
48280
15631
1441
41843
27030
17302
42257
2762
41823
4146
29638
6332
47044
33611
10403
29374
18409
48153
34796
38472
42093
5500
27926
10433
41141
9616
43236
45619
2576
35543
43016
28237
21124
37297
41576
47892
12772
8214
8579
30199
113
42860
13193
38556
36292
17706
40083
2338
11739
28770
7242
35949
25454
1902
11494
48200
14668
192
9438
39212
35759
17660
4965
33326
34932
43020
17801
19496
18931
22059
25004
23107
18163
39682
16354
42019
19902
36890
36125
9628
48414
43748
19959
20285
5539
147
35906
5002
4007
8710
18745
9119
7064
44015
4533
38460
6251
34054
45162
4856
17433
40111
30449
8104
41958
27433
46894
9008
27536
47049
2901
27969
26227
29291
5710
44892
31112
28993
6138
409
34649
38137
13556
21334
20509
952
13725
19805
33664
17552
37754
25807
46968
26361
48219
22896
47127
10318
42667
20480
9401
23393
14725
38273
14098
12453
21992
48041
45539
34401
31284
30791
27422
6247
43921
14144
42652
47909
25605
34941
45869
28453
13170
28418
23832
10971
4630
32014
48614
7400
21840
17202
11352
8058
21331
11485
24736
12660
25311
3348
15843
7502
18490
15527
28559
37971
13323
26609
22787
36863
26130
39625
42338
27429
12051
