78
71
4
82
73
46
99
79
17
45
86
59
79
84
18
38
67
65
2
25
57
56
56
66
16
29
29
16
85
20
97
58
9
7
35
97
87
48
72
40
59
65
39
20
91
22
85
2
23
48
60
94
88
92
58
69
72
76
90
32
45
28
4
61
66
94
49
88
12
26
63
37
6
89
96
69
19
8
6
31
24
3
40
38
62
43
63
80
47
14
96
11
78
33
24
36
57
28
41
44
86
99
9
68
68
87
46
51
54
15
83
52
93
55
81
52
13
95
39
31
53
62
21
64
8
15
10
5
12
77
90
7
55
5
37
32
50
11
92
44
95
1
91
27
82
35
98
14
76
71
30
3
25
42
21
70
53
0
13
34
33
74
81
70
93
51
60
89
23
74
22
30
77
26
18
80
83
64
42
54
36
67
98
49
1
10
27
61
17
41
75
73
84
75
0
50
43
34
47
19
