45279
44271
42720
11874
19568
11670
2665
9087
41441
33629
20791
1556
23121
16033
17204
1313
32147
35257
7699
15427
13408
45020
26125
2620
10816
48131
37258
17394
17979
46767
4948
40090
33887
36800
6112
49419
28852
38096
8103
11148
30403
42227
36893
23951
13438
1290
49706
9711
12092
37346
15821
47991
46919
9618
12207
31580
35880
32294
2930
26558
28402
2320
29655
9068
46659
28162
6738
40416
13157
33518
23044
27280
15880
9021
22400
15747
17592
42147
41650
1985
41828
3549
8428
32619
1203
18302
47781
19712
21417
20268
46817
14808
40923
16630
557
16790
42322
45412
9948
38136
2627
320
3378
7762
2375
1291
1218
31044
48224
34966
8812
36518
2883
10519
6021
2262
43074
3299
40895
25925
44678
43764
624
30069
14234
45617
29403
10898
40249
12949
6906
8876
35342
8286
30996
22468
9026
38597
26064
38575
26367
46687
19468
39456
2374
46682
38146
42102
7035
8777
45988
10875
47747
48703
32855
14583
21188
44066
38247
46284
36567
37712
5000
25508
32637
44673
25234
404
8112
21536
9889
5265
42936
10544
20871
38343
7678
1766
8315
39460
6349
31538
25105
19891
16949
8067
28489
28575
46081
25682
48420
46382
17814
44430
44136
40918
23280
34102
26548
42830
47277
5356
41001
25788
6585
41410
4434
28047
7757
769
47670
35259
40899
10771
20409
17569
5791
7469
14728
32098
15352
7689
42846
10264
47505
42149
48971
27127
15523
42371
25880
30829
35305
45040
34322
8357
18678
48881
33949
5534
25488
17969
17526
42278
12708
38527
10628
28924
42051
24180
7907
19203
26476
26163
46613
49788
21102
45444
25028
5117
42795
48061
39702
42012
1897
41657
41638
25470
4485
37250
41658
31470
5618
10371
21795
40301
8539
44196
27994
29023
29415
40050
1652
41373
26718
46699
48401
14475
43943
35024
28779
28960
18980
36901
40551
44305
1721
42822
25521
34131
43565
40072
14172
15296
34799
2364
8101
32778
40376
6564
31316
10028
21752
33253
44166
32930
27387
33764
9016
11170
6145
2060
48064
706
43740
29474
49594
3410
38866
25256
19768
28155
33205
18877
48827
48412
12982
12580
13725
41325
34583
17342
1108
18568
44932
44240
25483
43265
46688
11434
29262
46904
46744
22621
16196
45595
16321
3107
33858
23747
41318
30227
32060
10877
27570
14039
41137
16603
1665
16328
21238
20097
37391
8989
25255
48250
12232
46714
46989
18618
26798
10219
23939
34372
47101
26280
20600
41682
35032
38755
25717
18580
21465
40240
15604
18291
34553
46886
41888
16482
24044
29829
3633
42937
22190
26749
6450
33519
11140
21990
21673
41189
27579
34606
2421
2522
7637
25803
8965
8929
15231
43321
35269
39633
24353
4961
11481
40354
20731
47682
20486
834
16789
35273
15011
34722
35437
16812
21909
29639
2458
19238
16567
10381
45244
17447
9723
4969
98
9334
9368
4259
21395
427
48932
33322
36849
25471
34579
44078
13938
37850
42301
5078
111
26192
17341
30180
10616
13939
47545
39578
22702
44646
48868
1305
33861
11350
1472
26923
30317
40763
29878
32379
46108
30152
1300
44856
40892
28027
14802
44555
8827
1153
5536
23988
39582
36146
27728
10978
48031
20876
9603
20593
40511
28527
20192
45311
12573
39186
39884
9489
46508
36942
39694
49210
30366
5026
16540
1013
11447
24737
9160
27357
8951
34258
29387
1764
33231
43152
44773
22108
21290
38111
2288
1788
19538
24469
35425
9671
37860
35868
636
5938
24306
15914
20081
22666
38494
9258
15579
27228
3387
35856
22272
2316
20179
1437
29601
35541
5777
43431
12175
27991
21634
38412
23521
7208
43691
14478
16460
26387
27099
22471
44133
32108
19451
2443
10335
19591
41730
36008
6357
15982
7917
8329
41514
13887
49581
44839
45676
4930
37000
31885
20465
14711
15430
20323
45913
850
17885
11923
47898
32471
15265
8254
43998
12832
26808
49228
2343
48822
30381
22286
27380
36013
33126
3769
2530
29630
12049
30546
4860
32441
19972
22616
2219
21589
22065
46245
10441
16523
13084
23172
22613
3451
29858
37165
8436
23802
46772
45880
40832
36312
7518
13286
65
4229
8081
32651
44732
1818
15942
15179
33563
1312
39276
30303
31205
22053
1205
34475
22044
46419
48329
6368
43300
15030
45928
3419
29927
28916
9622
24008
28619
41683
40978
36971
17624
22608
34753
48950
21422
790
477
27143
30733
42142
10508
3974
34416
250
32646
13001
13859
27188
22487
21463
40577
33883
38331
22090
39203
10235
34061
14322
12089
23333
17869
10783
38650
12827
28452
17278
1180
30283
40207
27758
1529
9335
38481
22105
30586
9292
5052
20946
24818
856
18338
41793
6728
18443
30635
19095
40870
44946
22164
25571
48632
47087
20274
2787
38118
25764
21382
12427
27681
10214
25647
48828
16594
32167
11728
23489
41837
40905
25162
47838
49822
14585
49968
25202
30548
609
28950
43001
10504
25343
19788
2402
33683
29800
49623
46801
30782
5135
20973
18434
35872
36388
46394
6690
21675
28344
49889
8462
44274
34789
38342
39256
30140
46274
13776
7544
36623
28014
11330
15115
34340
29454
41197
48284
2505
32024
19426
16442
33104
13999
34605
6394
7837
40939
10701
9762
684
35929
34694
12744
46561
8542
28868
45776
9333
39090
15967
26021
45770
14185
583
1653
37815
33581
2230
42521
41436
46462
27485
49166
14791
3599
41754
36771
16819
33154
39330
18663
49807
27491
42188
10014
15757
45725
2102
17324
8238
38927
20815
6141
31893
45826
18191
49556
31468
46028
3334
20827
29232
32351
3612
24438
34948
12689
31479
46311
18111
22243
48666
43761
2150
21572
16651
42746
47651
49468
39628
47340
9578
37980
22403
30749
38422
18571
10406
31793
30428
29090
16125
36779
16334
33741
1315
25530
8796
26135
14661
36647
27452
2764
9919
47657
2661
23942
15999
20809
10430
46990
2855
44627
36264
15033
48292
28134
859
8194
21738
20549
17318
41797
44284
49016
5586
44379
28262
29723
22263
15446
41805
15280
8579
37206
9415
33834
23246
4687
25262
37124
11112
31276
17834
6739
11809
25069
38515
32482
43046
5562
15220
20646
11078
10194
16637
33327
23899
16369
41327
15182
46099
47270
49117
25452
16383
4826
29056
10520
4462
3821
33617
30018
40917
4832
19521
5735
40908
17870
47010
2178
16728
16549
12297
48926
25417
32357
23986
24891
23722
47040
1687
33811
18892
49030
1932
4444
45193
35265
40842
37991
22914
7162
36652
17196
15482
4048
10077
11789
47997
49128
27694
7524
30185
41899
7877
16732
26155
21077
937
18123
49654
1987
30217
7011
35054
34327
35588
15503
5714
40157
17741
9078
49500
49334
9667
25270
36037
41856
11123
34693
42735
27167
7776
1380
43249
47265
37014
2767
7827
40754
33189
41403
34803
21590
27534
6272
14110
27521
3149
20813
25179
18347
26003
26587
13697
47581
4854
43054
12759
17911
7398
40682
46691
13929
936
26916
15545
35326
5493
3192
25461
47933
35600
22455
24515
17692
38656
5499
33868
24948
41319
19828
3222
29650
28351
43560
2852
11782
2938
41375
9184
40945
43739
22205
31721
47319
19853
27253
8014
24024
47035
40624
31563
36618
36662
29754
13195
13229
20535
18249
41535
14123
34889
22113
29006
6322
5281
17535
27509
19475
19224
16302
28085
31839
30598
37492
48978
21011
42692
26844
142
49226
12264
10047
16836
18133
47454
26676
30255
28689
26298
14862
49690
3001
46374
21228
27012
43232
42513
32710
46578
13349
39488
11039
18148
39950
26297
46733
23488
38307
24537
42441
28362
30037
48253
38210
25329
36233
23645
42954
27644
35863
6626
4023
27199
43258
2409
27565
10483
3434
9974
20267
13413
25791
31323
45640
45787
48749
40280
37607
44043
37291
25382
8721
37696
45217
1986
37447
39501
35827
7623
35165
31392
42491
30096
34219
21566
25383
15551
28337
19618
10059
8547
1906
23326
10345
27909
15885
43310
42662
34728
9967
29080
3763
37385
45292
5927
27370
18512
15038
6117
39655
30280
14304
22485
45681
43148
48704
43248
35752
9402
43088
17296
29216
22670
1948
42876
43167
20321
32188
29903
35251
14717
24059
39297
49245
18341
6452
481
45252
5769
24409
33449
34073
25224
2649
13059
451
48390
28678
43581
15698
21786
18993
49742
10954
13733
14612
24749
21456
46813
5012
39903
40099
25892
40165
8797
16289
12533
43952
23292
23734
21400
1923
12766
16026
33015
5461
40806
22705
42069
4458
49300
8960
39745
28144
12084
30300
5862
20912
35479
6136
14239
23911
17846
43094
38865
30342
27272
31186
18812
16166
29915
41379
37128
24147
933
29653
46324
41479
25737
32702
30629
30631
27129
49134
41755
39228
20329
32916
23010
3984
24923
613
34561
31814
28404
28456
9737
12026
31155
20812
4650
4892
41304
46790
14793
5209
39116
23657
13653
12487
31710
30898
20542
16375
6371
4579
38256
35874
46993
4142
45874
13702
48792
49006
17329
41054
47935
1152
47888
20756
46011
940
437
25278
15470
14357
48830
36118
36790
15761
44410
42054
26593
11045
43406
38611
14324
40281
22553
7732
21286
13191
39758
766
46630
26609
1036
3247
38799
12280
30411
21034
33222
33203
4262
36285
35969
718
21865
23991
31419
13888
6475
13432
41337
47576
4701
11878
4940
32976
4823
16284
48236
40319
6949
48214
48023
10209
35749
5544
38275
49839
25013
14684
45674
3805
16352
10769
39034
42729
40327
23853
24233
22849
34191
48456
5173
42467
13144
29109
24674
3728
34454
26895
46160
37480
3698
14355
25977
17508
38430
22185
11667
28571
46232
8113
37376
47358
11254
31032
40906
9816
16300
28428
1677
8947
10606
39464
9719
38765
23316
11808
43092
23490
31246
19653
47047
27840
39204
4167
30552
29662
36221
17209
22251
26416
1219
49291
12793
14518
16956
42859
14391
34886
23795
47424
19530
41086
46096
13573
38500
33005
14171
26869
39049
48164
25007
45730
9774
1605
34298
23366
31887
27925
11366
23049
20983
44846
42218
8969
47155
42303
43503
5195
47008
37382
24679
23751
46513
49534
45337
24307
23054
10313
28354
44943
44584
45539
7264
17005
24844
12964
6744
11541
9697
12382
21014
25437
26045
23871
24375
27795
36935
20961
5073
7495
46214
41803
40497
6882
43751
49529
49887
24453
41510
11746
1980
1213
27792
29553
7196
34916
33494
18258
28453
43283
31989
45453
34741
31483
16979
9628
13871
25322
18268
14469
45204
9251
25133
47578
28881
30755
17421
21489
36147
25492
11755
37358
5128
34175
18412
13199
32454
46417
44889
41085
32829
27712
28484
49756
41061
5994
37134
44623
9108
33459
15518
42549
14479
18368
4718
27616
6691
10715
30654
49672
12722
32405
9077
12598
14460
15007
40324
34301
35766
7797
11205
43625
4513
25174
25503
14804
36861
41676
13034
41912
2381
23094
2360
16756
16929
5094
21469
10112
22188
28325
34683
2844
40230
3945
31327
22340
19167
10069
39076
6853
19769
6974
3895
3349
3824
39077
34186
47908
20372
32378
8079
2116
10652
49710
6981
4587
40485
23845
13802
3766
35759
23590
8369
9818
3094
21113
13118
40163
14986
30351
40305
18326
42292
44952
44513
8949
20066
25454
25203
39588
31284
44037
42719
1171
10183
34613
34832
43333
40425
13659
40914
2738
25119
18776
19731
11619
26356
13352
35347
33850
43181
46431
16879
13909
12152
18999
39052
27144
45378
45065
43329
22814
22564
27798
25614
3239
13934
10655
12791
26841
27234
28101
16719
7780
32200
21216
42856
34352
43815
15814
29171
5511
11788
8634
28214
22968
44187
46211
33545
135
20431
11602
27651
21678
34222
32023
25495
30128
37103
17659
23997
11980
16162
41110
5918
41022
36992
3540
33966
20741
13388
35712
26642
38850
17450
5828
36494
14563
40272
34498
12676
18951
38859
16977
32255
32799
4645
40957
41278
19016
16315
24328
43991
32542
8672
39369
30944
13026
36461
15931
19069
38304
32346
28540
30738
38221
32418
38829
45490
12222
17942
38472
36534
36349
16252
49935
8964
40788
25171
30690
9004
6378
35790
34039
45615
2158
13371
15764
15970
26461
19123
8184
27339
40711
45508
43019
15348
39084
31511
7626
18861
5861
46140
16342
15364
8728
12343
35968
23466
21497
34618
26960
19704
16753
39709
44287
4527
14297
45649
33337
43796
37214
37495
17752
5922
10362
27803
42920
44953
38652
39020
12916
21152
32456
19507
23840
31103
12723
3553
35902
7661
1658
31332
6339
22024
23529
8069
943
44193
30157
9081
21977
47639
29751
4952
12877
8667
27007
47767
22222
7957
10772
6490
13718
29840
29001
46846
19809
40998
28580
33285
2232
41174
21918
25341
13372
35542
47976
25931
29330
34665
35202
33370
13831
31608
32758
28730
32214
40317
32500
41950
26795
23492
27554
23364
38552
16910
4342
6252
7063
3963
14942
32640
16272
16957
33244
40422
16830
45708
32481
29081
8167
25311
22986
15943
26097
14781
47518
18460
31798
33048
31298
31158
32593
42223
49985
34020
17864
858
11935
2942
37965
12344
47190
39668
41394
22787
19209
47588
23251
10021
28130
35106
4377
18214
2356
27605
23322
3818
43589
42038
28647
42900
19957
15799
25974
47428
25893
6658
15905
1275
36296
11285
36387
20045
36465
44175
42070
49202
30919
21592
33425
12965
10713
20084
4665
12815
11726
15227
32055
39799
47824
22601
22214
39829
48267
40674
19171
40423
14177
3314
7652
2994
12796
21609
42389
17504
20391
7184
14152
5367
16779
506
31012
42074
5645
10402
2745
18040
22419
49876
40822
22025
15763
3112
32608
10965
5225
20924
47783
29898
46276
46766
5942
39069
29689
32625
483
2205
41806
36923
30993
21224
37430
8864
7942
32205
44921
11418
44854
5272
795
27161
21930
8040
28975
23404
17617
32551
25911
6666
15501
8910
44424
44282
10525
19672
3799
2960
33859
5788
15602
23084
26085
22344
32706
48335
25479
14983
20916
43366
36064
49802
6438
7586
28120
38403
29348
48155
34504
42972
38831
16403
32410
24481
32219
36169
36513
20043
42094
37360
9265
21458
11001
26466
21791
780
6501
18704
4841
14306
161
29009
13579
47899
39718
42613
21741
15720
49221
29167
41903
17648
14697
4806
47221
41970
45383
9443
28012
27337
20269
3105
6847
1416
44567
39587
21455
28965
7294
2129
43219
793
41678
8412
43556
38635
8779
48986
26799
21568
20137
43992
18519
19585
9403
40219
39651
35169
22594
46469
5042
4132
24887
49177
3115
23411
32931
7283
1428
23893
40331
37520
1533
8219
25646
49849
31985
26253
6191
33239
20347
13299
33144
34727
35621
46887
35141
16807
13143
25984
47928
46285
17744
39605
1468
7497
40218
47005
3931
14904
25120
9412
2324
48052
27425
32508
49686
47284
24218
33068
43828
24663
26027
14621
13577
41349
21622
20402
6823
9003
25993
3597
5334
25407
22209
45555
17521
23131
27343
49453
48923
4637
5481
29204
25265
28630
6078
42336
34738
32376
46109
33947
12442
49700
27859
3935
9036
36736
4253
47237
36750
4624
45774
24152
17289
13769
26026
7104
23483
23926
30041
38622
21523
16499
22249
3513
14154
28802
35743
29033
44413
13993
31598
30005
43925
20684
43987
14527
17765
46331
44333
13436
11391
1674
38642
7587
15948
6887
23199
30610
18374
491
29448
4437
20387
48640
48953
42208
7270
44207
48159
35774
43999
24721
29777
6587
12220
40839
37435
39016
11882
32072
41486
31844
9649
24827
33057
31295
15716
29066
11230
42564
3215
9173
3635
9103
35153
6302
16751
13368
28441
16014
48558
3416
32461
26411
22180
35280
41342
27915
16623
5293
24843
15787
28607
22898
27399
8144
9537
4789
10350
28989
30106
9534
29279
12303
32209
12171
11991
14437
30321
30798
47775
46332
679
14544
41739
38771
27963
10800
33071
6553
12638
42160
5549
38584
11842
25240
4698
5599
47022
31387
11335
36697
631
47090
42413
38826
43137
40238
9366
13158
30093
29863
29883
1443
36731
44648
18587
40150
36609
44853
26425
23225
37960
38545
10035
22806
25637
17077
30575
44866
43239
11017
14706
13979
2939
20422
7423
13703
45546
36386
12629
30804
28149
37309
32476
3315
8036
21598
29836
10486
47248
6087
31485
37509
33115
5223
27250
44164
16454
7496
3473
120
28859
8660
25547
30527
48575
47510
45652
577
8182
32834
12911
30169
599
24519
11636
44676
2095
19059
16922
8932
18575
14670
40088
31100
2142
9214
4668
13101
43697
35612
26087
29051
35642
34891
15158
33091
36229
3306
10468
5036
34309
11422
17883
4331
46837
4236
48582
3068
26315
31995
13074
1831
38477
49048
17572
47686
28483
24107
33926
25691
4971
20369
41597
4019
5757
22634
4825
29904
15116
23455
32431
8508
46906
19598
11141
12038
33756
27912
43671
21361
21650
23227
10466
25597
4479
7440
30676
30737
42826
2721
8209
27151
49513
30604
14393
42865
36061
39563
40371
42086
48707
45056
35175
14276
31000
48372
32998
24327
42646
4399
12214
22510
5887
30154
9092
46224
9065
22444
6003
17018
26233
49793
29067
26815
43629
5213
39868
46604
1596
3369
26994
34409
38297
27789
14765
1162
40533
30184
5950
4497
5661
8192
8300
26484
28016
31866
21410
12449
7992
43573
48817
41553
24926
42079
15486
31148
47291
16772
9361
19778
17832
47081
5437
39362
36415
16032
30827
40646
12094
32882
33721
4629
49359
2894
15333
31415
21156
42466
28030
3063
37183
46859
2659
3128
30391
16039
12316
21573
26276
29787
47336
2646
49091
33723
8278
38772
47269
21204
12513
46111
13029
822
46820
42091
26451
10975
46420
20709
29820
442
31584
3727
12509
47917
39112
30273
37866
10958
38207
25132
46269
6522
41840
18288
27131
41660
48096
13083
23952
28186
21735
41240
3157
23384
17463
7133
48458
29842
47698
47572
36260
9814
15384
25344
33079
46673
44698
16917
3695
44310
4822
10252
46353
37030
10423
2735
604
2468
672
29178
3319
41740
1792
18024
20204
32767
32349
15102
40247
34161
8657
24990
244
23869
1729
25024
27561
31756
46901
7873
11761
956
11444
12342
47894
23749
47183
41440
15204
1595
49997
9685
25061
39825
44604
46487
36983
45044
37232
39159
22145
42261
2131
31040
24748
15611
6650
49716
31865
43544
30679
31230
30038
13008
43496
12719
32648
25194
7485
8146
13946
16274
23983
32336
28511
28516
48804
11135
44155
12680
49715
31119
47672
8620
44861
35299
24263
10834
2552
6314
47077
26469
9629
1427
12915
41570
42758
42139
28579
37615
23885
39358
5932
42580
9956
28109
34689
109
42514
37230
17189
29421
3220
21262
10825
25039
41306
41017
2027
24951
5677
17065
23351
40330
24490
38903
9830
40767
2281
6137
663
11122
43960
24035
11827
19946
4092
34193
49785
2312
17076
45338
8337
10692
16843
28763
21692
39224
18273
45030
28323
1190
4626
17827
42009
32522
24378
42843
32983
30074
17013
31707
16453
26680
32314
34937
16712
38243
5394
37432
24942
35816
22617
46991
2099
10506
38303
22714
4203
14889
8385
49519
36003
24874
18395
41694
46052
15806
25020
20226
16207
35784
18849
23345
29731
986
7136
10461
47659
8295
22015
10230
9080
48700
49631
18652
6386
37221
31560
6604
11536
2152
1266
28955
49551
6312
22029
13766
36665
35335
6366
3469
11051
37952
11277
33242
48572
25975
10247
47866
22566
1808
35931
29409
34315
31451
17699
28492
1613
4062
21248
16873
6676
22925
34172
14095
6131
19272
47370
41277
37536
8857
10881
25122
12587
7387
11684
25081
8405
40684
40183
14604
27684
37844
28303
49781
2222
21565
6541
1728
6318
26992
20753
7473
21477
23559
4110
39178
36094
34794
39727
1715
34828
47786
45060
43892
7284
1768
47915
7422
39948
36584
31637
26959
23127
35509
4819
6446
39486
32573
19622
39573
27669
40231
29478
31504
34252
35539
8577
33062
28667
11734
28078
18597
2044
21763
25225
24741
46190
4919
26849
44321
25705
14959
33622
14554
36968
49818
35734
10226
20427
24379
37123
34417
43101
49627
27709
48734
9824
19487
2737
12239
42113
29616
41270
30499
31302
21777
15442
31936
10237
39258
5949
36327
8048
2405
30033
36481
3110
6338
15178
17773
40732
2393
10117
1823
48565
30770
42586
18072
27567
7980
7093
3058
35267
46347
17069
46932
7204
27928
12078
47752
722
36201
21919
5379
21191
34310
15357
19336
23930
13246
5923
19933
15066
9376
40142
8384
19296
45994
5097
18796
48975
41607
45474
18875
12183
25115
13203
47957
9203
8481
1279
46219
30959
27194
40903
15222
48100
13917
35420
45221
14021
31676
3040
18129
6178
27547
36127
19085
22354
224
29696
27003
11971
34967
37470
45554
5177
15534
48515
9556
23834
30905
15993
38585
41481
9690
43314
17347
34197
29551
49452
48414
41951
49269
17423
9734
12976
32286
33190
34747
34363
19854
49430
45017
16786
42284
45758
6494
20355
32520
23836
4842
44800
37151
34976
39141
17134
38672
23715
30745
32399
26804
11261
18035
22352
47389
42828
28048
18973
40243
2345
36995
19319
4054
35073
23789
23464
38628
18962
1001
39013
14829
25627
11638
42468
33981
38283
35104
939
29677
29529
8740
20330
24221
35764
42118
797
31266
11282
28948
48833
36026
4934
40736
3213
37741
3542
24636
13997
49989
23338
30885
6825
39839
31890
11448
29485
26497
44503
2775
8355
33958
14524
48421
7975
8309
13747
19902
15987
35888
23108
12476
15918
39326
31446
43370
44796
7054
9067
28879
2542
17340
20902
15985
41474
13383
47533
43775
28539
14686
49022
1928
42889
15835
6922
49614
47112
20683
25310
34313
7582
39148
28961
46703
36218
22308
32961
36775
19163
48715
34635
44712
32839
2689
22348
24046
14189
10181
7487
649
42576
48118
11723
1963
4056
19976
24890
31390
8749
35029
35521
41305
28771
1390
19627
14971
36857
24970
36067
48584
24945
22864
40
18781
12037
10149
10053
49778
2669
48419
34830
22160
41360
10333
37387
31622
19743
3449
39614
19430
46378
3436
12234
39642
1754
31053
36442
47574
17626
49476
37824
527
30065
42897
39146
22259
38478
19433
29885
47333
25664
1959
24905
6292
34734
24858
47560
38976
35648
44097
28938
12097
38319
27168
42369
4365
21298
29627
48276
4720
29240
5790
13673
9010
43306
17334
14114
31615
8987
38360
19687
25241
47809
41721
11522
20118
17931
18144
23167
44533
8319
48742
16248
36293
1531
49366
20318
11853
8154
37499
32143
2143
18184
16766
40080
29004
12898
34887
35793
23532
15606
1005
2575
26122
34876
40047
14761
47274
567
23135
43188
13366
4829
17701
17727
22923
27953
49572
32429
42294
17350
46421
25715
8378
37437
23873
28586
44815
7731
2884
34004
170
24834
22216
18314
10948
3125
7183
39677
41788
7526
22660
40861
36157
41423
29586
6486
32344
30914
18671
39494
43767
8716
14237
5879
37518
29517
8222
2390
32526
42607
40197
697
46476
39685
45130
12604
47811
35707
21967
44541
30846
42042
23380
39025
31235
11480
33919
36070
30807
32260
34017
13525
26698
24700
20643
28108
11756
28966
49951
43834
45209
43873
20519
12056
45064
9195
2111
610
44813
5004
10964
46615
48070
34329
5439
8607
29790
27288
49289
37666
24867
41341
33768
8071
25263
41453
29345
43790
14289
17912
31614
40517
32144
32714
41079
27346
28816
20280
39209
13030
18
40123
31640
46271
42497
39191
22060
46891
48445
8771
7029
14410
27671
15100
12225
32417
40410
43797
35060
26651
24983
20344
2400
47627
1231
31677
38954
472
31034
18118
29901
43049
30136
43284
32618
18693
22727
25219
18856
12176
8360
57
33019
36524
18626
9696
33844
35626
253
43245
47495
22737
22555
26884
47039
11353
11933
20457
10995
2898
36406
9684
36421
38795
46009
4678
241
4815
26052
11373
38740
8549
43413
16438
18259
24352
24908
23486
35719
43973
14383
12993
21365
11610
18814
46559
41783
16582
46972
13288
37137
29602
41838
5382
2051
13018
31516
15808
46774
43959
10665
43117
28577
33951
17223
38507
21847
11236
49306
18218
12575
48995
8543
183
27807
36755
29332
8302
14074
39218
31269
45238
37987
49562
40303
34855
31586
38318
24813
7994
14787
44496
20324
23276
10595
4133
33577
32237
35768
12275
25988
36261
13560
35279
9612
31403
23533
26012
37833
17938
11595
48484
49413
14010
12472
25205
1481
41178
13864
6259
33431
6817
7291
28060
44871
10913
43039
23071
29305
9617
24555
21602
30550
18649
48482
34992
27055
17844
20740
13168
6934
17360
19410
1226
6116
30023
29890
25378
34069
17327
48634
26641
7163
42935
9097
27536
37590
10046
40113
34945
3263
38365
15132
39681
31498
158
30638
3926
27497
43836
4114
34941
40125
16574
7478
18779
47556
44185
31120
2718
49523
25576
43099
3008
38208
38470
43866
24322
29131
26878
38324
26540
47954
38943
27232
4338
41256
331
20864
36251
26281
48699
7317
19806
24840
9579
36588
26455
3991
12435
39361
10980
31330
37196
21446
17855
40536
45299
8445
14256
6359
13818
15636
27627
35356
11671
2706
28307
27398
6668
14756
32705
9894
3866
39928
31411
22226
43956
34952
38615
29864
43970
21730
31076
40554
13166
18425
31669
12884
38977
12906
38894
35415
35345
17081
24407
4779
9786
28425
46639
32157
44126
18209
33865
16842
4306
27163
33368
9424
18614
26747
44504
35873
29301
15378
24397
22926
34792
14501
10096
39120
17673
19798
15946
33249
42093
2945
45533
27662
49711
28550
46824
21260
13830
29703
4853
48509
14436
37724
30908
14570
12871
38061
27530
7948
42306
9792
30126
39518
6096
11747
25969
19574
10167
19792
24288
33131
15862
31999
35876
24295
32802
40453
44787
35849
38121
18589
17630
43604
30719
25794
26981
33550
36456
3705
42478
29631
49381
24031
46206
24369
3563
5093
3176
41878
8325
2464
10894
25063
41996
44629
11985
781
47298
8414
21256
45225
39973
34910
17789
45089
22125
20499
13241
11238
10457
16187
22049
24719
39151
26818
34367
34209
4807
48579
37268
5167
20306
21702
6601
299
37280
176
16600
24346
24681
41618
29104
35809
3574
39056
13178
4518
13982
42481
35463
12633
5056
11940
5105
35823
27943
43903
44182
11816
39381
1320
39791
33316
20993
42533
71
9503
29965
2447
36243
39006
6301
29943
40866
34577
6779
11757
18032
23123
32982
43061
11779
47815
4453
30508
41451
30084
31651
15061
14396
15574
25820
25397
43452
24491
48290
14368
19567
6449
7964
7290
48884
28907
17112
3219
29642
36015
1516
37046
14117
8923
12586
22789
14397
49773
34437
33929
3004
43424
45607
42170
2225
24432
10227
27293
38228
48442
30896
5841
11913
48032
5192
6740
30503
35665
34404
10707
38067
8504
26585
44411
32722
30753
49480
34181
28921
18926
9482
3842
42934
6532
37078
11542
37366
41313
28123
15343
31914
5930
16359
6091
38841
43262
39387
784
22453
28803
24124
7437
19400
19482
14752
22361
21825
28739
40158
14608
21093
3073
49055
49428
22676
46731
22778
21415
18009
4181
41900
41749
2835
41089
28974
2436
2186
39348
17075
1169
24302
22820
28792
47890
22673
8683
44746
37600
1020
10581
31147
37506
43185
4099
26933
12707
11976
34171
49224
7445
15228
23623
9599
23797
22975
29358
17928
2705
15590
36770
28505
42370
38159
14975
9244
37227
44762
596
42524
32959
9428
30975
38852
35773
28954
49695
47925
34755
2257
28836
28677
24116
28919
27358
2210
36870
3320
17754
14442
8338
5126
22916
48997
12000
22570
29411
47701
46013
19126
12173
12298
10779
25448
15354
29091
19360
47017
34918
32013
29803
21378
13094
17634
40460
48653
15393
32937
8308
29480
6232
49075
11658
27843
5852
3701
46928
10957
33604
15915
35703
41972
7167
39896
17636
32902
41822
34520
6204
16077
8898
41353
26939
37222
25985
26871
2491
48198
31823
6575
36969
27281
36783
10629
2525
35473
26803
48472
43687
39564
36448
6005
10812
27467
47178
15627
7378
24880
43261
38867
32965
33471
34852
19461
25284
45171
5305
37146
6736
10479
31228
22207
31909
43829
2983
14483
7941
4584
39250
30218
7884
32782
14372
18465
47049
31937
44968
24666
5559
27282
27659
15241
5228
37218
9271
42245
30641
10068
28940
22911
33493
34230
35760
40884
4473
14491
27031
28042
46624
5804
37762
3041
49297
29556
37297
17404
41815
46530
26952
48308
18549
458
2741
35497
1974
46123
14066
27918
34243
49034
14788
44723
24551
452
677
31366
35691
17748
39645
28202
46176
3440
15267
26136
21127
38709
9392
9337
6404
26628
45959
801
38586
5267
18620
43169
26200
5903
42597
9272
40129
14334
5089
39987
40883
25962
43995
14443
20551
18908
49991
41461
14919
34544
21185
9531
40723
23883
3983
34942
39132
25463
10225
43482
49205
11425
40876
35216
19650
2117
25017
22346
32918
39739
683
25301
2082
5168
36671
3583
33689
30627
41502
272
18866
45762
5310
48680
7779
5480
26130
44869
41203
27489
9485
35256
7985
26865
28395
1530
48722
26930
17861
9513
30338
10855
48270
16796
3787
47864
44897
46786
27505
45488
45772
19670
33111
23582
23371
45811
1947
5711
22358
40558
39371
48795
4723
13353
3661
28865
14257
30557
29212
41401
24600
307
4243
36729
2245
806
16961
8075
43230
27988
47383
9235
38503
17607
40786
15154
49360
4846
41427
19655
42713
42265
41928
45843
8045
38567
1038
6543
19142
6035
21704
14338
43091
17584
43158
12632
37955
7007
48867
21789
15414
34
15543
4593
45368
19008
48694
45855
6685
29205
32299
38450
48900
41866
33415
48054
39496
5515
2069
48518
48641
35290
44030
48375
17857
1956
13881
18255
19396
22360
11019
42428
30097
44494
12317
5780
9315
43557
6629
24354
3752
31198
22002
38158
29530
16887
23352
30974
28951
32427
10412
38095
30531
37169
36814
18564
20205
16416
45515
37423
24336
22200
32348
375
5740
43862
45933
34678
13756
33628
48872
15558
42173
9161
8098
8614
17984
47329
2611
15002
35551
28592
24817
12576
47025
30461
22740
43084
17346
10139
10082
45255
22456
38747
5043
36958
40714
32284
17388
36007
11689
5619
4719
11626
18376
418
6533
42107
42323
23340
30767
9597
5627
35284
34808
5120
26785
31855
38660
4319
39109
10907
42807
953
6025
43777
38939
19796
8899
41125
35027
46536
29228
32694
12761
18140
44214
34402
29700
19449
34447
26810
12512
7041
41642
990
2751
27164
26120
49011
14872
10854
25812
1785
42600
45234
45783
21626
40417
8137
7347
22687
18513
32007
37174
17490
22084
24208
43132
15705
49062
26695
30912
1093
17110
49437
8562
38424
46845
31315
14786
30320
41196
47417
26338
38292
38483
31085
20516
47126
48736
44531
39644
45957
20305
9742
29911
44
24060
49585
30831
36051
1015
19689
14327
15376
43176
37459
3598
23042
22202
3196
14248
15084
9120
41468
38897
4011
42680
5993
13763
18920
25607
33812
42388
1199
38645
33705
23189
32888
39192
13773
21174
48569
12356
37338
14375
7325
42334
15734
47628
32635
35380
21886
38807
21800
46498
35505
16787
2050
22606
16353
49486
44357
7310
16392
1063
35258
8372
40282
19125
15139
39741
31271
28512
35270
33201
19771
16478
22457
21623
1650
19006
11157
45008
14817
34823
48114
8195
35755
49217
5967
7834
692
28733
8426
45223
6279
40850
31048
27608
31862
3363
6330
29779
21713
10484
33897
38687
17073
25652
30580
32137
675
187
785
40817
10331
20936
4193
39916
22397
32323
27959
37334
6715
30356
43402
23453
6387
6179
3495
35693
39003
28359
14036
25141
34578
34900
7725
16690
8422
42089
39832
23613
47995
28112
1415
26436
22282
18027
5302
36505
15731
41108
29275
18896
22131
14540
47938
47368
44203
34104
34331
43660
6578
4046
28899
29749
4642
40879
20068
24239
23267
22064
9248
42112
35403
4208
31324
41674
44331
3555
18630
20909
19236
6726
3271
16662
24039
42510
17666
2694
23780
4827
42681
30172
24771
1997
1902
10229
9923
19004
17099
47744
41014
5999
36554
45650
25569
28487
47479
44766
12036
30940
17904
15791
5016
16989
9205
9291
48044
20614
44588
10717
44049
4662
38090
28095
17952
18235
5876
41442
13311
41927
49261
24883
33751
28986
34951
41133
19165
29603
46776
42519
18623
44181
14558
24933
18518
5700
49046
34840
29432
48783
8267
49963
5805
32601
29726
23635
32019
28429
30981
1238
4409
15064
1885
4812
17997
8594
21594
48767
8374
26762
18331
2062
31726
48808
41177
633
31389
45736
3937
31991
25740
27373
25761
10499
3738
18012
47207
39403
21064
20917
47209
45947
39227
17154
34622
6243
46950
39278
27294
8022
13666
25778
49832
21319
42427
13998
5581
8017
43516
41520
26014
14169
8203
12563
21181
1323
46369
31809
4601
33810
44837
27743
573
25873
41228
21852
43453
45333
811
45847
19034
37053
8398
5232
14910
19420
38742
8448
18480
22649
40648
24763
6984
24321
4394
32386
49666
32445
6781
43145
7867
28151
43326
35087
20038
30658
13910
12360
46692
1342
19600
28164
44128
49427
31831
38270
30369
47247
42196
38602
12978
26650
31506
10465
18229
25853
33204
20960
4105
30148
14494
47855
19929
22409
15665
11551
25399
16731
13344
34853
6498
37269
25967
10735
33913
22136
9981
23750
9249
7274
8653
43147
35903
14377
37068
7899
6673
30668
1318
44350
32225
10304
2740
5582
37845
37426
35048
18353
22753
27064
356
33524
9817
46231
43223
18869
45920
6340
22374
19110
8320
38171
43451
191
8256
46376
26439
38083
32747
33972
30277
25748
28153
20019
45425
38524
14103
43667
866
19303
21278
47180
15332
7033
47980
5449
43382
17736
35704
38254
11274
5198
8739
29445
11340
34965
32696
8894
33258
9645
26016
21006
47297
24991
49141
36195
30904
14107
12654
46588
16595
41710
8787
46836
22554
18583
74
29564
11085
35717
48398
34669
2932
35660
34917
37672
49707
1935
15144
12752
2538
44666
30517
5442
44987
49451
32527
40476
27679
15344
43511
40888
15213
6103
26999
21357
39521
9257
48759
39073
16794
26618
951
36793
5850
26304
35250
24754
31361
41473
3427
15803
34692
44964
33461
41503
49370
997
41351
39447
8425
34036
30977
30752
2528
15020
43486
36366
10019
19996
2992
3835
29123
1172
40266
23150
12256
32462
19453
40457
22656
41629
27582
49396
632
3899
1461
36558
41006
38117
17495
7773
39649
44260
6742
37491
12863
8860
28374
26639
33009
40681
21072
5069
37890
31037
10868
27365
9061
12845
9497
26381
49222
32894
4597
4537
34897
21452
36463
16820
27332
25353
22599
26208
13845
25103
3907
4643
47841
24134
2551
9357
26614
48560
26086
6775
28187
30308
21202
48460
45259
46209
35500
8736
9045
19030
6319
30857
24572
27338
4001
533
48301
33077
25350
3631
2224
22952
27495
11984
41857
23589
19039
12686
47412
24898
43517
37219
6751
33271
49775
5077
7328
9884
25321
45645
1222
11121
13247
46293
48800
17858
34359
42317
18901
30276
47108
43421
46201
7848
31092
6247
23833
9383
397
38388
43923
22525
7735
17711
20755
45667
14803
39819
26006
15760
1446
16191
32895
8883
11243
48529
2277
42566
31730
37810
10847
4683
5567
25136
28026
39266
39128
2557
42881
14302
38443
12189
12333
5789
49673
48885
3626
34419
34086
16193
14317
10804
30750
40120
42585
32537
26600
562
2063
5834
43972
21200
13528
37033
26047
10128
26581
33130
43210
1501
6168
36409
28808
42620
14307
7187
19590
39270
3621
8880
43456
11156
32381
34711
27371
22219
48510
43787
40760
41539
49769
45793
17199
11863
29392
23331
4590
17414
42965
31339
10885
7322
34400
47779
11433
7551
12713
40139
45966
34702
17723
44890
17774
33277
48040
46729
30647
20277
17574
9965
14243
27383
29408
22034
39556
19488
2652
8303
46902
15962
47660
5795
40651
5573
13405
37324
16000
24383
41600
26604
41949
33546
48167
44981
23373
47381
20455
37687
44774
23659
16691
47041
46704
48733
42277
19157
23720
16646
11380
3224
33497
20546
40774
20971
42659
26973
48949
248
444
21284
39607
4886
45350
43822
13447
37034
25989
23097
37421
3194
1966
20832
29995
32558
27494
27954
2667
48057
47431
8362
40516
39961
20735
37972
44805
35186
34548
26142
47091
13014
30935
24153
8217
19762
26879
11889
41534
13270
45475
36854
49553
26333
8924
40585
10234
11080
27704
13113
35381
1091
39294
15269
34389
12098
10410
2211
40250
34294
19503
48168
24744
16717
7454
35178
43607
19179
2617
30727
2668
42593
518
46606
15279
42738
45494
31797
34262
39591
23469
4154
31377
7157
48919
34645
30783
24110
27211
42197
12407
10490
11326
27354
47973
12555
12055
9187
31101
22299
42909
11065
48280
40378
30189
43293
23085
13964
11249
30200
27412
46510
25192
28261
11108
48655
7615
27641
27033
34354
11721
18963
23683
8052
17811
18813
30602
16839
39911
10472
34964
14351
26501
29436
10716
42570
46116
19832
22723
9713
48652
8784
48834
17993
27989
13963
46539
9012
37354
19629
16364
36829
41167
10838
45139
40678
27142
10637
3830
6597
33675
31945
22773
32129
1079
30419
46249
13441
30331
28605
25497
29554
34696
819
48882
32642
35732
22460
26605
39665
32584
31057
47176
49090
45556
12368
1668
25380
11818
4350
36384
29198
5829
26524
6099
13267
25744
28037
31688
16234
37768
37274
4530
35651
44393
49702
37461
14768
18143
17416
7555
15742
19434
15522
22095
28794
25992
42534
23336
435
33377
1278
3468
9945
37412
49447
37595
26147
12973
37402
9139
3255
2023
14187
18521
25743
2900
11176
35329
13434
10003
3979
47837
29527
9568
10994
35272
49319
2965
39202
38713
45201
26485
15478
9394
23141
34003
7671
37244
43876
34133
4207
29484
40461
24836
35102
15903
33634
34455
11320
49302
3944
29054
29307
1657
28252
17725
48486
49362
41234
36101
2299
11711
45778
45815
36041
15487
14642
40944
11496
39086
7973
18106
23920
18468
12161
37371
27992
37443
23468
32731
11
49168
42890
3266
29234
4508
28248
17937
38669
28092
6590
49332
24875
10114
46031
26610
39465
36412
20705
23169
22184
12451
11514
10153
21005
40528
8533
31407
31501
39411
35724
32865
7153
9164
6824
11580
44582
18898
19540
13631
14166
27872
33450
14075
3360
9033
36095
42312
8742
49052
9887
25200
42554
27389
16517
1353
28203
39125
18115
4944
9643
42670
3159
8693
35017
3528
773
31517
14601
2172
43639
3930
30463
25248
23110
41059
17024
7175
31539
6567
7229
44180
42677
6861
37321
32287
37129
11323
32837
14498
12557
14199
16401
22965
3425
31383
12305
38917
5471
2429
12371
36642
20326
45303
43193
29617
27375
35920
18135
43785
30613
16225
29389
38762
37511
37287
36605
8555
46640
49521
7868
45493
27815
14993
21339
11328
37504
8104
24006
3151
18364
907
5880
44120
37605
25902
49239
13020
41182
4481
21366
36725
6263
42741
34414
18499
26530
34570
1592
27089
40397
12028
32751
23628
46051
42183
30357
33556
16831
36142
47730
36591
34449
28621
11717
24416
3254
45167
38951
33684
13764
36483
6139
2631
18241
24395
23530
12560
16105
28409
6783
20343
2595
36934
36728
38818
16424
27224
49863
30761
37042
27251
31920
46905
2664
43677
20186
35337
39594
34275
46415
43376
39280
10852
3986
4145
44157
14964
40025
48258
5682
13260
17924
49194
18546
43874
43361
6557
48741
25976
35465
22469
32238
22047
15547
26377
46151
42363
16310
13644
15585
6417
27493
15775
23705
10691
34684
41163
31128
47483
2260
39662
18048
1204
45012
37199
45527
45143
8824
15014
45071
45821
12637
41545
25288
12004
22534
45543
2351
38349
10532
2948
41790
11013
12424
19570
18747
39775
26737
33788
23306
33210
21083
3078
36562
40171
21580
48745
13258
26557
26413
14267
8613
36087
9425
14360
16925
29595
21426
13680
27437
11584
13333
13705
49398
33279
38018
31309
35371
10300
30634
36559
23730
15224
40229
29297
17465
7202
31311
8904
13745
48149
34920
32807
12888
1564
38616
39689
42849
22452
6001
33436
12192
33807
9370
40992
43749
37818
17126
40032
25922
16226
10861
47733
7145
16649
4610
28103
9011
6101
42023
49280
11020
26206
21640
19746
29815
21207
20513
25991
19104
24909
9294
32929
20904
45150
34757
43457
40309
19951
16170
277
21509
38757
32947
25130
41491
37614
49503
48086
43845
18293
18566
34905
487
26268
37878
31255
33673
991
8488
3204
3153
44834
45246
46065
34316
43736
669
5191
13624
36747
38785
9341
7221
1888
6878
41976
28696
43506
32227
34113
15400
20537
20236
620
7419
11707
16782
22229
10562
13853
4234
48701
32967
15520
15091
2074
29449
6211
1479
37839
20359
15771
24522
37767
35618
3244
25054
12777
14656
8201
5743
34522
35921
28676
2347
10515
14018
7189
6347
31349
11553
4864
37685
22448
35661
914
13545
13512
12640
21896
40042
48310
37193
11451
21940
37915
21147
7825
4327
44178
26839
22514
11781
38639
42200
1546
37170
38526
49658
48157
25930
26811
30776
13731
12802
17121
27297
44107
41343
39721
41932
24941
8982
23861
45399
29106
4426
710
4989
25829
37419
19019
49181
28866
21172
43872
1271
38322
41885
5268
39897
44599
48019
36196
32318
9720
18325
12135
31705
24567
41854
27716
41307
14455
41237
2068
23994
44703
34691
622
36633
30275
34521
40299
46145
11931
33317
10344
17713
16546
42256
16124
22011
12544
22863
12319
20399
33385
24869
23527
38328
17809
45110
48958
31386
38782
16154
3087
30035
18750
42235
4663
30174
32164
22309
27432
7008
14023
20061
47789
27074
15718
6991
12267
26037
30645
46001
16106
221
33106
42686
41439
48053
20361
36967
46584
14605
43024
47415
45436
2788
29821
47797
5235
30889
43220
11047
34933
2827
30671
45092
46169
16397
41874
40541
2305
49857
30887
1549
32677
23999
30155
48870
33234
35845
46829
34704
28064
17449
30245
6316
40005
19987
30067
29734
5344
41236
6852
18082
10696
1981
47538
4767
11405
25290
19269
7506
25199
16928
21305
46533
3646
43771
45428
17536
31272
18348
7199
36186
40444
41385
8814
27801
32624
42867
22068
36054
15505
22598
17102
8342
12849
6992
25154
33808
34826
11617
6406
3270
28196
47437
14050
18079
1156
21109
34374
5250
34176
14269
41868
30467
43044
26072
48610
48334
34240
30348
25090
44875
16976
12299
9215
7736
28745
8941
15328
40459
39933
1643
807
7318
16773
9564
16671
14197
43020
35149
40688
23891
40164
33027
394
29827
48101
32181
45624
32413
11435
15528
36469
37160
5737
43460
7702
592
12096
16322
3216
9857
32303
7824
6225
2849
24190
28891
46226
25480
28491
48602
24408
24066
35607
31882
36954
34614
11837
27344
26942
43711
27514
14416
27405
21008
16598
40995
9530
3608
20868
23416
11196
12520
11178
555
4695
13461
44340
3390
20013
18670
47636
6154
28387
27392
964
21325
16288
22335
45314
14226
716
181
10396
18147
11989
891
35862
19012
46625
45157
537
30775
6538
13079
39539
32369
36921
23519
35699
34348
43744
31973
38667
48772
43229
16940
21925
41630
29433
26870
35246
15667
11714
19717
28220
2290
31130
39035
34311
24795
29850
35098
9217
36289
23432
46753
1524
24068
43288
3404
18431
3965
22786
39096
37561
15274
10832
6016
35355
27201
8433
49591
48275
44877
14151
24517
864
8569
27781
41142
14688
17560
17992
37080
1597
5742
47106
40340
25294
19715
6918
48116
13861
15815
44658
3177
41239
39517
48494
25909
43665
49632
13457
9201
16601
32226
32763
15111
23601
37751
29010
12120
12166
48835
593
2326
36202
28381
45443
7680
41686
20592
33722
668
41493
41326
44998
32679
46438
35985
25052
19940
29714
4507
33983
16445
37942
37628
19816
41413
14062
6189
22971
5076
24160
10263
23862
28565
49490
42788
18274
33554
22177
16469
33359
40758
37189
37702
10299
30619
24139
27832
12517
7326
22119
39806
7596
29807
24073
16324
15896
18417
10399
4231
17385
25640
13460
36377
4106
20360
13908
5884
1737
20733
15947
2572
11221
25694
36497
2426
23078
37551
44419
23587
5770
31600
27213
38671
29568
23542
846
42117
36318
46010
18788
13296
5088
17328
5745
8580
17738
28165
24505
35810
47073
40094
8696
13625
46540
48065
16296
14879
36768
32006
28314
8214
19785
44402
24132
33609
4870
43867
10321
25062
18967
11392
690
31757
2838
17029
11920
24237
39845
9200
28589
35455
39075
6484
32927
25055
49590
34324
10951
13010
28399
48080
32409
42747
44065
25670
23238
14766
38398
4042
45731
14945
49328
5378
11014
20370
40475
39281
20873
21201
4714
42925
11032
44711
14384
37662
43384
17042
19621
22573
48615
22437
45656
44468
48136
21387
12211
25043
33576
13885
29071
10186
7339
29266
32273
43034
39485
18709
46710
23856
800
30726
36258
5252
44047
43079
26535
45795
3517
29417
14063
27926
31400
29320
4505
648
6899
29351
24282
49111
35344
2422
12489
33036
14682
20207
6063
8322
47294
39471
45835
9507
49412
24240
18712
24950
44383
7853
39632
26042
26797
41076
43897
16607
49251
33773
13592
31293
12
19341
29447
26076
34057
8072
44163
16133
33240
42569
2845
189
40343
14779
4402
24546
15784
546
27146
36908
23491
36556
10763
1165
25729
37273
33690
11937
5112
48488
19926
12754
48490
11265
20411
45344
6540
1837
48038
6854
16553
41581
25165
26489
27513
41685
22369
37256
3717
44172
11010
667
26139
14409
9585
6849
603
32762
46077
3570
43919
3924
32450
26366
27764
6619
11622
1566
32659
35191
42568
4209
36281
54
39189
41892
26793
15221
49563
34247
34932
13710
34330
46971
19804
19080
43570
9385
46667
16882
30806
35042
34798
44403
34094
21952
27886
8293
13423
44085
12901
21652
6325
11773
18834
29491
30036
25560
28595
43871
44487
41075
19595
12763
2028
6927
31480
44575
43016
21646
3443
215
32208
8889
8061
3858
23195
41667
16542
22857
424
32059
45536
8116
4367
15980
35110
36575
1719
14667
13616
520
26177
17588
25777
23099
41073
37028
12970
28438
33276
49367
21792
10270
7206
39397
2145
42990
78
40357
40318
5642
18320
10919
18091
31417
2808
2834
14017
33022
47434
14805
13106
31941
33158
9175
23036
14165
37375
29176
16092
409
12621
45956
25648
25783
1953
20707
44174
44880
25146
41609
46677
23472
11507
31534
30967
10712
17050
20894
1277
41819
31159
30524
34729
337
16485
40979
33819
9972
44915
17991
41052
10524
12855
10480
24658
33118
4053
38834
21870
24949
33755
22762
44298
24745
40602
20825
44400
40660
33061
33610
13155
46724
28041
16915
24332
49184
22690
15073
25059
41352
47597
43662
37653
15122
44920
16329
29270
15153
24614
5669
37067
6621
32525
48246
18737
47626
25848
29866
33491
44976
47441
21136
47571
43070
20187
25579
28032
48234
31127
37288
27148
19676
12831
36527
2907
35544
15408
7059
8068
23142
36382
43754
48674
47541
42904
21727
7046
47080
6863
4685
12381
24266
13011
4666
13182
22481
18989
13862
13825
3877
30418
22302
42148
7958
32103
40778
4476
26621
7764
35933
27059
13473
28076
49515
23405
21078
36320
26129
44249
35820
49768
15688
14313
28877
19741
17188
48981
21065
40074
24526
5234
11606
30284
6698
8638
38154
10651
38538
47722
21221
36132
48514
19973
33063
25102
31441
42854
46759
23630
4519
1762
32435
13465
20702
33950
37246
27698
40637
22063
8489
14461
40446
40642
44907
26068
29623
13039
43922
39962
26510
8943
31331
19938
18780
47861
9083
21920
25314
39850
13550
19002
7569
23176
14810
30756
44812
49176
8879
8030
41098
4898
43566
3812
11799
35835
5277
38109
48780
2998
41605
18903
24366
27422
31693
22396
6579
46036
18240
32316
40349
47750
15572
49044
12857
31993
8551
19129
24163
19549
29233
31525
42269
33547
36018
5091
708
32443
3627
10638
16003
44338
2654
48244
18721
14182
31206
7667
36453
13098
43917
7542
38774
31369
12200
18740
28782
47332
27960
36636
30482
20071
44951
35197
41472
21264
36500
22289
17464
43164
5756
6245
36693
606
406
8911
27871
46705
6367
33748
33963
43243
15461
43078
1128
2428
36565
21767
2285
43010
14592
39079
32201
18535
46523
25673
49020
39062
12870
579
21020
14545
24650
15205
42463
24854
23388
35330
9861
25018
24734
10554
48352
13633
5813
24129
18708
8033
27231
5543
33564
19901
29794
16002
6254
4372
3281
48618
21873
11420
22625
20539
16
41244
16290
29317
30061
40181
43766
20560
12172
36237
38961
19188
12922
35238
49895
35096
34163
14917
15507
46854
14705
35891
21943
2625
48856
20266
21171
16544
33657
34011
47708
31015
19408
23111
29663
1372
33707
46345
27217
33269
10232
28066
49459
38947
31199
30087
49911
16400
29069
3864
41044
8582
32132
1420
6474
34901
38281
9134
2121
48037
14896
8080
29854
22759
9094
38004
41923
4157
18489
37015
36599
17564
13815
43420
28468
48841
33046
25567
13471
47605
25029
36897
13721
19427
14961
40860
35393
3669
48836
41590
16657
1239
20970
7002
16273
39344
26644
30409
13326
40821
26252
4393
36486
18532
16696
25857
2757
16496
16131
22790
34277
37413
49662
12627
43182
42136
34274
13600
7141
37729
1299
36552
47037
24428
45261
11949
34028
25997
34639
37928
30915
33784
22371
7525
46603
12420
26679
40523
35109
48033
21537
16466
6767
25546
18308
49741
29906
40932
43638
31490
42774
7006
10856
19138
10626
31203
26216
8529
33990
7701
8437
3533
19752
12858
39852
49461
11998
46842
43977
38989
46628
13604
600
11783
693
16723
42057
22747
1733
18116
33672
12432
37265
43891
42663
14006
34533
31969
7681
38680
38390
19757
42365
19489
6519
35114
30476
47834
20652
40253
44857
11634
10862
7271
33259
42986
42885
39907
28976
2416
34893
38227
23852
16735
41612
37908
36390
9297
3916
431
17784
30718
6866
3029
894
32859
23445
24785
49199
30179
34173
34820
45857
47362
45304
42609
21903
48781
29064
14240
18399
28068
38182
47527
12019
41865
48723
31296
1054
19267
15781
41515
41700
34879
15435
28887
40363
1477
37677
43398
27029
27993
24695
15922
5577
37241
27462
31841
8109
5178
2863
16487
39876
14486
36692
17740
35101
18636
22935
19955
1022
32644
26372
41782
6464
43962
3162
22399
23713
30893
32402
41292
11939
29367
22651
28427
23454
14330
20487
34623
8413
47776
9608
5450
27762
7703
40040
47136
1028
16355
26040
12441
12174
20567
21348
750
32233
13539
24974
21090
40043
36294
4797
9526
7014
23136
32389
11417
44448
45532
33843
1255
41090
20511
24594
24996
45342
330
40742
43682
22764
35944
49336
17079
3046
18538
39374
29503
33331
18632
37367
5080
6327
25493
36806
9844
20963
26843
35478
46350
42275
28160
47943
19795
5916
28932
6391
40479
10411
32343
42390
26426
13751
15944
42300
12692
48386
20930
21227
14111
13623
27882
44167
21740
8806
48007
24349
25529
26480
29430
30651
7299
17805
49446
26903
40929
24632
42980
26005
35994
5212
40746
18912
46940
31872
37158
30628
7316
9204
27058
7721
40326
1094
46992
49637
3285
26444
37473
39432
36047
8952
37865
46238
44345
15571
26409
30609
11302
22578
15419
32278
36427
18083
3242
45907
36748
12060
29189
31816
6228
22427
33200
6409
28829
23827
7785
14525
45410
38278
43204
6061
8902
15989
11413
47153
42355
22943
17971
3743
23440
10657
42314
48495
15327
4160
31543
1057
9896
35678
25905
48536
36102
10753
36696
17103
6014
34806
16340
32975
17167
37013
26883
39384
35591
32603
36732
11120
11593
20540
9625
4802
30542
36632
9904
36076
20666
15691
16512
15268
35517
16415
408
31998
27292
34008
7658
39005
37604
45449
34351
27238
32687
44465
7193
32994
40136
48895
23047
9535
13753
17604
10358
48965
45803
33945
20847
32036
49097
42066
1068
17629
9582
40614
37348
39193
5988
1580
40168
24803
16158
44299
23354
16554
7182
44486
24536
45512
13730
19118
48337
1940
11857
24202
9538
17936
3951
40431
13253
25680
3093
12711
20337
281
40356
15251
34594
15958
40359
16993
20534
20340
47968
27517
42732
5689
2621
16027
22768
38113
14424
21693
32095
14811
24691
45427
48713
15151
48193
14303
8984
15287
21631
39484
15361
34123
16762
34949
28417
42760
17145
3089
7504
30760
27216
47204
24647
11082
48119
42377
20157
48921
10767
19961
14097
40743
14015
22658
14987
12748
31832
1151
38045
2240
32849
36149
10061
13117
26374
15807
40781
24669
30966
22725
47984
41429
11579
25209
9239
30909
20271
19855
11868
28826
32335
39733
18203
27319
10092
46698
48194
28442
1356
28045
47847
17392
20766
16664
1859
18833
41058
27559
41791
47704
842
8567
38489
46336
17417
39323
25358
26972
17034
37553
37720
9112
26231
19586
38378
7083
28814
10456
1354
7272
44142
38106
43865
15119
7413
35295
13607
34655
1698
9784
42757
43273
48365
2574
39173
1555
17021
39808
30496
8243
27093
30355
49201
39322
43996
44158
3630
49688
18925
16991
24770
2459
41
18870
10086
29513
7876
42484
21280
45834
6214
29528
40225
5206
39797
11009
43170
12523
46880
20316
45709
9925
34922
26213
33611
15075
46583
34626
18093
16205
35369
7500
25577
45082
30216
39900
31364
11439
10645
36604
9458
4903
38026
28366
40948
11365
13003
9881
29155
42793
30431
1907
33625
42818
34658
11776
5758
29011
21087
15643
33252
2736
35671
4818
25643
18008
33344
35183
49729
42402
8021
48355
27450
5772
38574
2355
47738
22287
12348
20480
19242
8866
23646
3519
48233
38107
9110
3344
49564
252
34300
12108
22264
11021
37580
25342
4450
18840
24989
2112
31292
2492
27904
19552
15570
41977
13976
1236
48074
897
6448
6894
12778
13242
42701
23518
22743
10281
44028
26626
4190
45838
45682
21724
36576
36306
43042
2376
48750
45251
19714
47547
33127
36544
8349
36963
7922
24740
4690
6782
27683
42664
30334
16767
3938
34325
17349
14520
24217
8981
21917
8677
36495
3537
10998
28423
22234
14922
10044
1979
40075
44529
689
31613
24135
26745
9838
20033
6663
46475
19105
28488
32154
25442
19035
25944
39295
22906
26970
21939
25728
10758
22523
15657
49488
26612
39058
32532
46922
44714
4285
47466
6982
49875
49009
43385
18198
8686
46802
43292
42115
8615
17039
47883
37043
29132
13160
25999
28765
20212
42910
20941
31997
16164
48906
47029
29758
38838
14420
3684
35318
43664
9600
23503
17052
9181
40983
14704
12953
6640
20073
20760
8920
41886
47485
40693
7024
25730
1814
24015
35223
34024
1838
22957
45636
15745
38908
16345
8625
2657
15273
40115
34662
29716
32276
9367
728
26403
17730
11310
6491
8453
46839
39746
9725
15426
40186
38353
4586
18411
34960
44421
26399
11895
38395
19759
49101
38023
25168
31074
7013
15458
48533
27057
14068
24588
10565
4449
47749
30560
7881
24714
16111
36391
5022
18846
21288
3227
23349
40649
5732
19887
10526
49276
37774
39583
40443
4765
31876
49787
46348
17544
22552
26578
324
10777
25147
14341
36705
8869
10633
15330
6258
23592
28541
21476
3550
28378
37135
40909
38035
26475
30339
26140
16739
32495
30579
4273
8795
46794
26917
25622
8886
47409
30197
31509
24404
14851
23377
27907
15008
25628
44888
23312
16054
29225
27761
46771
350
10271
45232
6815
48793
33105
18548
30926
6799
19387
33702
8726
18378
35879
17001
48134
38640
36048
23571
30789
168
22551
7173
48586
35156
21331
14484
30536
1343
12119
35386
26395
26113
29900
40204
19605
29660
45578
8992
12438
45974
23614
34788
31859
11012
30759
30263
237
42963
2712
21988
48714
22118
1173
26360
49198
35241
8187
15751
1476
36257
23837
42401
30486
24241
11974
15960
13341
36738
41115
16333
83
41377
16318
30118
9177
33166
34652
35928
37284
30955
35554
22607
1184
2731
21269
22635
21089
7232
24998
4580
4759
24445
48936
327
26457
26204
5161
24943
39997
12402
26673
38851
23396
7976
23178
24692
21761
30855
14773
46918
17380
10997
38546
30365
42072
27446
18365
826
43985
10259
7099
1240
33597
19046
36873
43134
39274
43114
5064
25366
29947
8327
40854
33509
815
11255
15009
30272
10619
18195
13036
18884
14087
30384
9096
24169
15746
43272
29583
20211
25245
44197
45137
24215
8953
10567
27019
35632
47394
28663
13920
8180
8262
33423
39970
41193
23625
27821
43703
25423
29876
9302
6971
41065
24377
40963
4745
40189
6186
4007
16350
46713
3967
25067
27472
12926
15184
18064
11180
47222
40865
34453
32712
488
10125
13362
25674
21824
37328
45416
35170
27316
15472
42036
38877
3376
18227
36315
45895
16174
23616
24181
28254
3165
44070
42486
32963
17313
31231
4250
30903
47868
7020
44491
47324
4098
15303
25919
48595
49937
3238
35237
6531
6794
9157
499
35211
40586
4174
28896
3609
19707
9862
526
48807
29128
46185
6953
13200
22490
8682
38335
3352
15365
35991
16277
4750
1961
34925
35075
34393
2011
20388
17115
6418
49878
38069
14314
39913
44217
34231
17187
29506
554
29278
38130
23564
44083
49236
18247
11801
1581
28889
28143
37058
30158
35964
9198
7434
8126
13141
436
17722
31438
10936
23281
21440
48162
9117
12564
2622
24484
35458
49577
44359
10892
2377
32667
15258
27271
39860
48427
14882
16258
35561
19635
28854
15403
29544
37820
39038
49329
42706
35871
26588
7656
18696
49543
28057
43921
11406
24635
4189
39161
10469
44954
29722
36550
6979
4549
26943
36749
9209
19263
12201
35560
28708
44291
23175
47104
22085
41118
28125
3131
19222
26661
7073
5500
42797
36358
32362
49495
32514
41140
18530
27326
17336
34715
25636
30720
7121
14521
5517
9241
33736
15685
7132
26084
43729
10262
40501
32388
25747
42575
48003
11387
17033
28788
19244
31976
42472
19770
31110
34427
31423
32096
31794
9290
40495
37022
6329
18880
48256
24096
13593
24268
33422
39824
9193
45042
9773
19366
5286
17854
42956
18104
22579
28602
48823
37064
4463
48085
42083
42437
49339
15651
29325
2283
49697
28841
2284
24372
20072
28762
45376
11668
5175
12536
5603
8863
43252
14665
29394
9580
40295
10905
18142
33114
37025
11044
5943
12885
38697
3768
42141
10602
43246
8065
16119
43336
31003
38555
29877
21817
39823
1862
35145
22967
5878
46612
33652
24026
339
37523
21670
30717
42588
49557
7140
9163
44926
39883
28648
27014
15468
28660
47521
29673
6764
2663
20693
36039
4136
32547
12257
13651
47103
41032
38779
47213
17030
21579
6892
27592
44775
44184
35012
6727
7670
36699
14977
29862
2255
9410
30292
43971
35946
24203
25533
28136
44118
26922
37914
37359
39024
40473
15369
48757
42531
36135
35926
47958
7650
19149
46357
25815
31666
19466
8650
20156
22784
25655
40871
380
28918
19472
42061
27449
18407
19589
47341
29258
8631
37234
5397
25950
39634
1969
18089
40631
21564
5800
6907
42081
10286
42027
27226
38089
37610
3272
43779
38350
28616
21056
35603
14278
24969
37673
43857
28847
686
17510
34000
45460
46384
48894
38673
22147
3396
22067
26038
2891
45153
14850
22767
21932
1850
35721
38649
21180
21717
49178
21170
2605
39622
37390
10191
39780
6612
4636
49743
18149
49121
24146
490
3420
28892
27275
15762
4185
9572
41222
31811
47850
27119
26071
14638
5596
35286
24946
24038
2831
40062
1926
11890
45973
238
38682
13921
49733
31892
31299
4113
22808
20637
2537
19437
29982
20055
13711
45904
23698
475
22822
8479
13870
12842
33904
16211
33806
12631
44740
10955
44747
6459
48570
15676
16855
17007
20972
8921
7305
15595
34492
18929
42100
26284
16939
48210
37427
36338
6345
46622
3863
26248
10830
49099
26881
33042
34934
29611
38062
29264
32951
4018
9630
48493
46934
18289
15907
22157
24101
27542
17633
10292
29251
32790
28154
9958
3424
9261
48896
24195
22792
4736
31447
32749
6401
45786
19274
6628
18333
24878
42293
42583
31523
20911
4998
40719
8587
46313
8455
13692
7401
40304
14192
29060
13165
46488
39407
22317
33481
2600
30230
44958
36691
40232
29773
24639
36209
287
27102
35892
1314
17192
14770
21380
10431
5134
43633
28496
47193
13283
37157
50
41876
38405
16127
33696
36056
44574
19097
42833
38260
2850
40619
3901
4216
6504
19509
15045
28049
41851
11813
48778
28752
419
30475
20082
2337
17082
7494
10075
15630
28044
5947
27850
38911
49763
8139
13263
39783
36868
35780
45873
30198
3340
34906
12274
10051
18492
44141
37098
42163
15697
3862
29362
34291
3527
41505
28971
10188
10796
1495
45421
3865
36124
41992
39433
38858
40795
42726
40639
27356
47175
10341
21794
9307
44208
27182
3191
21607
29828
34921
34675
3145
41103
30166
11000
14669
6848
4752
45067
22473
10363
30952
45181
7616
24755
963
14046
8467
41131
33162
11149
47240
37968
36608
5075
16374
49971
2084
11960
5502
21867
27124
44315
14551
32911
37909
49501
17874
36297
29972
23067
1385
11914
38394
29698
37804
3731
220
47537
18624
43008
36641
3947
11556
15413
5986
1620
30907
17674
43340
3923
2247
15059
4075
6772
47283
19877
47361
29310
35283
33921
36036
16057
44029
31594
45478
316
1842
24561
2554
21551
11875
35795
44201
31153
9598
6758
296
44250
1909
16313
6937
30854
25952
23507
18791
19862
48922
41589
22478
3562
34284
35053
47384
39312
30104
25535
41255
45182
37876
13455
10976
31471
11389
4686
40358
3605
37643
18526
31680
2483
31193
14100
29753
44637
36813
35450
802
24285
39391
6896
19473
21076
36490
22701
18945
4702
36989
48191
14691
7090
1793
48989
26251
792
15140
32784
2476
25506
32502
21683
29748
18007
40010
45963
16859
9776
44708
47018
10620
2241
29098
22881
29607
39415
47689
31769
45717
36754
46030
49592
11374
38020
34241
45002
29788
21681
27560
24648
30917
20515
286
36791
16042
26995
22628
18872
20538
32787
8680
18276
18968
22904
21614
848
32156
44051
41512
3020
7944
32580
16135
8560
44283
22284
34769
4138
17412
36230
35004
20167
4032
15240
4088
29985
44864
3730
16084
6860
28626
45642
16559
40673
9616
31753
5386
18188
18459
93
38431
16139
48957
21769
27666
3567
43116
7644
48961
25805
48203
37843
38631
32587
29381
34134
33667
35884
3539
41078
3284
49473
28331
49230
36435
582
13222
44791
762
29816
49635
16025
34628
25994
1030
20531
3689
35848
30307
13867
15805
15714
9911
22087
4159
18751
3122
31698
27587
43841
18724
26674
34836
14960
38899
26118
13787
3383
49074
49127
16850
21700
42080
44316
37766
47148
18469
1225
26493
38356
32736
34010
2026
16456
11625
42404
17957
39647
20246
1459
43422
13526
1543
47303
37537
35943
20491
32460
33496
29647
13069
29599
49389
39153
47854
35636
42995
15788
27042
35650
32153
38995
26875
9143
29335
15380
49692
28106
13522
39382
46129
752
5836
4910
46159
3341
46652
194
13668
30788
31697
22592
45590
11912
15539
37395
35988
4732
41999
24360
18339
1984
9811
396
4220
39701
1124
43060
23702
2645
40901
41702
47185
27996
16862
14028
12392
49856
22956
14298
8765
43105
1182
41906
46973
33306
34292
30089
9695
31871
45952
27100
39690
23670
3077
4880
47696
43028
3316
8892
19136
26537
49845
19779
35115
10511
20925
38504
6836
36715
8152
2795
11932
47599
23586
1515
3039
28375
47690
22470
43536
41358
20906
3054
28685
23329
3365
30939
20564
13513
29902
4121
12937
33746
34356
12946
40198
33053
48522
38016
3384
9470
8703
39459
32936
18569
12987
31606
42614
28906
43734
5644
25214
32574
36818
1423
3718
36424
6029
40960
37529
34894
10340
32932
19332
5992
26668
13990
36592
44054
35957
48743
7112
46841
18940
8811
21097
1609
8070
44942
22066
12941
32465
35083
48012
19645
45274
38643
13796
3138
40689
41941
14998
19232
26714
6570
673
6308
29546
9550
20797
24566
8799
13812
20962
37541
19281
48670
32720
33944
22050
47493
33097
7254
2083
19329
24413
26096
3454
9615
3890
20125
495
19374
8647
37745
34863
41707
1228
10463
40969
