3020
48023
17969
38818
28134
18308
20540
22764
7422
41337
43516
31153
40637
19676
49557
32749
8529
35862
14185
34879
42935
1020
49715
2230
38171
41667
12303
10657
33554
23491
40736
2600
40218
23176
17510
9217
24328
2705
19530
11773
13166
13745
12680
40243
42074
46859
26844
986
38107
44403
36465
36771
5480
30074
11761
44714
48978
6312
3731
32427
5918
24413
15116
28125
25007
25506
19019
1239
43382
34578
35202
32273
4586
44574
7193
40865
24950
5700
1653
33550
11
6475
7162
40327
46051
24129
2117
29009
41866
21678
45449
6564
29816
12520
48375
7204
46731
9470
34662
14904
