12067
5106
3058
11574
32090
45674
36365
7546
42150
47813
8675
15386
5674
44110
13647
47039
10921
31999
20592
31076
34200
41399
29715
8107
30394
42438
25367
27548
36129
25963
5773
42461
16985
32838
34647
48766
33703
28710
15094
32936
34396
43639
25615
14194
4738
46075
29872
21696
17810
19755
30563
8081
29474
20629
24986
27676
49929
25512
30024
8590
25145
4316
30484
27797
45743
1942
2263
32740
18818
34857
28146
29996
26940
44333
45015
4134
35219
30398
38882
39213
8066
27178
47768
2823
25096
38665
24415
6481
18502
35825
8373
8721
33538
21356
31007
39526
47489
4432
34489
15323
37420
24974
30188
5830
17980
49297
12498
37601
39954
3986
40522
44615
44716
31489
28289
44876
1090
40944
1015
25098
28996
46567
30801
34084
13853
47728
5082
16248
48242
6548
1239
14281
37443
5842
48163
2541
40047
36374
40804
13606
39994
27650
12940
15479
24941
40348
35688
42989
44295
44604
35521
38532
39075
7154
1636
34219
12407
26741
21616
32188
40384
31081
28070
49279
20752
26072
49744
40242
24111
19305
577
14344
11899
47123
47459
47920
29553
44694
47214
7293
16871
39153
13837
49036
35906
46875
36357
48997
28902
28868
35892
42480
28516
35587
45623
39551
30980
43468
47207
35403
