1
72
46
4
22
6
76
82
98
85
73
91
69
67
22
17
47
22
18
44
66
45
67
54
59
66
18
67
42
15
96
83
63
82
89
16
6
86
56
4
43
2
83
52
3
25
89
48
85
84
89
36
21
27
49
83
23
92
69
13
51
37
73
99
12
9
38
24
29
50
36
92
54
88
57
92
33
58
76
37
47
65
20
53
13
2
60
23
19
72
53
12
52
58
5
58
32
70
99
55
88
64
72
89
82
75
27
13
95
64
26
98
40
34
45
48
14
62
57
65
31
37
57
26
56
87
90
78
61
35
23
52
91
91
38
65
71
68
33
85
30
37
35
10
54
97
11
97
45
68
32
40
43
68
80
94
31
41
24
49
97
25
55
64
5
44
63
24
85
26
58
49
60
81
40
28
66
31
99
39
43
50
41
84
46
94
52
3
7
19
16
33
9
62
7
18
90
21
67
76
35
74
51
36
71
67
90
68
79
91
22
87
38
12
84
97
82
39
20
0
40
25
94
80
42
28
28
18
66
47
85
42
36
94
53
34
76
88
77
9
61
25
13
83
26
31
71
10
10
11
30
93
58
25
60
15
54
46
66
74
90
23
6
27
95
82
30
15
12
51
50
39
57
96
77
11
35
91
8
95
4
93
70
11
60
24
55
47
93
92
63
27
49
34
52
21
29
35
70
1
77
38
15
15
18
33
3
8
2
97
77
34
75
39
92
53
79
59
16
34
1
71
74
86
96
29
30
26
69
72
41
42
86
11
1
81
70
56
56
40
17
61
53
28
45
60
48
78
7
96
3
2
75
63
46
81
50
98
16
41
54
27
19
50
39
69
22
69
86
4
51
72
9
14
61
62
23
24
43
19
29
87
76
74
45
44
20
47
6
21
8
73
74
78
46
5
57
80
59
80
6
4
78
56
38
59
65
3
73
2
14
13
98
71
55
96
17
33
88
87
0
95
62
90
44
14
89
99
5
87
79
63
51
32
83
41
1
61
17
48
8
79
86
21
0
5
64
64
81
32
28
42
79
10
20
75
95
9
80
36
8
12
31
10
48
7
32
43
88
84
77
68
49
37
93
73
14
78
99
19
93
0
55
62
75
7
94
16
81
29
84
44
30
0
20
17
65
70
98
59
