81
34
63
52
36
83
70
38
97
33
92
70
98
45
86
90
62
19
97
60
7
34
43
87
76
42
1
67
49
12
16
81
2
67
88
25
12
53
69
46
68
96
11
4
11
21
59
29
24
73
88
17
75
7
80
24
30
90
15
6
39
49
40
55
56
10
6
47
41
63
64
27
62
19
39
68
48
95
22
20
36
93
57
60
14
35
89
66
78
18
50
33
74
55
89
64
14
28
23
71
52
31
25
57
99
45
9
99
5
32
76
26
17
65
44
58
72
3
38
61
42
23
80
58
54
46
65
10
78
79
5
95
77
8
3
2
66
0
51
32
53
84
1
20
47
75
37
93
98
72
79
28
96
18
37
54
50
61
91
44
29
51
4
73
83
0
94
56
16
82
59
71
22
85
84
48
8
13
31
40
82
26
13
77
74
35
92
91
94
86
30
85
87
43
15
21
41
9
69
27
