28005
5059
28701
4527
15620
28243
10448
25326
35344
2691
21309
17956
16832
18458
3307
4873
7727
24822
21656
29951
42113
16202
39202
21717
79
7587
17551
43916
20050
14876
9279
47228
8206
3495
36416
12818
18282
38604
44375
4600
27728
18737
3886
15675
2026
23323
10381
17655
15281
46417
35222
3586
38056
16237
22736
7720
31917
19932
3270
34807
36211
8028
2876
44342
11672
34161
7474
27391
45382
13564
7622
46704
2971
1969
39650
14089
5359
11913
16679
47622
39861
44061
19084
1443
49793
8241
7582
33018
33258
8727
27317
42929
29035
25360
25228
19088
11373
29895
14762
26190
21839
41824
25593
26977
34249
36778
48845
17804
45126
17986
32239
1882
18217
23743
25951
1997
38394
4529
43219
20255
12902
32396
21488
24971
1027
46711
19701
23330
38852
2634
7443
20223
14594
18474
47896
22404
39694
14686
798
7847
5631
42155
47539
24764
16806
21314
11599
35143
23804
44723
51
27371
13689
4653
35560
13924
11345
26528
3881
5727
2846
9997
32493
36579
37346
44120
13695
21446
41445
24482
1694
30332
31412
2417
13744
20278
40251
20839
31455
19832
23982
29667
8150
4423
38455
28874
12403
18970
15858
12875
1139
45265
1663
6620
34164
45586
31018
33311
41042
30082
28787
30866
43341
14956
11247
31688
33034
23698
26990
772
35467
28401
38925
46882
23427
39648
7405
26913
42938
39647
43378
16711
32337
25231
19201
3974
9826
37831
27157
49575
36300
36485
36465
39557
45112
13764
14366
41001
31788
46048
43903
43243
14082
7312
27635
172
34905
19410
26297
38806
6536
4232
42990
13204
2626
36831
16642
46347
34018
7866
29073
35796
6333
41287
16858
33947
3902
48990
9339
32226
8803
8658
12792
5436
19558
7662
30897
26242
38189
38593
13483
21594
48236
37667
14118
6519
49217
42355
23006
11216
7711
86
18495
21216
4705
37649
2231
43542
31457
1005
