65
45
39
23
54
82
25
59
51
6
33
51
50
14
92
62
36
36
80
64
96
3
77
12
45
87
41
75
21
22
98
20
65
59
42
4
32
78
32
33
45
18
43
56
1
96
37
99
54
72
86
99
58
6
5
82
19
17
53
91
38
68
42
3
94
88
84
81
93
0
49
93
0
83
69
69
39
40
51
56
85
73
53
77
4
32
12
1
47
79
14
29
12
2
73
58
13
45
99
16
50
73
75
63
62
18
9
80
54
70
5
89
21
41
69
74
95
17
1
98
31
24
82
35
19
86
47
31
90
20
28
24
70
55
44
72
31
9
7
8
44
80
94
74
75
25
62
48
33
82
43
57
78
62
23
34
96
61
33
79
22
74
46
60
84
60
25
97
41
70
52
60
6
24
23
39
67
26
22
63
76
35
24
46
63
85
67
78
72
97
76
22
34
10
15
27
61
21
70
84
95
81
16
48
77
87
89
90
27
48
72
15
10
65
57
28
68
40
64
67
3
29
3
73
13
83
61
98
18
81
2
19
69
20
29
46
96
64
5
56
88
52
64
56
11
38
34
97
83
47
48
43
80
75
86
54
40
30
23
8
66
87
35
2
90
14
31
13
91
7
66
76
94
47
51
4
95
49
83
61
49
59
28
37
93
19
41
55
29
52
88
11
95
37
20
0
17
79
58
42
68
5
50
46
91
11
65
8
38
25
35
78
71
77
16
26
36
90
97
84
89
13
94
26
49
71
60
12
42
50
15
6
74
9
26
68
30
92
39
18
85
53
7
55
71
86
37
63
36
67
44
2
30
44
76
59
8
27
52
89
53
93
30
15
92
91
40
10
79
0
66
16
57
66
88
58
85
57
43
9
38
27
21
28
99
17
7
71
87
81
11
34
55
98
1
92
14
4
32
10
