11
86
1
80
79
7
65
61
64
31
80
82
75
71
65
38
4
82
99
53
63
84
88
42
88
20
89
40
85
68
2
60
15
50
98
97
71
24
78
46
89
76
12
45
91
64
42
7
59
14
8
35
87
84
3
89
38
0
21
72
34
69
17
26
83
94
30
99
90
81
24
87
32
43
23
39
47
30
21
47
92
91
15
16
42
74
28
29
19
80
79
61
54
21
57
24
3
5
72
69
6
51
99
94
28
83
77
51
41
58
75
6
97
1
40
63
64
53
49
20
22
95
51
97
8
59
66
31
78
55
60
72
50
8
69
25
10
52
57
12
60
20
48
68
98
96
83
26
85
65
45
93
31
84
56
36
59
62
35
37
91
44
79
67
93
6
90
3
4
27
11
36
34
38
41
44
73
73
50
70
48
27
46
67
22
78
34
13
55
92
88
81
0
39
37
87
77
49
76
15
46
33
96
70
9
29
36
22
25
82
17
62
37
45
57
2
93
32
76
18
10
41
32
44
48
5
49
92
86
58
30
58
85
43
95
10
16
7
70
9
96
56
66
1
73
66
14
19
94
74
25
26
75
61
33
56
95
17
62
11
28
16
53
23
43
19
86
12
0
74
55
9
39
40
29
52
18
23
90
81
27
54
63
5
4
18
2
13
33
68
67
98
13
35
52
77
71
54
47
14
