38890
22361
16358
24210
21146
37014
47086
2169
40085
1428
5063
39231
37290
45070
7375
4195
4098
27144
31563
34768
30925
8145
38008
16595
29742
13267
42382
16535
30308
16514
36453
44790
16797
28402
23732
9406
8706
41299
12933
21860
18813
30577
12430
26150
10745
44277
18757
31912
17673
37135
2949
43124
18153
16947
17312
49123
48960
37888
5924
41316
4104
17503
25141
18198
575
10410
42560
47639
9832
34665
25769
14833
18032
27540
16647
29950
33121
18437
27756
39505
19616
9196
33939
48036
6731
40613
38277
28663
1997
28751
42547
23641
13890
42420
2229
608
31504
30319
30143
23925
30464
23457
1501
18612
18663
35143
47291
45912
5209
48333
24684
15215
34386
35773
15149
10718
2664
27664
43668
11354
19031
743
36902
19162
6130
33242
13648
1646
43847
16670
36546
2912
20490
48427
39935
44088
48641
18346
31935
48601
27171
11568
38485
44176
23386
40378
45086
33744
28524
16302
46714
41001
41630
49569
47836
2302
12098
32048
17268
45457
30353
4470
38021
16813
47999
43787
33009
19254
25602
22263
9771
2345
3998
32828
16586
16965
18019
1886
31132
23014
20367
33522
21067
12337
10627
26599
14820
15407
46789
36578
29373
14567
35180
6520
16862
33851
49418
35312
27157
40660
