11568
30319
31132
16797
18663
45086
48583
40660
3998
1997
23921
41001
7585
38021
28751
29766
18813
324
2169
10842
28524
10745
10718
48601
42382
21368
44488
14820
2912
9737
47836
19616
25141
9196
33851
16947
31912
39935
16647
37888
34386
29373
24684
17268
18437
18612
41299
40652
30143
1823
13267
33319
4104
42420
13008
25769
18757
27144
22682
6130
36578
13519
24210
12193
5360
20752
43124
46322
19254
1285
4782
15243
7290
24570
23811
45457
33058
48960
2949
2229
30308
43382
4195
32048
1838
30353
33744
37902
9146
20490
23732
717
26599
860
31464
33059
37610
22019
5209
49418
11354
20570
23457
17610
31504
2387
23925
29742
7375
800
16302
8145
8603
15149
19031
2345
9771
25841
12337
47544
33939
28663
20080
12933
575
36902
22202
17673
16318
45070
2095
37135
4470
47999
37290
43668
6520
27171
5166
49133
26782
33121
43787
33242
47291
608
45884
35377
44088
44176
42560
13890
16514
45912
30071
16535
29950
22361
21411
40897
31935
16595
15971
27540
30464
37371
2664
21067
49987
40085
25602
24930
30925
48641
2302
10410
36453
34665
36083
10627
41316
9832
20442
29747
7796
26176
38485
1059
16813
6731
35132
17312
37014
18346
18198
11760
21146
35312
1466
42691
35143
30949
9406
17503
23014
1428
14833
4264
15215
38890
743
2738
33522
33190
16965
8706
18032
39231
7323
34768
38277
46789
33341
35180
44790
13648
36761
30952
44277
8319
48036
30577
12430
15084
19381
38577
26150
41630
40613
42547
27664
27157
1109
18019
25661
5924
15407
32337
38008
36546
19588
10124
47086
33819
5172
1501
27756
23641
14567
48427
5430
33009
5063
16358
48333
40378
46714
16862
5129
12098
31563
1646
6989
22263
20491
16670
4098
1886
5856
21860
47926
18153
39505
16586
28432
43847
20367
49569
26313
40496
28402
35773
32828
19162
23386
39283
49123
42832
47639
30182
