38987
4294
13740
13965
41565
18858
32490
40262
19829
29632
47208
32227
16029
29515
43507
29419
23978
21678
5492
42345
7313
38050
3177
33667
32548
2730
20865
2316
26292
30334
44968
16080
19690
22801
43940
824
4267
35578
22885
18021
17024
47983
27155
33513
29806
49084
9872
9347
191
13501
21482
37934
11289
22838
17478
35117
32884
6523
26040
27993
4836
4909
13370
8001
11113
1862
3072
34587
42113
42558
16597
3924
5902
39836
10538
19383
19282
28826
194
15820
23298
35248
2403
41823
37737
24443
6033
20279
1994
24849
37499
39698
888
35554
26135
12716
26001
27113
22215
3503
47898
23114
38754
49059
19718
26965
16163
26864
47540
25113
25313
40216
46986
17414
2049
25967
45652
12048
23065
15778
13802
48663
31510
11820
27565
7763
24328
47164
43187
36413
27819
43318
48035
13942
28667
41123
15269
26077
5573
7452
44352
48978
35484
26107
31157
7022
44792
7878
7463
23106
844
37543
36233
37911
17498
44900
6845
13316
32656
30833
25282
15220
19402
36869
1881
38412
37032
18486
16925
43453
20692
40179
10281
15210
44713
9335
33329
13183
13095
49367
5566
35542
28362
14910
16975
42002
878
12054
45900
46767
45143
19775
26984
606
16355
10447
43552
17762
1731
35704
42088
43794
39768
40763
48221
15185
15920
11176
39869
38955
23698
46043
37967
23433
45894
30860
11319
19008
46236
44011
10506
30249
38969
7931
26770
32050
10315
47615
49556
4509
49559
14678
39687
23576
24370
36845
20202
42222
42761
11382
5691
31860
28768
15979
26328
29861
31013
21023
49763
12383
9821
42887
35680
38467
16415
36261
44839
18967
9486
42900
14591
135
5570
42030
44392
18161
30410
44384
1437
16102
1573
44909
22727
2793
25245
13486
18459
36517
25109
7997
7070
13545
14277
21272
25869
27866
47962
3244
38661
16242
41159
10007
48967
41447
13753
29522
2405
37126
42231
15847
25668
22865
40713
30881
29191
45112
44151
30301
46609
11153
22022
13409
35441
6084
2341
27116
31640
31930
12057
26155
9671
35471
37208
16917
8066
48714
24841
37851
25392
40845
18140
44509
30555
16606
26228
2877
38776
44898
26600
20670
28981
30210
17911
45537
49649
1983
16601
20839
25854
34054
4807
8932
24417
3196
21776
31182
18548
19312
15431
45928
12538
12466
47887
20113
44600
12968
5323
6510
25161
44653
12490
24444
30607
2736
30703
43098
46079
22155
11523
9182
30844
25279
37112
12360
47719
3341
12066
33744
11610
3984
45725
11727
14823
33434
33261
3077
28590
6206
39569
20453
4516
47958
22306
5519
43492
33430
41384
37077
8556
7888
20283
42892
30050
25400
6694
7143
15097
46531
31282
43127
5565
41351
42166
16890
16758
18998
4490
27968
24531
6703
45629
49954
38304
45931
20734
30185
26207
43221
31520
16043
14799
15706
23468
15657
3746
4932
33275
49360
1151
6029
37951
33534
36312
29047
16479
21709
6549
39362
15806
25776
38395
34056
6187
24429
17948
30613
38772
19982
22603
41801
14510
27453
27835
6600
31677
28438
19131
27095
6017
42677
1928
47172
27923
27175
38871
28379
31531
31149
35915
32454
4696
41572
39704
4134
6471
43873
42930
3033
29094
23221
