49729
13725
29421
14396
2705
49632
6448
3821
31269
17992
28064
25506
7422
36465
32749
40088
46245
33722
40865
35326
15947
5700
36983
24035
15182
7964
15116
34694
43873
49818
36771
41629
25278
8982
19004
38412
36461
11773
13711
10271
10652
40736
36289
35202
10484
3242
15903
7007
4586
18147
43232
30463
14185
37878
46859
24202
14525
5627
46111
35732
30074
7316
5235
2224
6522
37297
29753
23983
36768
12680
41078
20652
10638
32471
40536
27530
2600
41710
33496
25471
29890
41545
23094
4668
16277
38171
36935
20876
19769
8529
14384
43385
6312
13939
21678
5437
18696
32273
24951
41103
49715
28859
18417
30216
40113
40754
5439
31199
42027
32413
7208
47690
41270
33966
26844
20760
25931
33550
30610
31866
19816
9080
24734
27014
22437
5161
9671
31276
34879
1020
28974
27412
34852
20549
47861
4537
17196
7041
48575
24413
6541
33868
29816
32399
43516
16027
40963
7193
2117
35810
40266
3162
29301
1222
44217
22747
28540
24950
18443
8262
44574
31153
34578
10508
3020
5168
41866
32736
48023
21248
44714
37529
25007
32036
41685
14904
1354
526
3365
26047
14357
34172
45834
25194
30546
36923
19972
16882
26865
43517
20318
1653
24567
29009
26216
21594
47104
23722
28125
31316
40327
11140
15651
33554
17588
16392
33736
14717
34918
42570
25508
6371
39415
46759
986
16517
54
38107
41906
4473
33806
1665
5195
18148
18308
41749
35902
9412
42859
14375
48745
45650
24129
40476
10862
5379
6564
14479
32427
45474
48978
22725
40218
13366
5596
5022
26052
19676
48375
40558
43094
9187
13769
9383
6949
27272
26959
8549
35075
17510
1173
42074
28134
5075
21083
49099
3731
38546
34794
24322
27405
30770
6279
15384
22740
3574
31298
20812
11
8385
19019
47597
49389
45793
38995
13745
31769
26557
10234
9003
49557
24328
44403
31364
24551
20511
49127
22649
27231
30255
30303
43660
9824
40850
43010
2230
40032
17997
29965
41453
2186
34
33205
37473
481
29800
19530
9774
43604
13166
22219
36813
45843
11707
43952
11776
41941
25203
35458
42935
20055
19396
47976
10225
20540
35661
40884
35928
43366
30280
32349
15408
49117
6475
8886
3646
35903
9217
1674
37241
25820
10753
8479
9616
28887
18901
14986
5791
49009
49046
18129
18083
47809
5756
7848
41441
19828
12303
26466
47298
15942
17969
2111
9272
8342
25132
48615
40243
17005
12520
30641
45130
36552
5480
8569
49741
39518
32902
37615
533
46731
10657
2426
45636
34367
13083
20741
34662
23411
36908
10402
45652
11761
10237
10466
28586
42692
26795
12333
35560
45171
3984
42086
23085
10525
27716
10472
19635
5378
41337
37766
46703
41118
46051
30798
23404
23670
26578
32642
30172
42586
4842
5790
35862
12536
17188
25962
49631
14257
28488
47077
41977
49370
23176
41996
11937
22764
11039
43382
7204
1239
30065
33231
4519
5836
16887
34622
2942
16651
4549
44359
31186
23490
28425
43767
43691
29877
35879
28511
7162
38818
36142
14123
37914
8081
9470
44037
12078
4167
11634
27912
39128
41667
5918
30217
40637
43329
22025
49111
9164
11122
45449
35541
49592
29529
23491
3570
47834
30733
39189
