83
85
58
17
20
47
2
97
45
3
89
70
60
59
68
31
6
50
52
83
22
29
81
50
40
4
32
42
73
21
33
16
49
48
8
84
2
82
97
29
65
77
49
65
36
76
12
17
27
55
59
67
83
62
26
57
44
75
54
94
45
56
23
34
33
27
79
68
39
8
29
24
93
72
74
28
13
89
32
14
62
30
92
71
72
28
98
66
87
30
69
99
35
17
80
86
66
50
65
85
53
95
61
84
89
86
59
54
66
46
84
61
43
97
45
46
34
44
19
71
85
39
39
42
47
4
9
57
24
20
11
75
9
22
91
26
51
41
46
50
68
54
80
79
28
88
93
84
37
25
57
31
93
90
35
35
23
73
40
86
48
89
56
11
83
31
16
33
39
12
12
14
38
63
46
32
78
19
49
72
5
96
97
43
69
64
75
90
28
8
74
70
82
73
19
15
98
38
58
63
14
67
92
10
67
64
7
5
96
95
94
64
56
16
44
65
77
93
15
30
61
94
92
6
13
34
78
31
43
1
26
37
41
44
71
1
78
60
19
18
91
23
42
48
15
4
10
3
53
52
33
82
66
78
42
76
49
92
21
43
1
72
80
87
37
38
32
70
99
52
53
87
14
2
82
79
51
22
67
36
56
60
75
9
76
4
3
86
58
81
63
98
20
51
68
34
24
62
48
27
5
64
12
18
29
30
54
23
36
88
57
55
25
59
7
27
10
58
6
71
90
74
95
7
5
70
47
74
3
2
18
16
98
69
96
22
41
88
0
96
77
91
55
17
90
99
7
88
79
63
40
51
1
76
21
60
10
26
0
6
81
80
41
35
52
13
25
95
11
45
11
15
38
13
61
9
40
53
85
62
47
91
18
99
24
0
69
77
94
8
20
36
55
37
0
25
21
81
87
73
