5
65
3
85
54
48
80
57
44
96
75
14
64
66
84
30
13
41
74
62
32
91
27
26
98
0
56
15
25
0
78
35
94
58
86
84
62
33
33
53
59
82
53
67
95
20
27
8
51
27
5
82
79
78
76
55
86
69
64
30
9
37
94
54
85
6
81
11
86
47
40
27
96
12
29
83
91
16
30
54
53
80
45
13
88
17
93
72
21
92
4
59
48
81
4
42
64
19
72
68
50
64
33
71
60
41
24
44
73
75
83
52
87
21
1
13
0
44
23
90
35
28
95
9
76
1
33
23
77
32
20
71
1
99
74
39
89
57
43
10
53
77
26
92
2
66
47
74
7
37
57
61
29
65
56
94
47
88
83
54
93
7
91
15
89
83
84
92
93
36
92
5
82
38
50
28
39
41
67
23
43
9
4
9
76
5
15
72
58
74
97
1
22
19
60
6
25
80
40
86
94
63
17
33
35
72
88
73
12
40
72
47
38
79
3
90
49
53
88
17
30
85
13
22
81
95
42
34
36
78
49
45
87
4
22
18
14
55
70
16
51
52
75
31
43
51
46
45
85
64
63
74
73
11
55
36
57
21
47
71
22
45
3
1
10
54
56
25
79
28
11
8
95
7
16
37
52
97
98
34
69
70
29
82
44
68
70
65
22
58
62
58
87
61
88
57
17
49
31
68
40
45
86
52
41
19
31
46
39
71
50
65
43
91
42
26
37
15
31
48
89
63
51
60
51
76
27
71
62
67
63
2
96
8
0
0
56
63
99
36
25
96
69
60
68
35
28
44
19
49
40
34
17
36
18
91
11
38
18
97
20
59
46
2
61
99
30
55
10
84
61
24
79
89
42
6
58
41
76
14
80
75
77
80
18
85
7
12
59
12
66
10
73
77
50
96
79
14
23
69
98
13
56
48
20
93
11
16
16
81
8
21
2
20
37
97
26
97
87
66
29
9
15
3
99
10
93
7
8
14
90
25
67
75
18
6
24
39
70
29
24
31
98
62
32
42
3
84
43
6
34
67
73
61
28
65
5
59
52
68
46
24
69
48
38
46
81
60
92
26
50
78
66
2
77
32
35
38
94
90
70
21
49
99
95
4
98
34
83
55
87
19
32
78
90
82
23
89
12
39
