14244
35295
47058
18385
35385
36621
40329
30391
8007
20963
11084
24719
41631
1308
46375
15027
12397
32161
39696
20013
48966
18661
37060
48129
17823
24013
35108
38239
16903
42871
48422
20225
40920
26837
32056
48837
36963
4556
27099
40524
28461
29586
5457
11553
47539
47528
27625
31199
37634
23226
2692
40322
48771
18911
35149
19106
36089
30475
1560
34581
11131
33076
39788
29677
41630
111
383
13102
47427
41718
13024
45035
2562
30412
25644
13183
43423
9883
3147
48117
29481
43517
3001
30962
41806
1124
14820
48080
30317
26675
6278
32004
38623
16469
36913
37165
21394
19641
42072
2780
21515
4029
41928
11671
5805
27548
45654
9510
8859
23508
25139
7200
19633
8503
21926
48377
46020
24347
48641
6736
9860
9014
46395
6047
26102
28168
26693
19488
45756
10889
18326
24099
8533
19244
9453
39510
37102
24919
32884
24774
18213
26113
9779
20144
1462
971
34001
3088
7411
440
44037
47368
36155
45105
10512
1694
13139
17612
33598
26785
3831
3372
21805
18172
5011
13775
49810
39007
26694
15045
15546
48671
5898
44331
44754
32571
1046
42970
48627
32846
28260
25217
28440
23092
1146
41230
28615
48849
44199
28738
22511
17344
37555
25668
3741
32574
48304
5725
28685
17718
26108
40010
10375
39366
32041
48842
46059
41585
23859
32422
22988
41299
37872
14609
7796
1515
4271
15540
2801
35034
11998
43787
12934
1109
38345
32145
6208
48998
2767
25993
40700
40231
44357
8366
10347
40415
15354
27156
30956
46795
21627
30100
15153
31411
45727
37658
200
9523
36987
17222
41095
40104
17301
34467
41044
1496
25296
8200
8312
31008
33375
9133
49945
6428
46961
10692
4190
9668
27611
7826
47550
12348
69
21979
17154
13714
38215
30562
7706
40822
27689
30462
1312
3670
26091
15862
2821
44967
9804
36042
9791
29500
32196
27194
42624
29684
8254
28213
43136
8252
41843
2166
3692
48029
11147
21510
46745
28057
41058
14534
8113
44524
27729
3036
21705
7036
6947
26464
23299
48262
33710
12263
10084
23674
4875
45878
40341
42311
49165
1189
26101
39257
12341
28984
23970
8673
34660
35028
18025
29209
48699
25380
39847
42093
9264
7155
8153
1951
7591
41449
47670
21727
38373
48184
35447
31470
36130
43617
467
1107
16250
19923
39070
1049
1052
19416
40073
38736
47874
11999
19635
46962
33339
21796
44414
21218
34421
47242
27146
40566
3273
28319
47558
9229
46184
11290
1997
45298
32859
45032
46572
48373
34582
23818
4442
21454
39246
9312
23451
13832
26891
18612
38380
27365
4238
29785
21345
37745
36567
26662
8840
18754
24226
15975
8141
39996
395
17147
42723
29373
16639
47939
12342
31084
43883
38192
40171
35905
1155
3591
18395
21845
47160
42655
22392
14381
44504
27202
33819
25932
19512
40966
15981
24573
38983
33554
6441
9905
35973
36188
30675
19673
3542
652
8707
39961
46161
48672
33398
2098
31797
20360
37290
39657
11133
40069
4541
8788
6229
34030
13008
33090
44337
42549
25423
46487
32160
7773
28159
8330
47332
21307
38303
48959
3161
20247
21083
43324
28950
6708
23974
36955
18153
19278
11718
22654
21161
47578
13442
12590
44269
31087
37419
14206
30925
20235
28118
6614
1454
3152
816
3659
8563
11398
20367
37428
6816
4491
43479
29093
4152
16965
31075
30316
17764
41253
46069
23942
49738
11561
46014
46121
10229
21728
24209
15188
1159
27248
13967
4349
40417
823
18215
9979
31929
25720
31247
21371
22309
34768
33764
2110
26283
9337
34609
23057
24623
42918
33931
14289
8174
39529
11701
36085
27632
121
41687
47771
26436
46751
183
46194
15372
11288
6590
28987
20489
32517
45037
4380
27214
8607
25436
27597
6803
40003
24996
10101
48290
27358
46096
17055
44340
8876
47671
7008
26328
36032
1137
43756
15012
38683
4252
49057
37310
29465
18680
38508
38987
7317
34435
548
26587
49483
40262
24323
41886
28386
30860
32731
46790
46702
338
22826
13437
9269
2220
6655
39606
10227
32657
49979
4419
40347
35367
36329
44538
33758
10736
29541
36931
45911
14829
11359
5092
9483
20758
16555
37672
13780
37576
12227
22575
32297
35237
33563
6489
47525
49536
21364
27236
25912
42953
26111
46463
37806
47490
15337
11024
43332
15499
7746
348
12046
5978
45055
48150
14264
10271
21208
28006
31949
37794
49876
26655
6036
43596
49229
46973
37679
14626
43577
5538
5212
40196
128
16776
46389
2007
33863
7936
39411
7627
35780
39087
1332
33577
23116
10613
44144
7434
17695
29511
13505
10578
35354
17374
20412
42472
44114
17030
21010
40981
42027
2035
42450
24157
11756
37737
33883
23344
33235
2321
14736
46814
7503
2513
19207
17335
7106
6492
8494
40059
22263
8137
31620
18387
44792
20102
26062
16255
17873
19811
23670
6912
12566
2949
33945
38285
30135
10189
31953
34976
44653
17782
28296
4669
38748
41437
40498
27914
26910
38364
11949
15094
47636
16495
19595
630
49090
45894
325
41707
21807
1219
42487
40549
21992
21826
3967
10998
38615
38309
38193
45946
1514
31759
25962
2227
44543
28891
28956
19865
43549
20570
37210
16910
36756
22008
22904
39348
34918
75
34472
21310
27592
36677
39460
2229
47106
26176
8726
29653
11766
28042
43114
24296
2288
12554
46836
33949
14620
28676
48769
2903
39113
44615
38447
4098
24739
12253
46823
10031
5512
44046
12940
1175
10517
42833
33022
31178
33859
39960
26258
21318
49517
38433
19258
2303
39231
916
12056
35419
22908
14052
24182
8982
16220
17209
48791
15914
3341
46359
13606
16683
47472
8872
34692
21501
14204
14338
8772
22710
31925
4304
37386
5848
15407
6773
41208
42348
22202
41724
5262
26040
10315
14414
42646
28735
23268
18341
37152
33136
33185
9441
14617
6523
22431
7039
32127
10077
16276
14158
46917
48077
1093
39998
17974
18242
1406
4831
3348
12269
10814
31321
42106
34611
884
45764
11960
1232
10325
39244
1439
37609
38729
1011
6831
14952
14226
40193
27106
4104
29444
32449
18394
8862
24456
29076
37610
34200
17934
40652
43728
33128
33522
43731
41591
32038
20612
10429
20357
32820
25867
39352
10674
28408
7245
36007
46544
31637
40410
1282
8560
26044
3014
12351
24939
36995
13726
7609
47752
3814
38929
37912
43003
9064
4768
26929
2511
32367
37170
34097
19238
16890
20953
48076
22381
4353
3767
37886
629
29910
5539
15715
37992
19551
2563
4604
15607
23178
48179
46320
15571
20414
4627
15205
48183
35823
38177
8216
49254
37724
31433
24095
13793
40870
44651
17965
49492
28354
15993
44993
7616
39858
7655
37178
6287
12565
5709
9130
35723
35922
45166
22380
47764
28179
47523
41419
40300
922
17316
46142
12161
38472
29742
1636
31575
37648
18182
39124
29936
31279
37680
441
29227
20671
6054
2794
14807
13291
3366
18839
22855
32408
39131
45746
49514
46931
37719
28336
8243
12007
9731
30238
18124
5070
31497
10813
288
45085
2105
29210
30756
32134
9775
38813
12337
30969
43471
15697
15963
37802
12429
5259
46202
8034
4028
49821
451
44981
27773
7699
39775
2142
47334
18075
34783
30971
4551
3041
46828
22229
40192
16518
162
17193
8524
33138
12311
3084
9354
36407
14031
34147
33506
4107
22320
14945
30773
5495
19162
1838
43310
19807
19302
32288
23928
13486
25557
12971
5331
36840
6618
13495
38830
29706
15082
11789
26899
19031
31594
26490
25111
6568
41648
17487
10383
36352
34356
10987
23426
27479
33739
29195
25416
44205
28059
3333
43040
25465
45366
35670
5172
33926
28317
44435
28018
34684
20444
22617
27306
7613
41640
9087
14294
29554
31164
43792
15363
9082
543
7274
22116
35211
7899
28309
3422
24517
13301
45613
15884
40539
499
21434
34051
13115
49878
45578
40939
25824
14852
25102
21695
29163
26117
49913
30131
23511
31026
2574
17025
30620
48122
9578
42715
5337
8019
20409
30846
18386
9462
9406
690
3446
40468
31389
13642
21035
41926
25431
18650
22558
31156
44176
34079
49189
21800
36140
17286
19634
18442
8783
10381
49282
31753
14150
4682
24590
31079
49014
43166
17785
9869
44646
39581
47712
33547
708
7167
6055
13484
17145
22127
33952
29290
30999
25752
44220
36376
35458
20251
48767
5939
10469
48668
39675
43779
7438
8221
49265
47308
29165
13552
26232
27664
13180
41947
24233
5360
36405
23568
47896
16854
2723
38848
20088
593
36858
44010
46451
38756
11372
27429
40336
3861
12762
7736
46996
26992
8463
49450
30369
14533
10856
17861
34769
9935
3891
14898
2938
31888
20015
22238
21801
10311
9320
18700
12355
17124
31018
26429
1709
8502
49179
27139
36746
13656
33494
32395
47445
5500
5182
48112
47003
32748
1665
24570
31132
11454
13246
49085
20604
8131
31149
36435
13579
18013
45343
21745
29129
40384
39064
43751
11826
38704
27871
35185
12482
41083
9732
25066
18679
4261
27522
44888
7081
38044
43148
19516
4462
18953
28672
49591
43868
44944
44997
49342
42926
619
3758
8163
15316
8818
46306
14728
29047
2233
38277
14143
33867
46528
22303
16298
13912
37582
30009
48828
19117
38021
46484
21279
24561
14574
41179
21703
49924
14699
48286
39836
14604
12178
27471
27412
46294
1204
324
45327
277
22227
22156
22845
32102
17206
27924
39845
38152
34629
35996
18080
42189
15861
18321
40364
1865
34127
48722
39678
40375
20171
45867
11151
40845
1299
33331
47350
34724
44757
23657
516
16050
41454
33083
1113
32611
12906
9576
3707
44795
47977
5455
7345
22822
43473
18323
43749
31025
43269
35483
40378
18339
18713
25593
6117
5430
20212
29979
21466
47826
12098
1834
25017
10913
2006
15011
47512
30687
14708
25328
21984
23593
34587
42446
48974
41825
16048
41932
30370
16949
37801
42932
32767
7859
10425
2737
7318
39782
6915
11316
19385
28982
23008
32670
34062
6276
11629
26272
7091
12920
15698
46245
40134
34779
7472
4134
34893
1922
16723
29161
44820
17906
4465
46984
6349
35494
43069
29346
7720
20641
9492
10738
43141
28760
20418
20449
15036
26853
21887
46598
24370
40977
12571
48327
18878
49374
16760
7555
21923
1269
33050
33556
36164
41713
15977
23252
20447
22886
3299
10086
30963
40571
47274
31407
28688
44396
31838
28783
14552
4479
18064
46135
46563
41115
3454
23706
23591
30678
49005
31846
18094
21860
19422
36508
31006
38607
46968
48538
35271
60
16595
24881
15722
49285
48132
34498
40627
38069
37115
3984
21058
18222
1101
3245
42400
33645
38880
33366
13834
49277
49497
27422
39784
22308
6633
35430
11066
16140
35830
13264
24354
33279
14823
3167
6612
45903
32338
38412
4993
48739
20055
11447
18766
36058
49612
20020
34443
15304
17605
23814
43647
43709
1501
41783
24053
19323
20726
31598
15480
36650
3818
20237
48245
18978
15206
12131
2649
31776
25153
24471
19191
29715
35411
15890
12281
16920
48677
3380
28135
6206
22148
33516
43292
3505
30952
14405
6515
14243
39987
13742
38158
25455
24765
45510
14313
15176
14648
49007
26495
18879
45405
39415
24030
335
29536
24554
38510
2109
12615
2465
2937
48933
31787
3733
49022
33358
2449
49434
336
30341
2431
27411
9833
15449
29937
9780
46693
424
45808
6570
10254
17341
47818
31440
37769
3963
48926
33762
15643
14523
6801
48618
42139
6789
26434
22502
44531
38596
21616
22809
16424
18027
1440
22907
24129
15391
36642
45486
48270
42309
25414
34169
18372
15294
19332
12132
17108
28742
10161
37867
3447
39626
5918
25355
22876
19498
23884
47100
28475
31045
49420
40398
36210
18117
19312
3122
2385
19002
38684
43362
38065
2494
5170
4844
46779
22543
33693
18862
7432
10437
43668
14824
47544
22568
3398
12218
18757
13512
37978
40485
27157
12265
29395
19383
41664
47628
6589
44067
18192
4785
39916
28636
37011
8447
43530
31501
25444
8021
30212
10655
5672
41607
41261
48246
49086
15287
45738
33028
23874
26213
2917
41570
14353
38351
45912
29634
31836
23996
28466
39592
44482
32938
41812
35729
29032
13414
31802
23599
42320
10616
23031
5217
34194
49916
11556
32742
10935
48731
48052
409
6677
47035
49341
37305
37395
44277
36886
21053
26892
24428
16093
32908
19617
27064
48571
24997
16508
25751
11600
5414
3710
5797
31861
26039
16323
5255
2614
34352
25839
11292
26982
26828
21649
21206
3050
2934
18338
11845
15361
3337
27685
33472
8011
30504
11323
43037
38933
34679
24426
21865
47126
3424
31894
21055
14078
14137
46633
41445
3022
49204
5403
12216
26150
49851
42989
46236
8048
12671
26934
22778
27780
18687
25211
41262
10677
31541
9076
17305
13931
8546
35711
14153
17471
33982
8187
7800
403
16658
26090
20150
4063
16389
2619
31671
47229
34646
10215
41231
32927
21368
15368
11402
41368
46913
299
26601
9162
44077
10909
9986
3250
5559
10495
48115
17561
45977
39616
25837
49317
27058
40948
29352
42615
27258
2427
19208
42937
12282
44716
13061
36973
40869
47348
13195
31471
30619
47665
24420
34320
48862
41742
49499
1798
9696
47930
461
8337
21376
16464
42844
26336
27030
35225
40207
5514
22463
23842
27921
13021
41155
36727
40984
37112
26403
28462
18327
30353
13326
29888
7575
25852
10619
37107
45616
46352
25939
39
29466
17053
30517
31773
35187
18786
13117
4784
15496
6207
1473
20477
4469
47877
48364
1853
36305
44216
1609
31177
6109
43557
37363
33470
30233
35575
43643
32970
36774
6992
40915
19156
3313
15971
15401
19687
20362
14804
18464
26644
3381
42186
39475
13425
35556
6845
37012
20506
5215
31399
7103
36453
4061
6740
3601
48972
25566
32343
26061
30319
37726
11917
49214
21187
40284
10308
20837
18835
9529
8469
13235
12614
31593
32528
2068
25795
37504
202
19307
18515
36067
40751
17576
46639
17464
10772
17105
10139
34556
46164
32121
3567
38923
9399
3511
42572
8472
31733
24672
19145
6351
30308
37451
42356
5229
28656
28957
35811
762
6444
38459
8646
38315
40022
19695
9742
13455
37552
33369
39526
14763
42364
30065
21237
42788
29905
19950
13015
37492
8058
39109
18666
35549
23249
43017
27033
12177
41849
33865
28829
1317
39252
11363
9093
15958
2354
47051
32384
4482
15497
25104
20131
18503
9530
1400
27190
867
34854
10406
12065
35589
38954
41924
9113
10556
39362
26025
5560
21174
6252
28620
29719
6148
38372
15941
37375
44594
25964
14090
28435
16132
46417
49133
45843
21811
15663
24478
20621
41768
42193
21468
24425
27472
33058
45568
2347
44436
28884
5854
28390
21960
18298
17297
18290
1477
10130
34723
20304
15487
19586
31768
14388
34661
6227
24004
25925
26028
48746
41559
30103
17085
20044
45986
25915
44013
22207
2302
22119
10502
14302
16954
19294
12472
16168
23967
24210
28541
1020
7010
25090
7981
22038
34765
49982
47770
13763
9932
30932
11830
12279
14801
33008
4737
49667
43961
8145
3651
33817
30715
34336
34547
45921
41444
34866
8940
18807
43934
16871
29982
34864
3044
34312
4538
26313
28160
15529
18067
36260
12690
21511
49948
31320
43773
9211
22178
36386
23034
37547
46894
35155
48295
33386
23010
26620
14667
11012
35821
17181
9667
45487
14955
39839
32877
32717
27023
23387
29908
1004
5492
36200
6681
21270
26637
37339
42466
35781
16309
40161
49630
37506
25225
37083
3099
25302
45964
3346
11252
21462
38347
37902
5244
37037
6464
37402
18773
17507
26082
20673
41601
38005
49773
27889
1651
14739
9611
7559
39750
24923
4024
5245
3359
12468
12608
33632
13311
48763
40897
40058
11202
30184
7676
16631
15169
47037
41732
13221
38557
33356
36267
1264
34613
18115
32965
9856
35334
5030
36597
36556
47136
42289
15653
41284
41686
33110
42177
10690
33365
47311
43013
41245
37356
12601
9803
38846
1274
1578
26146
38040
15439
37233
43365
44422
30071
16438
17059
29320
12236
9038
32553
6248
22242
40371
38905
44703
19789
47638
44146
23563
16888
26170
48634
26220
32596
6356
24113
489
26904
37519
11768
11228
12172
13166
26773
49929
34841
42435
49541
32358
19589
47909
6323
38592
23513
10877
11317
44210
35797
12887
45828
44192
48403
16110
15732
36323
25851
38330
34649
37269
9443
7514
232
46322
19847
12277
14133
24294
47329
43483
11291
26801
45262
35314
5021
35389
3743
35914
19968
28434
865
29336
2601
19525
2196
27256
20273
15936
20856
16207
17522
2325
23756
37424
36546
30650
17502
1726
35444
23070
2652
9960
20843
47418
19210
19982
19272
45086
45523
7213
6057
31094
45425
28239
41312
39034
48702
8218
41960
8358
18616
29109
27734
27823
9737
31042
33093
45549
211
10952
37088
3617
10173
419
20849
39571
25672
13201
39692
15113
21868
47255
27327
47460
18774
8801
23588
30378
17916
43695
6526
38281
42891
1258
35137
29404
2493
29403
43583
2445
10491
732
10534
26508
27562
37914
31601
40419
2187
41912
6527
27069
36939
14084
38856
40542
28848
39258
17850
35072
37688
44949
48937
32770
28219
30454
20764
27991
21719
16456
44016
49286
37940
47924
44692
1170
2768
30727
31629
27167
26957
26696
16719
30020
20923
22865
44491
47479
21461
17732
19696
7426
42512
21681
31469
24050
18291
34468
28561
46190
16648
40660
30729
16893
13996
7839
6302
20757
12222
7009
22890
36857
7747
49980
10055
9427
47423
1281
15563
47743
46509
34366
33017
30082
43254
40464
8201
12125
41935
7832
25379
34367
24261
42521
12113
41774
2710
8062
10026
1955
2699
28510
24117
41747
33721
20781
14970
46435
507
9104
49152
30136
20399
2215
6098
42133
30627
21081
23762
1243
27119
15215
38946
27150
17898
29503
34380
42238
30323
15127
12487
6958
29935
20512
31133
14754
41715
20146
26287
31200
47998
2232
37377
48
26753
16018
40064
384
44808
10576
1163
34799
32049
8320
10971
24170
16708
31663
23962
24393
39907
37583
44152
23606
6885
29916
24290
41332
37434
28779
23232
26599
22990
3907
43620
9816
43382
24866
47087
26643
18354
3703
37988
43661
19937
6938
71
19373
17917
35650
44509
45097
29335
8985
43828
23872
41126
15338
11384
22962
16
43785
32207
48230
21614
31887
23875
24545
41346
23114
26354
3995
15324
44914
15168
6424
27762
2394
31305
30578
37972
18129
35784
26005
20085
4850
23577
35156
2939
22318
27403
7644
47487
45614
44440
33606
1074
34494
27538
3545
15075
4144
3236
692
16715
13294
22077
7121
39542
14155
7709
33736
800
40959
18698
44439
48177
4504
35074
23531
5632
26372
3258
864
28629
29184
35336
9807
5669
35503
31739
25321
21776
34460
4312
35902
14689
6476
24230
33073
29492
9491
42836
46253
27929
48056
10194
12423
11858
30117
35602
36135
18942
9612
25540
17012
9121
41378
43403
47807
29773
22064
17532
29608
39706
16537
17099
968
43096
28790
7540
35405
6141
31302
37429
36078
16712
5698
44034
2202
26583
41173
22746
166
26334
16819
5515
30531
45904
1632
24954
41684
6989
28854
27380
15427
22833
7683
33349
40826
13971
28544
34695
26974
20784
40607
303
15243
39834
1042
33601
16672
40325
20573
12114
38778
13092
48797
47319
15240
13215
22557
17200
49803
45929
47552
14679
42973
6260
49291
49393
31973
30104
45189
43007
7120
48260
29896
23211
36731
1362
5066
29747
46813
34259
19861
16745
28280
19992
15801
15149
18591
7391
25025
8351
963
4684
28196
22618
26717
32000
43780
18943
8350
6924
45647
14848
47295
49930
16797
33294
31631
39204
22549
19298
24885
39316
25708
30897
37674
40084
12648
3177
5651
1449
10000
27249
20710
36634
40497
33794
23329
23321
1718
35213
6478
181
13959
44633
34224
10280
9046
6731
8197
43687
1771
20791
44086
14452
38253
36696
46413
17451
5919
47422
27833
3935
45687
43941
3226
3444
28732
43693
42832
24782
6631
12672
39737
42326
20685
20410
24661
34733
32230
45345
19457
3181
319
8311
42090
25879
42394
21231
7415
10842
5819
35197
41790
45277
21663
48176
36460
2483
40005
39489
31627
48825
31644
33744
11505
19470
8746
48141
24357
16788
40489
32077
8464
22815
5207
37720
16665
6203
9550
38802
39420
4750
18130
29034
18617
1110
15518
27226
39501
25756
31731
18405
25186
47817
19277
642
48800
34175
5100
8344
44975
2894
17536
12819
29449
19107
11344
27642
743
22785
49328
43635
32893
14380
27220
30767
2645
16066
2761
3704
12009
42449
547
226
12058
26996
1517
20388
5921
48803
46341
29780
19874
7001
6664
10618
13644
43861
3677
14936
44556
27701
32520
3520
31590
32496
36993
40434
8072
36012
24133
23391
35205
10019
18474
1630
9242
49186
7858
19014
9281
31533
13256
29884
48359
7795
13055
4686
14671
11700
3461
37859
23726
23048
32775
24465
29948
14485
31066
34479
38047
15445
49678
2194
15138
13220
25943
28426
25577
48472
2463
48378
12824
240
25495
33818
2031
21217
14781
40490
13545
37206
17889
41026
43039
21167
10882
33568
44185
3198
13555
18177
23250
28024
41765
29995
24585
44490
23089
43653
446
11499
24246
29886
28690
46732
15996
2580
12815
41458
1202
25997
37440
46327
45809
36081
1218
28394
41727
10197
38906
943
13674
21980
29104
10278
25729
44978
14744
46273
29732
3278
33870
48028
5940
32979
25884
12040
37662
21153
48300
17783
44169
620
10731
25466
20574
6167
23678
22856
38094
44601
38874
4696
42420
23515
11750
23005
27144
42888
40922
47995
40204
4289
16355
36264
31549
16977
47155
650
23413
45547
4132
7211
812
38556
9248
11760
2824
28102
17858
36423
12304
19799
24729
49811
400
43083
46001
12686
41536
29325
24300
16906
36979
43057
6545
19544
40266
20539
4925
12442
32505
4362
4498
3784
25885
27171
49987
35709
20057
4150
48330
14407
14733
10192
5166
45138
45997
1089
31456
1029
5714
18569
15982
14645
32533
22727
21489
33786
47639
4259
14124
41209
33059
15458
44267
10115
35802
36510
29616
22592
22777
39097
27070
43852
5646
3558
10841
48705
21015
41764
5841
32065
23735
44986
25986
31153
43566
30625
14076
2966
1663
45471
33449
36092
48075
41672
37263
19663
46421
10585
8479
34555
15891
22278
44158
31812
49883
25963
28663
21136
12259
11020
43468
14994
9861
11709
21919
43299
9397
42884
48526
34055
49501
39597
12256
37368
36297
22635
32621
24374
22631
20323
30025
164
16342
32439
17860
4923
6061
16862
29963
18934
48823
47266
24298
20669
9809
49281
42323
45593
7286
32867
42328
31954
34985
45091
34520
49412
47595
25769
12008
14910
28711
15889
5804
35404
7971
33567
31912
48948
30182
49267
9280
5347
2212
477
43927
32732
48813
44352
2911
13564
15711
27720
35997
31899
45372
14966
24390
15999
27965
11210
32479
32420
48118
20034
30285
35143
17410
42030
45101
38311
5836
5872
27981
7873
44735
20590
45700
40261
47203
13181
44800
15119
24363
9863
43976
26666
13571
48489
19540
32136
2877
27972
34827
44508
44101
12143
13141
44698
27497
11664
37849
44753
24938
28015
2308
32323
41776
26116
21301
1996
17517
4869
28227
3412
45348
9574
11444
20435
33708
34340
17548
19623
20533
12053
35702
32589
25626
49471
12060
2522
24580
10901
24973
10472
32194
18461
35437
15223
32302
22849
1613
11092
15631
18001
30507
24711
38781
4291
23552
29638
28105
21550
1026
35942
13985
46900
31645
10678
34686
1878
27312
23200
9566
16004
24823
8114
10155
37545
37183
20761
24439
39598
34974
20859
25445
3287
18245
11758
24353
12092
33125
35145
11001
23535
944
4919
15216
23919
32354
17283
2539
22482
47554
21104
22827
46590
47439
29757
11336
39894
36832
22254
23386
35039
49158
3265
49599
42671
45710
32548
11795
29065
46594
43147
48427
41507
15400
24132
21382
8652
13890
13349
22529
43142
4942
27836
23880
5776
11617
3697
19410
9785
16139
13977
34402
1667
20951
8465
45197
6881
21931
38293
16137
47762
27949
47475
45024
30525
39712
7650
31816
8950
33190
28485
33994
6929
10219
42868
7204
14026
46920
42016
1227
36083
40077
42644
18045
25435
27237
30977
18855
27557
12323
15494
16056
1054
49938
16461
14196
24949
42124
1014
26009
5383
2078
4892
19371
23346
13671
31695
37117
11754
9968
7927
27781
2933
2912
12275
12407
29390
21148
17865
13764
45848
29762
20488
29822
49664
17000
8883
44270
21718
36990
23312
16147
8906
15599
37026
10565
48116
49730
14453
46358
12193
292
9663
16997
3106
49078
8008
3476
36779
32024
45914
46855
20752
45004
15270
45335
32339
35132
23364
6712
12036
30949
23806
33963
47926
25456
22146
44854
16917
37919
2460
5627
43093
30154
1448
43135
40459
39186
34735
47893
40370
16670
20491
35069
10778
18173
19802
14065
32995
36773
9964
791
29017
25901
41526
33053
49423
33731
49223
26455
12609
26159
34687
46362
24179
46325
39878
34668
5302
20370
42510
41273
41036
15817
34296
1015
7118
49373
39850
9473
26591
48598
38300
6142
27296
3934
382
39140
5389
15228
23500
8510
23512
22717
20440
15448
286
12430
47882
15239
26139
45586
26323
4023
24238
34382
4920
28499
4910
24849
26847
656
38807
36038
23840
25585
40967
24615
10434
19178
17630
29029
45739
18345
44093
45326
16716
11833
49196
49151
38093
2722
32268
8427
12519
24946
31983
43393
17168
35309
31708
24410
6650
810
17008
23879
11368
10272
38578
30542
47633
1954
18162
11612
40624
22645
20863
25886
48817
22269
2345
39082
21721
19306
24451
45902
48111
40871
33171
7999
25403
8871
10409
49598
11581
44877
42536
46773
31721
24830
42892
25383
14119
27133
27549
35538
13987
12379
39906
15404
38255
3027
21841
20434
12724
11799
26704
4155
45408
21087
33012
27844
6579
42230
2095
17157
30500
18076
46247
17338
48107
19481
3638
8672
36781
17473
46402
29751
28371
2036
26648
26563
1759
4101
36433
31431
15017
38271
76
23067
28746
16340
10335
15556
22049
32141
23863
15808
48583
24822
34004
19708
22383
20846
5920
29518
15758
27002
19325
21505
27114
4525
294
1839
5459
8528
26315
28799
7599
3508
32337
33565
18294
20196
1846
8815
48195
25602
43191
13216
27456
5292
4468
8159
4632
29265
1556
34117
36826
30249
19884
34316
3329
16503
4110
23978
40195
27383
5116
45141
33943
22547
41498
17291
34377
30302
47832
36236
43606
24905
32286
1905
10758
11989
49726
32109
36587
14988
36969
15921
43398
20048
45212
4599
27488
22741
21862
17424
16535
46553
5351
3286
48673
27724
6322
30513
8108
2315
36344
18088
10444
34568
31626
36949
22319
39053
21480
22492
28075
5269
2443
32190
4758
2612
935
31274
17596
45732
9172
41473
35888
24282
502
2297
28990
2026
16894
8353
44501
29246
8709
48639
43209
47086
19467
7818
20377
7768
38340
23411
21818
534
26946
11053
35632
45000
3204
31070
9901
24674
5998
22806
8988
30772
47999
33535
8288
8525
28229
82
28493
45666
33245
41003
6018
34
29917
14372
31937
48955
31225
32797
23619
41361
12611
47321
26302
14266
34915
34123
19159
47133
29872
38858
12026
17792
42492
4759
5945
42861
10700
27852
26755
24618
8487
39935
24652
1607
14349
33341
765
25841
11594
13288
21694
48436
30557
27093
48820
1817
16514
34811
25759
12478
10532
46237
31514
45898
11436
36852
19573
10103
10974
16318
20384
32432
14935
17498
18813
13874
24316
38487
21535
41558
11193
25661
2204
35380
21920
7806
47075
32764
11201
27455
45830
38218
10560
28193
35244
11418
44578
31064
771
44306
43739
25632
11055
39978
9536
35227
22652
3916
10604
36812
47273
48534
26911
16700
10922
16839
48642
11921
43251
10124
12326
5697
34844
24148
44787
26834
12866
3357
49379
13343
31504
17137
26905
32183
3834
35191
17334
34373
21241
885
33013
33447
3745
34359
14070
5134
23641
44401
39618
45716
36811
6194
8349
19183
37133
5566
35900
23896
40733
49927
42397
39516
22192
13058
6576
22649
49779
42167
42191
8392
16556
27050
43476
42290
4886
21927
17440
14466
42071
26392
46706
40614
2319
12668
44915
28534
38491
1915
28917
5999
20373
10131
9029
10519
35935
21640
29157
34818
23224
2346
22237
6552
38798
7585
38488
23865
28845
15652
11767
26917
16516
48193
4815
19035
6329
31361
23004
6165
18478
33996
11597
48126
2335
27340
17560
43660
20069
27186
16019
6112
16552
45200
3079
23139
44458
6174
442
32807
3130
34760
18576
11405
44428
45351
29756
3370
40579
38941
9559
21733
49617
34876
23040
21108
723
20155
8394
7249
23078
48292
18040
5270
12770
45104
29961
17559
9842
40273
32124
36237
18697
26861
14061
47060
5209
8826
24624
7532
43853
28215
27796
44991
43229
8692
20287
16222
35123
10777
43045
24643
38544
24532
29391
49485
18901
27110
37129
47467
48235
41300
22373
39547
35130
43877
47728
36902
19062
25817
21571
26728
9030
30253
23545
1276
47759
13386
27394
39548
27326
28857
25821
38109
1553
18829
26950
39360
49905
9169
49124
19796
1280
29865
10608
9658
29805
21921
15374
13091
36960
21460
49915
25957
5037
38248
45564
17434
23802
19736
47836
24736
19557
32822
16462
3243
38159
29901
14579
24279
15273
36193
9240
23029
39429
43540
9334
49654
44155
163
44811
20756
3933
38089
17968
27923
34361
31993
15302
532
13278
34685
32577
16640
13142
32529
42584
11914
4496
4611
13727
19769
18265
48992
33950
13573
48807
14939
28918
23262
31336
19867
22336
42995
42594
39457
12314
7684
46710
21207
37465
19588
48780
22214
45415
35776
13304
43869
23052
34821
43283
25062
16649
37462
5065
10338
29548
30202
39178
40865
46966
23395
40085
48989
44648
13686
5875
38893
27252
14062
5707
22035
2162
7920
41887
13238
47863
4449
42675
30633
41522
5756
9538
20860
21175
40771
15714
49441
16859
7926
40301
44202
44806
22569
23851
11819
43477
16586
11706
31563
1125
43843
44448
32443
29377
47257
29182
9862
13688
41662
6382
10886
22019
6977
11782
37146
48601
35761
31821
12111
30819
46891
19824
45092
14379
26634
14651
21924
20699
45400
16109
40288
12300
160
31464
9125
19254
17312
20535
39994
408
27539
26997
44174
31764
5040
32914
14488
33639
22906
4893
37032
21822
22209
29059
20502
20978
23457
4783
12822
23937
32433
46906
5773
30043
45131
39081
34703
21661
26327
22932
36559
33686
1309
32751
33570
8626
47937
16947
47362
39375
23314
25044
22517
18109
40436
30296
3418
23260
41232
33695
26864
15360
31157
46139
14386
24195
22299
41306
22776
10364
9676
26760
38185
10997
7375
14391
47248
49405
49402
37041
43589
11446
38645
13574
23856
27757
37135
12645
18610
27540
19527
44643
6225
39981
5247
49089
33393
6347
40012
17753
23
14835
22325
40090
24629
40126
29829
23952
28130
33184
25998
19441
25141
27554
13910
37998
1105
39684
46447
24858
4782
34672
25974
38174
9299
26555
21200
34241
1451
41486
46759
20325
30547
23141
41070
16299
44219
34559
1577
5668
9168
48741
20492
25598
9442
43681
17006
25130
46660
45322
30262
16702
4851
29643
48772
1836
22841
6916
40009
35377
49768
30360
14833
36786
38868
28446
35537
21617
5628
3004
40408
41972
37225
25688
6749
32346
15264
14917
27680
3525
1938
598
25628
2572
48589
43315
48162
22107
7623
22970
41215
25579
4704
37452
33228
28269
35930
310
6800
29856
37338
35085
47653
33822
49550
26553
5033
16626
44713
18853
15340
9035
9454
25493
32568
18042
33583
35013
5275
42166
25342
1704
41590
1513
45347
11181
717
3930
37550
14006
8797
16931
41217
36819
30198
5463
10083
46852
45457
27756
6378
39243
5571
18035
3881
5359
37887
13154
33823
295
6751
44733
49706
24750
93
27314
16505
27359
39234
49449
36189
1831
29540
44988
30862
24617
31777
22597
36461
11543
42104
40458
35290
29879
19355
8157
12843
24079
21568
33825
12204
16515
15793
37126
3491
30398
19419
10839
14212
22226
32359
24759
24107
27353
23448
40625
36976
31956
13837
39015
27897
15072
5545
30768
35907
40463
41573
49666
22147
40290
49633
13652
25348
1207
1835
46885
23053
2225
45835
30726
49003
12001
2160
8901
15923
36747
24594
20939
27805
7495
10868
46866
11294
27760
38942
4591
17065
34328
10515
15224
11578
40932
4709
36415
34764
18596
45472
30098
9271
12790
25055
37219
22731
33262
20169
39022
46242
34272
2967
22774
39459
4090
32279
17130
23338
2488
39683
1895
11908
16957
18252
13814
11127
4046
29906
46234
7974
27610
34828
31198
46728
36713
41722
1284
39647
18702
22479
5384
45061
37612
44987
7728
7647
42149
9987
3800
1659
36467
41278
2450
24602
46881
19969
34122
40613
22234
49535
27426
15280
39818
27887
26188
33913
47576
49250
32967
15124
13262
4367
10360
39373
25741
18707
12302
14567
6496
7098
18741
23454
14259
46150
8144
518
4935
15459
36117
14141
10572
31091
15568
39417
26922
24436
12135
12549
6220
47645
30279
18743
16206
11139
34840
2471
26569
40507
28886
18438
18914
23496
3845
13540
9435
24523
18058
31405
11175
44572
40968
26741
9709
5300
20684
4953
11537
8653
37412
48438
21067
3589
37963
28489
21471
1868
47822
48581
29164
2565
208
28391
26282
9687
28935
42373
44593
28524
44970
33319
3982
6755
3290
32828
21125
12805
44311
35423
48363
37751
954
12653
7013
37792
35893
6672
10261
14880
18160
9660
34059
8265
9832
21791
7959
38605
24498
11719
48490
2685
5547
21160
39810
26955
48486
15433
25404
34143
34249
12933
1522
2659
25620
39456
11403
10865
2126
36216
35976
27719
15492
35916
19403
13857
45275
13557
15346
2540
17503
46472
14378
32746
36728
5806
24784
21227
2904
33015
28789
19657
23940
40267
7910
9416
46232
40491
13949
49967
4576
20647
16202
13106
40683
42341
35048
20175
13678
4129
32117
32280
4328
8488
22709
34243
45731
32442
22958
36834
14140
5748
1729
48521
10791
26543
32146
25223
14675
24863
29629
14109
5928
8983
14963
30709
5723
12417
12885
29354
18845
42595
44596
39896
44330
1598
4264
1316
6584
34074
44314
14203
15562
45176
4662
23388
46547
4872
36604
43514
26800
45595
18244
25195
10327
31935
21885
25712
46046
13795
21107
18171
13075
27433
45295
48626
35204
22332
1637
20800
45849
13268
15819
4290
915
26364
590
36603
46103
31651
6531
38269
17929
17698
17310
14318
10771
9083
29131
41939
40694
5544
35043
25490
48166
6110
8648
38904
39391
48437
34314
28202
39201
21604
49350
46107
19483
44318
35676
19890
18748
33363
29945
25454
1277
27656
25655
32378
36048
21360
21560
28082
20876
23169
35202
25083
34291
5154
9994
29137
27868
8687
48936
48891
39707
38149
42940
16532
22314
34393
15565
19984
45799
19423
37343
38666
14416
13267
49056
12426
9914
25142
5652
9085
28315
45398
13360
43862
46800
20275
7104
147
14656
45702
11354
44356
13161
49904
16818
1428
3479
19926
40420
45211
35226
24549
26863
40812
42908
18019
26775
20765
44750
40289
9284
35867
46809
46266
40093
24964
40536
11296
26445
49801
36529
1043
39610
43021
18049
25339
26196
17315
9176
17673
13582
44112
752
8198
48180
24808
22692
29880
11816
27152
8517
2972
13475
39835
38660
2395
28851
35287
43511
42994
29494
4184
7096
18346
3886
4243
36862
35049
33426
43726
856
29461
21068
12969
1209
21922
3309
19735
29332
15638
13170
5727
7935
46522
47259
14423
23170
15804
43545
34270
42839
11121
16984
30754
34590
4102
47637
37203
3780
7349
24104
28909
8176
46925
1341
3192
45724
97
46717
8990
47934
6874
35169
45985
28245
23643
36331
42131
48927
43847
35195
39054
34728
14686
20077
31583
48025
47551
30631
44864
3248
5567
18588
41439
48757
23142
4395
36734
38196
6134
6159
33624
27032
42633
25527
24766
25878
34528
47543
36070
9802
34986
37639
19698
4780
23204
49062
34838
13871
9484
42237
8629
32415
25199
3288
11913
4300
31039
17694
46295
8250
43507
22702
33126
21675
21101
17054
42691
2003
41792
39454
23644
41623
24172
19511
35207
40121
40883
8925
7993
37318
22323
23404
37818
3500
12816
31536
39714
6403
44015
46762
26172
19683
20391
38872
42525
16312
17839
29772
25663
8284
37718
34900
7119
31512
24317
11117
43443
35817
9745
6967
2914
24329
4668
7570
39038
37732
33991
5782
41345
44406
10859
12735
25735
16744
27498
9452
29816
45357
35998
28991
49489
3075
49009
13801
45671
27313
3715
2718
43400
39971
19329
22366
14242
22764
25975
12755
17610
41988
26782
47814
45851
27153
42945
18262
31463
12578
36044
13089
21780
43322
31669
22960
42451
26133
49562
14404
973
42660
12710
29031
20125
22129
24645
29839
16486
10013
5743
3081
30240
13933
34855
34353
14941
13627
23181
25754
42847
23736
25266
34722
12581
3866
33603
6999
36500
47325
32950
33139
26373
32476
30095
26236
18800
20551
20740
32120
7281
4689
33727
18554
23785
12659
15627
47963
33524
31349
43414
37119
3113
46464
28780
7755
24677
43124
48750
7545
38327
14793
40578
42785
40081
12835
34640
24318
42676
14524
40316
7951
4950
32054
2434
12954
26118
34506
15507
29915
6585
17787
35347
40039
16200
25116
2254
27459
43515
28922
22662
1525
26682
5063
27619
47540
351
44052
39659
35391
46031
34233
30591
2474
825
10344
34920
25796
30881
3393
20881
24074
33222
5427
2338
10062
44349
31019
41482
8149
38273
39652
6774
30718
48736
10240
3047
12464
40732
40669
49063
44312
18010
10172
18198
23725
22871
3790
10098
36379
36578
39143
15594
48020
39505
1229
6814
45221
43459
17398
43512
34813
4967
36685
13056
16647
8733
42901
5461
47809
8650
22395
35333
1001
47536
41068
22539
32703
39469
20428
35727
49465
6625
45108
20829
31144
29367
24028
7437
35710
1357
3
41303
24469
11693
8603
4441
14530
39108
13392
3268
34664
7724
13745
27094
7289
35552
41837
47066
31292
4137
46313
47699
5616
7022
48173
38081
21525
23751
4156
34694
6850
20609
7884
42483
30812
10550
6204
2924
12973
46340
3570
18972
11005
41634
21027
47391
41410
5856
8281
36462
26145
6563
11965
16996
29434
7194
10983
46757
43126
16980
24803
9466
33824
7175
19569
42187
30307
9498
27615
19300
25120
38473
883
28508
38242
44409
20540
29783
37727
33684
23050
2757
29111
44380
16429
38402
41519
10034
41032
20152
37313
557
41004
47313
35194
8386
18613
9051
44701
13632
34662
23637
13062
24832
9273
27956
17945
16458
24959
44162
32953
37047
20500
7759
33370
25291
36800
26460
45278
28516
30407
9821
48284
31212
35982
47175
38256
26369
40960
7551
10012
18592
34584
13872
7929
42674
22488
43100
43836
35631
44370
13167
41088
30464
21556
20284
26953
23415
9878
22995
827
23921
18000
5280
33972
4401
22998
6965
8817
39559
28830
5436
43076
37145
48283
37286
19519
12556
1446
32151
23153
38019
49518
25085
18046
40358
15589
49371
2387
32791
31640
29398
13903
44533
2070
26100
49719
27309
16933
42281
31121
36551
33960
22848
30482
39472
8811
10881
27059
25419
1801
24023
6292
5718
29322
23085
47005
39884
32575
5336
608
29385
12244
48483
1823
32951
21968
41828
34770
38329
686
10151
32918
47609
38157
3349
11747
37141
27160
40392
6130
4952
40818
30497
41433
12545
12636
13322
12246
16604
17213
5243
29330
13747
12798
31459
7628
47238
43873
28983
48171
25829
38413
49244
19765
18956
27441
9886
28791
1526
41969
27658
37735
28569
47143
49531
21539
37572
46914
28063
22073
12689
20442
1289
25000
32353
12503
43921
1136
43970
41281
2396
42568
30437
36860
10509
44676
46275
18437
15647
12535
40177
3918
37330
35536
42496
8620
3661
16208
153
20661
44044
3950
7474
5135
27300
19911
9467
10030
30630
33385
10395
19413
44961
8897
10544
568
49174
11129
39694
35532
25122
12110
20708
3310
32891
21638
11281
43185
25460
30609
32421
39549
6474
27959
8691
31913
11430
5924
33561
20664
10660
6073
31423
42096
38198
20387
48732
43864
17401
4770
27997
1957
18336
42102
15753
21788
20071
22750
27755
41316
21592
12118
24826
23487
23326
5564
47262
37271
16972
36928
7902
13607
27011
5409
43793
4693
31968
8031
10170
8393
4860
25937
10969
27527
10182
49271
6303
28938
10633
45154
8299
5800
35701
15037
2169
40164
20072
24043
27101
35092
45707
32737
5837
17224
2779
40247
21178
19646
13245
22936
9616
16724
33599
41256
29036
27563
14674
22989
9002
7689
46976
12027
48282
49569
25346
40414
2789
11566
47394
42637
48322
34038
13412
49703
44226
45629
18444
30863
20296
35586
7479
20615
13266
9262
39220
16142
40688
22321
43279
35641
19484
7632
38435
48248
10675
1822
38225
14711
18940
21146
7757
23382
26023
6000
8875
41877
1843
17625
4622
36254
5645
41237
26604
4507
21918
35009
860
9237
41197
39570
40851
26941
13713
46343
14573
17887
14881
1417
4270
43255
16012
17499
4366
35700
24103
48686
33071
45619
24986
21486
870
14761
34951
34526
12956
46789
20297
41529
5445
27279
33737
19798
16167
21214
4606
35047
34060
15428
12041
20607
11304
45761
22658
34558
33063
38228
47819
19490
5601
4933
24194
716
49123
14921
39086
37960
24888
41359
13981
578
34767
1776
2634
48324
48843
16850
27304
26317
16394
24724
7743
13638
35284
35785
43072
38548
27607
31944
40608
23274
34027
1290
23056
8098
38299
19744
27688
49717
14012
27717
39513
8289
17617
34752
19882
45336
239
416
42547
43120
4573
42601
15675
21057
19257
29712
27909
15615
5388
27519
34313
16779
19999
17256
46907
7343
19560
2479
44083
901
46689
35325
36056
11878
10199
13990
27712
19293
788
25138
22356
19743
10667
5982
23203
1339
30428
48101
30485
1437
36543
17699
19909
26381
16428
25270
33242
17590
35452
3301
25240
34628
38415
22096
44345
9118
15406
29851
31769
49187
21589
17937
19712
41474
43676
3822
38298
18833
47887
22626
21065
49527
36372
37014
39341
22163
17540
32441
41479
46177
10718
1433
7399
44451
35853
16196
38160
31379
41049
29689
24197
44790
43278
44147
43697
632
24372
12064
46482
46711
33277
14765
20563
1787
11381
45478
8319
44212
42380
25304
6175
28859
25682
8939
27233
17276
7563
32917
35282
1091
34988
17110
29566
12797
38074
23455
10222
30305
21158
27041
19453
27950
20468
40701
919
31830
29185
27454
14467
10704
19763
41329
17602
24385
20463
17302
36138
36868
4989
2739
6993
221
8417
43550
41950
33620
667
20165
49226
39670
35267
5640
32119
298
15060
37423
33838
4392
5757
37280
20147
254
47095
41377
37249
31329
28608
18110
47482
8026
1183
21300
31452
44343
14888
10627
13878
48871
11377
3059
22134
32745
18717
17483
18191
18089
17513
26622
24926
39625
31148
32148
49901
41151
18639
7419
49619
29551
36285
9146
35599
40756
33826
32079
2873
29237
46884
46025
39812
36544
4878
2568
34776
9331
7701
47658
4499
24928
17009
8258
35110
1016
1094
20352
33143
21219
28019
36736
7136
14182
12403
17470
17552
45369
28587
23288
21292
40037
5454
31106
14439
21173
12546
13272
31600
38103
929
44484
6557
27827
31103
14239
5657
11475
17575
28519
4165
43812
39742
46643
38155
45065
8117
22755
21185
1524
32521
6952
34268
45959
11821
49201
3855
19616
29397
42135
40896
24917
18506
44255
27778
44829
23439
35933
12443
43357
39637
16146
7290
41906
21328
9290
33791
16882
20234
44786
27815
24709
16358
26849
29270
30274
48407
48988
24930
3340
32255
16828
35454
35181
10082
1605
29387
40025
37797
3880
15334
43298
30746
29204
44368
15586
15414
804
7838
35690
32909
15386
42966
2316
45307
17290
1370
26788
30201
7347
23629
11267
25420
9744
13169
28402
47265
30448
13346
14716
8968
32459
28572
2528
49013
21570
15066
29950
47566
28751
24415
7309
24775
32376
38195
30297
28718
36527
2953
7093
8676
29934
8230
8559
33861
44752
30798
33774
3442
6418
33082
11156
24516
2118
4736
16422
17299
25780
36516
39320
36431
46673
1208
19814
28506
42503
8850
15577
18763
5441
47029
29766
2373
7580
41163
1240
31162
15026
41858
13258
31863
42260
47827
8038
24375
8860
41001
39490
24893
2738
26396
39821
17901
34310
47821
7418
5054
33730
31236
3086
16525
46844
33660
24109
9770
25382
49294
31635
353
26730
5354
21149
46708
38577
5907
40238
21470
39904
41423
3607
37987
48552
2224
43892
4218
20174
30681
16813
40924
45452
4195
3501
10948
22830
20302
2635
17422
42823
36532
959
25241
15877
30335
34429
42056
23811
8627
21181
28379
27859
24608
600
17040
29058
28904
46908
42761
10847
24000
34945
35880
47258
34741
14922
42229
10846
43755
24591
33042
49512
34163
15230
33364
35809
23934
39465
29671
10138
16069
44881
41852
32680
9749
25522
18709
24147
48024
21441
37380
23389
1237
36719
46030
32179
24070
12038
1356
24017
38098
39418
46926
39319
35428
25502
1886
28703
40496
8162
8172
10238
32189
19309
38619
2820
31895
42792
11779
5431
20503
9714
1348
21298
46848
38687
13506
47069
18947
7105
22222
24971
40483
9095
21808
15646
49789
11953
24886
3940
29667
40552
22773
19990
4198
43520
6010
18466
18409
25425
19618
31391
30277
33749
26431
11438
17472
15355
2823
41542
17267
29799
14840
18377
40947
43214
10144
4824
18401
27723
33751
38801
12454
13559
27605
32238
20281
38915
29005
504
26112
5721
1148
25571
44821
29132
31580
43916
17970
14861
47417
5348
9507
49749
9156
18144
3253
9746
42597
25512
43692
1661
1527
18011
27721
9589
28812
35378
44445
15853
36921
14389
32241
36394
26860
8948
8736
1590
38067
24868
34247
19848
7544
45134
18756
3770
41084
16763
25600
9588
45477
47838
31542
33065
29340
42215
48226
11881
11570
30589
9059
30244
24794
37208
44124
5996
30577
4801
20485
3998
12268
24846
10410
47033
36132
13958
16703
3430
4546
31917
31548
29429
43979
14197
13519
38008
41997
25428
27484
49233
36121
12711
2664
17036
38948
7285
24127
22898
22480
39540
18145
19426
29121
10526
21150
38562
32587
44488
18547
7597
3739
31136
30467
10978
12362
47004
14776
46712
30003
9917
46601
5988
10037
23230
28806
39446
6935
225
45365
35559
40556
12380
26947
42114
2398
31058
49327
23849
30701
15023
37110
21586
33992
2960
24119
10186
36636
42005
30778
49939
5526
36102
34375
17377
454
3507
41508
31893
20729
17895
39139
37340
17109
12785
28108
23926
42774
35231
26771
3317
27524
44426
23362
13914
37702
37839
38395
2828
17704
26550
21664
25907
29795
21876
25453
11452
17812
48430
41250
7102
30958
32388
32356
39823
47792
42550
19044
47820
25390
12809
12553
17293
26887
6348
37932
49302
27931
26221
5442
13648
43917
46224
6221
32363
22873
27927
37393
42407
17
1742
33163
19158
15464
5399
15457
13202
40304
27636
27873
48960
12331
17661
46677
5579
49609
35944
48133
14311
3471
3237
32695
10305
8308
32793
47424
27264
10165
38485
33850
9352
29941
39787
25218
15779
37371
36660
31239
23237
22180
30755
49643
15687
3823
21295
28591
14325
10518
18095
47099
1902
17586
46857
35177
24277
32495
9325
9114
21657
5004
6007
16043
13658
485
18820
13323
11955
7191
30787
35745
18951
47071
37844
8540
16868
40518
11724
13925
47271
47997
27974
44587
26804
45884
43080
47914
11940
3289
44085
25245
44774
36021
32810
3053
4990
47839
28794
16173
38245
13296
20470
48501
6596
12763
11547
20293
20578
21782
45168
29062
11003
41703
39115
22013
48519
23209
39879
17104
31021
49849
38515
43817
22868
47002
7572
24276
38573
15171
45796
45780
41582
36238
27776
34665
36171
17645
32026
47857
14800
31371
40936
27174
19935
39966
49863
22361
49058
33283
41430
21518
46854
6668
49366
17814
1649
10657
8485
15003
35983
22829
31125
20660
31028
5609
40307
49442
36665
1705
34281
42596
43478
29361
42769
34219
32561
21350
13297
16952
14438
30626
40280
2096
4414
31429
30518
12037
8636
838
42141
44177
39389
43584
47773
44980
158
18550
3937
29628
24438
3199
7793
21713
13287
39176
15078
43508
25020
45359
14507
25992
29099
41622
36806
36186
41471
19303
20375
14009
44455
4274
49044
19868
45270
17144
20456
15527
49636
5202
14094
12389
37921
41506
1342
44088
23773
38455
31415
5082
15444
29188
14517
1055
3900
43224
33658
45803
36064
42286
8694
24560
22682
36722
32942
15833
25608
13404
42117
28927
15696
26212
48042
28671
27453
36922
20054
36438
10571
46390
19794
36165
9062
45169
46248
40674
4448
36468
22454
49694
37847
8420
6038
27268
4339
42668
41130
42851
14719
33676
22508
47911
25675
19952
27915
31987
39711
10711
35071
8194
11410
47094
24550
38086
34297
40466
35359
16542
25097
5342
24933
25278
37799
10450
733
39292
17988
30945
13879
6473
27397
4924
26262
19289
9771
36284
29399
8220
9292
18184
30227
20379
20364
18297
9149
44419
24414
41096
391
46171
8747
46307
13554
35574
23573
3642
31540
1022
38492
16611
8961
33901
49764
19319
6200
6127
30741
1675
31574
21028
44038
26531
25200
16826
19461
48708
21994
44863
48154
33133
3121
12185
47246
2044
36303
39095
10262
39718
45626
45439
23494
35081
23914
28423
11841
9738
3804
39820
14972
44217
44461
44280
24696
25956
23083
3654
11720
977
37264
7132
1936
46433
10478
22291
39600
8244
575
19601
17705
15523
7370
16886
39323
32048
15702
1887
29008
19285
11568
41557
23014
15126
46830
11977
46037
5374
38280
9959
41665
49407
37883
35774
13213
11054
21905
35887
31891
9222
26509
30232
33009
35773
45846
486
44539
41280
44849
42724
23615
28066
20080
48720
27908
31852
27404
26134
11837
43950
3888
17909
46642
23964
48511
27878
48045
36717
40931
318
34921
32089
23673
1000
38566
30259
21025
31414
43933
31369
19956
4790
11293
46353
19326
7510
5799
41282
39601
49251
20495
27531
46252
40024
24165
19750
15882
35964
47381
8370
17384
37329
31265
3339
4559
4242
13761
5529
14398
22326
38809
7486
32897
12209
24725
19220
40866
40381
38534
39365
33531
34897
26962
37616
37827
24223
31615
12291
18926
47147
5934
15782
283
22427
2102
22423
19122
10707
20244
24267
41025
24839
23925
36175
16855
28453
25607
6606
10230
9068
13797
38681
42730
31090
36808
10111
12951
43786
14971
30998
32757
10694
20592
32773
44928
28268
14432
21166
29166
46108
37192
45491
42916
17989
2581
3693
24164
39023
24222
42955
48392
11190
25578
13232
7900
3595
9458
21503
44674
23834
31822
20713
11094
46251
24811
26811
32623
19359
13222
39380
33851
27440
31096
20426
18126
45817
11610
19684
8954
40838
15557
32461
31918
42439
267
5264
14636
36253
9585
31152
29891
34753
46565
38836
33932
31948
29611
10817
13762
7393
46832
31467
39643
6684
30593
20401
8506
49672
2153
22439
42295
17927
45071
48071
47176
26382
33179
25032
45880
13964
14451
22394
39584
27940
13454
49080
15256
13178
32499
14319
15303
4549
16838
8851
34530
24689
11320
313
9010
33284
30211
8345
27530
4013
799
13192
30960
27916
10957
49791
23892
14786
48467
581
24367
47076
428
47351
26719
11342
36441
38148
31999
28226
47452
47275
43463
9618
31489
34441
10171
6296
3610
42530
24035
16651
23592
13741
2008
14643
25375
5830
24116
19739
27191
15381
35489
15690
3929
38400
14892
43481
24963
16463
4162
22661
1160
47594
23503
32503
41922
48916
37569
36914
6009
9671
46372
49783
17044
20206
28617
21820
11769
47945
23509
49920
35451
350
46214
28583
32233
30858
19412
25410
24575
15332
34805
19233
42303
8659
15076
15818
12028
40044
36327
32051
28996
12964
33454
4149
2256
24152
21197
30568
15452
21817
38739
41775
77
40426
20340
25250
21978
40974
34638
36023
49195
30264
38199
49795
43006
28888
45499
2266
8497
11888
19315
6199
11877
2062
27199
23201
6717
5785
2015
47204
1802
30325
42647
17415
2002
6101
39283
42890
1438
33186
46263
15883
43716
7335
41118
34478
10589
21407
11441
7373
46839
48788
48266
16278
12345
22955
25717
15543
31037
45590
41106
12385
46584
36009
3623
47291
720
11421
37619
17480
175
33004
40529
23910
11911
19725
26481
28121
32135
2051
38132
6459
25117
42498
30827
9197
28100
31529
27334
39651
32890
18032
48455
43985
37522
38305
49563
38471
44068
7344
8518
23369
30957
29802
30638
33983
46070
21530
49887
9231
7004
20824
26990
33973
2066
35146
6128
33489
18600
18543
3808
7303
40746
25869
35327
30413
11474
1925
4497
28417
26582
6097
31074
511
7608
22382
30899
33241
36859
18310
10575
22803
12628
36548
3646
18866
31760
46420
26948
21016
5786
27961
42658
13983
30236
31012
10196
36346
44840
33288
39822
41438
18876
22651
14794
33922
46282
10632
43067
36252
40197
19828
23704
42382
25774
2190
32070
22934
46537
11814
46579
25221
31547
5260
48065
19396
4978
12775
3594
19246
17529
18674
20000
4386
43231
13041
16190
15781
46953
12086
9153
26001
25148
2982
6886
35393
40892
23710
23501
14131
17260
6095
44909
31063
22973
1971
18410
7323
35680
22330
44437
26488
12254
605
7005
49634
32197
41952
2101
19447
33712
40909
9244
38890
42919
8274
46132
43413
7640
29866
9322
13524
38602
2269
3322
8052
31684
36563
3887
27227
4864
31184
47960
30097
9450
7881
19596
27885
33034
26189
26303
623
26270
44973
6409
41920
23798
31067
43781
3875
37489
8508
6006
42933
27276
33483
49701
34244
35312
47547
16755
46729
21585
26908
43062
43256
29913
13630
12297
20792
19543
41076
40441
45492
1668
16840
44668
17754
43750
33713
29151
10719
44278
32032
5043
34601
18212
24093
2850
15373
16051
9433
15195
43226
46700
45812
5891
4262
32624
1399
270
38361
17888
49017
26809
12795
21897
21429
28912
46257
35406
25168
43144
45601
35166
3085
15617
25930
31883
34961
27244
24815
25340
3791
2545
29446
5367
482
47500
48333
42171
38133
10985
41071
12919
12904
11682
31692
41751
731
26370
41363
35129
3611
27402
22101
35398
22002
34763
5328
38409
39995
49076
1443
27639
26012
31383
32118
22952
8406
16136
10374
21192
35320
19939
42904
17207
40190
16224
35789
9346
21408
11552
10792
31666
5552
46462
48089
36761
33847
31309
33457
18606
20184
27330
42670
5111
41763
39100
12327
5490
13803
1193
11698
40795
2720
5291
49965
3614
25031
19381
4470
25770
46219
41675
14288
3695
48404
9669
25919
49273
28819
18033
8719
27048
16367
47621
12312
39185
5561
23759
21261
22847
48911
15734
29269
447
25559
38190
35741
30132
23608
30362
12123
45175
32404
26838
16007
563
19211
38286
38950
21809
23971
10684
455
24921
25135
21411
9470
42482
41854
48002
27278
32186
10505
31221
31345
34635
38630
20637
16275
9420
38932
31372
7143
29914
41867
43056
21419
30246
6931
1924
3636
42318
28292
20967
27702
6872
45655
26628
7607
12117
32585
29486
34607
9967
13480
31384
40048
28198
341
3271
47907
1452
25399
9551
30658
27784
13119
8457
41933
27745
22939
31112
24051
30637
46829
42782
38823
8706
17165
3763
1184
29276
20032
27678
14915
31554
11019
10397
3517
27696
43825
32681
45233
41708
15567
24741
38810
32843
17620
26889
46256
32626
36507
23939
37888
21233
17496
3284
37781
10431
2285
20010
27732
34851
33804
32665
15730
31652
39402
24991
42562
47197
6556
24169
32260
332
7894
12203
10527
33114
18023
46271
1906
5887
42107
6450
29605
45157
19055
2157
39424
1466
6688
44138
12175
1285
1286
36294
26452
15034
9921
48890
3045
25072
16345
42736
9526
35569
31311
21066
48259
18694
29375
28877
35148
13060
19632
30521
10178
21267
990
47741
1646
18100
23566
6604
45423
22379
43997
6873
43593
47241
21351
40214
43630
43754
17533
37542
13942
45708
45956
26210
29601
14211
44274
48389
47701
25637
39128
28452
3227
8548
46778
5096
2086
25134
10788
2260
41098
35158
3825
27097
42803
3648
2423
29781
5543
27707
20256
21391
39239
5699
27290
46238
32053
44505
15526
831
20417
4708
10875
20773
49163
27793
5602
19835
32702
10745
32957
31995
46003
38997
2317
843
48921
39808
17303
23523
1685
3639
29755
1392
5281
11562
47144
28086
15252
45961
44142
345
34902
44359
39517
18427
39132
13234
9948
6466
7351
10852
32816
4302
4969
4585
34604
25201
2416
2138
18273
5125
22055
34227
12309
5667
20654
9713
33754
28481
28633
36370
15438
21843
49959
25965
268
5093
43396
21474
14030
23073
388
29327
27986
6325
12988
13434
11285
37448
49357
37300
36745
33379
44683
3030
21276
18413
49046
35598
28665
29994
34234
7803
5475
47453
47404
41745
48665
16582
22623
38240
33367
11675
7355
22669
22834
47020
36991
47187
21567
1245
29176
18038
6865
29823
25239
6701
11983
30765
2495
45424
8690
21749
6957
37475
36288
30178
2700
25658
29626
30086
68
23019
9945
38332
13807
31659
2641
11142
16247
16709
2337
22620
40265
5274
25623
14195
31275
45026
43955
40168
29208
30469
24789
14160
29388
39182
16758
38992
196
8928
15618
35416
27170
6212
25604
49496
42058
30127
28723
31223
5991
15947
5789
48664
1551
14228
45066
39260
9270
28696
6521
14468
19988
11469
9644
9656
33779
33997
39813
20092
14879
49314
29084
26413
14464
42662
49526
33654
31955
41700
22154
23948
2156
44209
40023
37464
3116
19143
6020
46912
31933
5148
37159
38274
40799
31035
11542
35413
9783
33445
29475
42422
25791
32487
36654
33193
35350
40961
42997
3157
48431
44762
27779
16003
1481
47167
6520
1707
21553
7014
38504
20142
28472
16118
20346
13499
47042
25967
2909
42969
10594
25561
42463
16039
39047
30781
18044
6780
17273
19904
6471
10402
31119
12039
7431
12776
18884
42316
44901
36833
43186
33879
19333
34807
20282
24413
43947
13421
31255
7174
33612
34386
47964
13786
41561
14362
46714
17506
40634
35772
21702
28234
29882
28949
33310
42527
12261
25133
16825
28274
42895
15749
26368
49723
3603
34449
46516
30241
44561
28432
37855
49047
19832
43503
12166
7114
212
34202
26988
48414
43957
43815
4004
28535
48879
33432
2913
47711
15084
35852
37860
38762
31805
26136
21280
22974
46197
23453
32960
6357
19130
6437
44937
47385
26721
31798
20826
31474
26893
22100
32409
14899
28283
41323
12109
36978
49590
4539
9102
5160
35426
25169
22627
39036
10686
34012
1725
36364
47145
15490
21975
31226
2677
22840
15347
16138
39785
22987
1059
25763
30068
9976
19854
1678
5929
47189
41452
34973
20358
5810
4248
1259
18447
12953
30284
22478
49622
39827
16468
3072
47030
6802
4464
35165
33515
47292
29903
29683
20830
17026
35180
28523
17606
42358
17528
33757
10020
47956
29743
13716
21654
15986
12966
44109
49797
2158
15274
33027
48586
40890
13339
10937
18412
23732
33878
29002
3365
8324
41827
47158
40788
19187
41690
34848
26471
15642
14704
13047
27792
25094
459
12593
37853
19351
33748
25108
22562
6387
6497
20059
40225
26350
6565
48878
36561
16098
27147
44256
23918
37809
37154
24797
26055
36093
22286
20249
4900
26989
35924
29593
9437
21964
35839
32037
6946
36789
24472
13680
29526
30573
32393
401
48863
27450
42560
21379
31080
17716
4738
30579
49347
36156
8361
25659
17020
16203
3676
19879
48987
36606
32713
15533
27846
27901
43714
1857
36906
28313
5298
31878
38780
6482
4521
30567
49477
23822
19566
16449
41121
36090
934
37715
30124
20992
28614
42150
39887
47717
22329
28747
45763
34574
10299
45070
12688
3593
37427
45546
3579
2615
48036
35539
29578
46671
34499
32838
34901
18656
39974
13187
17818
6249
47364
13441
42531
47572
48670
6617
35636
27623
8686
26439
39308
11865
46787
45370
33903
10999
27118
47530
14079
17488
28290
41736
20732
42048
40769
31406
30453
1991
28447
28933
38706
48242
28427
48229
11827
7328
10610
21682
9928
37524
21726
31319
26362
9601
25110
1306
47339
24185
6031
39381
7817
28001
34294
6554
18524
1470
11248
26767
2333
34250
22942
19152
6374
27343
38814
25446
15908
35509
34438
15081
15208
39198
20579
4257
36579
30694
25297
40243
48339
36804
34617
37382
11276
14047
27535
42444
18020
12405
18170
24821
34080
25103
23356
44045
48899
230
45177
9751
4699
49008
33484
33121
21011
19668
28787
28363
49381
47288
11375
23982
21455
19788
15426
23580
27953
24308
39259
11241
2366
45118
6085
46119
41860
15896
32685
3005
11109
24781
32143
25743
9196
23835
44228
12592
3688
33330
6288
35238
6979
27957
10386
17652
8423
1181
47697
41145
40874
21999
4687
20543
7007
13381
47089
25875
39580
9422
45905
2294
3987
38746
44872
27462
12536
28157
27428
33517
5688
1998
33714
22739
36743
29502
22
36540
13898
18133
26869
24499
35432
14455
35266
28469
40292
14932
18275
44926
18663
37896
8063
4445
33704
33929
8441
7710
23109
44386
8400
37202
12976
38675
46905
16077
20833
34843
19581
863
7573
26021
5171
47625
16875
42508
10784
34573
37169
17075
21340
27715
43053
43816
12401
706
26437
10326
39899
12105
47016
23449
218
37780
19980
38301
35986
7750
27613
17094
23584
3756
42438
25564
3362
22751
7220
3401
38957
42453
29730
13162
28736
25831
49638
27251
10200
47674
48109
47402
44715
6524
19124
6599
23405
10785
29273
6069
7673
15946
17111
36347
46803
8754
38928
22302
28502
22756
37043
32516
42625
21384
14838
11776
16633
852
21786
13944
24500
5129
21706
30572
1353
44666
15807
127
39639
40443
41277
30974
45534
44548
17359
43973
13482
49960
12897
17725
20977
19607
8044
7835
27080
15339
10198
1561
3406
12475
28177
42359
40053
44460
28826
42464
34120
44809
42227
46938
9620
8710
27854
36439
48799
32488
48971
14286
25709
8911
18207
14413
32034
31789
32321
33380
15773
3425
47146
20840
25560
22455
23841
30294
35807
8522
16233
27501
22641
2721
32463
6807
219
15962
33832
37594
32832
28068
44843
8796
21487
33939
28864
9622
45667
28831
21190
26358
35024
5611
46027
43743
34666
24521
47127
13298
2863
30652
7489
11350
30143
32239
12350
29364
105
18276
2401
39491
14068
38691
4161
36289
3035
28883
195
42864
39663
10620
45207
35168
40537
47363
28501
28947
19090
44296
48907
17068
13382
48074
44239
24699
17268
34369
26414
18536
43965
15432
47151
33719
13773
892
35059
25732
22414
26679
4225
5701
488
13223
9475
12595
31907
2520
24065
9274
23951
5308
35748
40269
46015
9722
1610
30298
11327
39405
2672
3912
19710
9152
28872
4516
26651
35379
36898
1550
2355
34237
45915
21881
11708
5798
28096
37614
29156
34708
36177
24311
21647
7058
43054
21346
259
30363
21334
4887
38603
19534
34150
25429
49781
32784
11492
22768
17215
38312
23459
15632
2608
25944
16575
30684
20035
9086
5357
27166
33102
4592
19231
9128
28921
2950
24475
40803
24979
21005
14361
47808
43521
37061
7078
30872
21031
49280
15405
14275
33760
25112
21644
45248
45015
30551
24684
36108
5413
10112
4272
2697
46994
46079
9181
3951
17101
8496
7828
13469
24777
45664
30561
19372
47870
40386
10095
27865
11111
19102
18258
44047
5994
46210
18890
25698
27637
92
47903
47824
42653
19518
49708
19722
18462
26710
18065
29244
19437
22605
49675
34748
42430
15300
30250
6969
24417
43762
34847
2919
32836
37277
31683
37686
820
10167
35073
49326
11484
12937
39903
14506
30556
38131
13445
33229
6373
33581
1664
13029
39880
30088
19226
43402
30408
25015
4534
30991
31272
43904
41453
40350
6937
32622
33404
2769
34615
45877
2527
4388
45606
797
19651
12825
4447
13853
40297
24258
3428
17420
13037
42251
45920
11442
12907
41578
21413
49303
19346
26826
27907
22683
44056
29804
49082
43345
21074
29949
47600
10420
48913
46727
23901
9235
49486
10786
20490
33079
42009
49418
16302
38722
27055
