37002
41932
5348
18991
25459
39393
35508
26317
32143
2335
32709
36242
1966
18806
4877
37376
28207
25233
48739
268
39565
22766
33391
13202
82
20874
1930
44735
6334
36085
37231
12506
38761
234
34534
20815
40254
14043
2064
27104
26292
42619
33773
33110
38314
12025
19829
23437
13336
19227
10743
6461
20733
12138
7495
18598
49881
44011
25930
5521
33085
18552
35578
33496
31909
17539
14592
16465
44203
24731
36806
45493
13307
46334
39116
3301
39353
45836
11304
20186
37901
17471
23893
33929
28409
18127
3617
22913
168
23849
46403
8768
34722
42504
43592
28918
10240
18588
34265
1940
7314
21656
1637
1859
14757
26601
15703
46459
33004
25819
25093
5237
36614
10316
32579
1692
23006
33962
5622
27289
28048
18324
31930
24331
41291
13523
5987
46112
42930
35403
49254
19760
49789
45496
14643
5423
48140
46205
30713
30472
9288
16961
32251
42285
22470
7628
31107
15669
28140
35347
19955
33343
25941
49022
2093
41384
6292
39652
44866
18038
22022
32014
41723
3683
27360
19471
27347
30104
16459
36903
25630
23592
20281
40753
34828
41085
22319
9228
950
18914
6065
39416
21196
38597
30185
49129
40994
49020
10424
17009
20478
9713
21942
12901
33375
1546
2214
15089
46549
16385
46398
36373
5341
2321
49487
15624
13965
8722
27370
47185
36261
3197
25891
45420
36348
34381
14
34767
30831
2617
11830
44030
30062
12783
48611
34404
8888
48751
34806
12831
20169
41401
19869
30689
41988
35617
8226
10554
5330
47979
44018
42614
38789
40930
37905
35358
16290
10836
38808
44459
29165
1205
9685
31258
34969
27971
9310
10315
14697
32565
28001
34379
17446
15400
6113
12490
26631
47924
28889
31787
28003
29931
44406
18810
18101
13942
49761
4538
20943
48437
48336
26864
14463
19461
46012
18423
43647
34509
2346
36283
37296
11727
6632
33192
23196
5008
40815
19424
9420
1717
10277
30726
10790
16471
30978
48035
31459
24802
1367
5781
11596
49536
12270
7025
10037
40760
1370
11187
47190
31891
34071
48333
15806
33139
30507
23188
33949
49947
34253
22004
7183
26981
24869
18542
11056
5371
34863
3478
6738
20614
35050
14418
40309
16625
1526
16814
38806
8146
9817
25040
33153
42088
39766
6846
1147
42222
16514
32973
20773
16840
49876
42548
49692
7997
3695
37902
42439
3899
33584
16265
7971
875
8329
47219
24983
37458
37737
12066
47004
7204
40632
36530
44909
44894
1340
38159
3704
24246
4183
37712
20135
17450
16769
4333
9565
40015
26944
15138
49943
21152
12900
10336
14523
25696
43650
11406
19911
247
20033
21671
30475
39489
25168
10069
47621
29717
26368
39670
42248
18979
28756
32928
30465
27923
25188
14742
9988
3892
32257
31771
5170
10946
23507
34038
41638
3767
13608
39576
42618
24641
19606
8529
49895
38796
10191
38103
25116
22375
31290
42392
12789
10843
1643
47648
5523
25313
33148
36517
15689
37623
17374
7380
26071
24319
44318
40603
39318
42320
31495
3913
22274
25076
38689
3139
19734
37924
32666
27748
5691
16445
49741
30508
384
12948
20267
46967
4258
6887
14946
580
47955
14861
40638
11322
26594
21494
13753
23256
14351
48195
3771
34941
33261
44540
47236
17792
15741
22107
39354
37239
38956
33135
43326
44751
15769
2327
47513
9239
7264
23951
10425
30226
782
41925
31023
39303
896
43588
19305
11919
12495
6657
49157
47704
44476
15286
11818
45736
36467
49221
4509
10273
13910
7182
44444
11323
26104
37537
17714
3807
37894
46772
39213
47917
22412
47270
38661
10888
16201
16733
40788
11677
42627
1705
1375
20301
6441
49649
41282
5641
37573
29562
13569
36495
27968
10829
8504
34202
8322
34949
9535
26512
22946
30281
8321
22603
39925
21456
31279
14093
37070
15474
14053
36043
49617
47567
11462
39032
13009
1961
48533
37897
25470
38066
11065
37803
25671
10211
295
4646
36100
39083
11425
11796
20279
35775
1152
26132
12251
6790
30435
46903
5458
35900
2330
6761
1225
12124
14951
1812
32059
17473
20522
37218
14510
11066
8655
28072
2518
19915
24129
29343
5474
29688
46127
10449
9141
12383
40186
20453
29824
2033
18615
2541
1118
9833
8582
45690
33274
40763
40988
44706
5506
40865
28391
31161
19130
22189
40771
8821
953
17370
42582
29806
14596
4621
23065
9335
38613
12131
14041
15334
584
12969
40679
2355
13688
7815
31527
36542
20578
40057
39408
34163
29248
9737
24935
41281
22711
30703
19812
8420
15717
34827
8347
24719
26185
8532
8828
22564
34254
755
29690
20948
6297
16371
42011
42791
12266
30178
48794
7878
22676
49565
29750
36552
11556
48722
601
12274
1881
35025
1817
41426
37939
8911
5609
28551
47794
48705
6784
18617
28710
39508
46783
12532
3504
2038
29831
86
34651
18025
5503
23106
39215
26474
6611
8754
4779
29861
42843
38425
1626
41336
38174
36960
12013
42557
24349
19074
35140
16507
30763
18172
10933
36438
37972
39772
31452
7238
9706
44357
35205
37441
187
9839
14040
41147
47923
37685
21937
10415
37046
28692
48753
4362
12912
23879
4546
3972
36522
43504
13099
33765
33908
37499
19930
42135
4190
38259
48080
44450
9710
4611
26859
2980
1950
27231
557
44856
45285
7162
25877
31747
40129
16397
39732
33882
4959
22320
48359
1891
505
42372
29915
9815
49428
44133
41854
27610
21454
17413
13317
22477
35438
44647
20865
27031
9560
38500
34980
40558
38576
21404
34187
41324
40412
2403
48723
20461
3845
44551
9598
12136
18032
13437
34021
8001
12808
10862
1211
34305
1750
6523
27448
11301
15598
2771
21377
10729
4577
20283
2794
41140
2561
43529
28981
44178
1788
46712
2851
2964
17342
49275
44354
21470
6241
8004
21962
36778
39582
37301
23297
37198
28667
12759
17339
2540
27774
28737
46481
33119
17686
38612
43686
29158
14238
36401
5804
3475
13915
28322
8378
17782
47334
15296
8104
2803
42621
10207
7777
3781
3433
21181
22588
4508
342
22684
30750
13294
37506
11619
31442
17585
36912
37257
357
28010
36248
17114
4269
17966
35815
38860
3503
28784
7324
30555
648
27742
31032
19668
33570
36113
17032
33975
35623
20787
5965
15274
46229
18767
16209
17382
32093
41036
31157
32571
23921
41918
1662
35939
7899
36206
2877
31071
30687
33711
31188
46332
4265
19244
35034
42723
46928
49246
17150
6452
1725
47251
18870
49974
4145
38251
38372
30048
15641
9854
45929
39077
7823
32895
46751
3750
40550
24401
37470
2610
17790
48813
47050
6400
19990
2130
39011
46852
30642
39749
33311
48901
29127
22094
4204
23614
38984
28461
17759
22795
15032
26161
19337
32109
16742
23433
28728
4232
45144
3626
39815
1063
18398
1151
25235
42106
39869
18500
14731
44934
21449
29348
34191
17414
29191
44024
23552
26064
3531
27976
19226
19060
5189
26584
41386
13573
1934
24247
25092
43732
17953
19176
28971
10461
31055
6729
27718
48203
37603
19489
15220
49717
17014
47470
43002
14220
18246
49942
39549
27421
34137
4545
46804
11289
24307
21910
10811
40135
33275
44603
5570
28034
9377
17472
32776
32451
24699
38321
41023
14747
46263
33403
16057
10586
28580
40023
4502
23064
21680
35081
23143
36204
18796
2190
25389
1563
23113
43455
2455
26686
19673
23468
33513
1613
904
17240
13591
3918
13385
39171
44136
16842
39431
8715
15120
23225
10059
36582
19327
46043
42187
5946
40000
6590
10229
24999
41981
26961
26684
16109
18237
25452
39706
18105
49578
1349
11171
26735
2530
5968
44487
27752
42825
26040
34852
29472
35139
37851
5038
16451
29024
31516
9164
11926
10144
36385
18465
7579
31025
13781
12339
39671
15981
37242
47960
37753
1641
3753
49991
24507
28579
22428
5079
34473
30134
24357
19899
38418
45915
28826
28520
34204
7398
45936
7452
21438
28735
38929
13085
14034
1197
43259
29094
1237
48089
34478
31969
3166
1533
22350
28760
29413
28768
45779
46341
43184
26431
23117
7471
42653
24407
38065
2305
5625
39846
20695
13088
33920
39870
28282
35435
17067
24546
39047
1479
5514
31785
24599
23074
11812
37715
40579
48531
35152
915
36765
15919
46279
2858
34620
48364
39689
19646
24078
22991
13633
12453
24880
16415
8775
47570
17181
22402
43483
861
15861
22172
15989
48909
401
24515
25924
30372
43961
19982
11529
28947
1404
2264
18591
6135
44754
37600
8088
20034
46681
5550
20819
37360
33846
43459
31625
32545
40052
49698
7786
26570
34500
42704
20044
19274
49791
37334
22850
5827
25206
46762
24691
26920
46736
43751
46690
5368
32379
20080
32021
33355
46147
26889
36756
49055
16469
36030
4838
32311
5150
26269
12330
14665
39409
35905
13993
32768
46767
20308
33759
40043
9890
43319
35663
11492
24989
14527
23640
17764
23675
17685
36148
24531
36823
38946
38873
34140
23158
20539
1265
17865
7763
19937
41474
31840
21675
13831
27548
40884
8587
41445
26222
374
5313
40275
22386
27628
16036
12732
6739
15499
45402
32968
12554
8846
31613
45751
47337
39117
32107
40300
29845
44733
17274
19961
3227
14753
15586
32538
11395
30675
20839
41141
45014
22293
38073
15424
31142
44990
8807
48694
40745
20772
37093
16968
20583
41865
42658
28229
11303
34056
20402
24565
17549
1504
30788
35281
3297
33200
10789
30305
12657
27478
32120
48277
24959
17063
35620
33420
12398
17000
37096
31579
17853
44494
1181
49066
36345
7648
6620
31296
3132
15466
19592
34238
38541
48474
22829
40304
4493
36413
3828
42002
40668
36607
38770
22865
38002
29047
2959
23884
25115
31378
27008
41688
44671
26588
43410
2412
33188
33742
24368
29937
11030
47480
40670
44982
22354
31239
12143
20994
21556
29109
42613
40262
22996
40394
32648
10239
2270
10767
24513
45550
47174
3631
41213
8650
10758
47155
24333
23154
15794
21446
1919
10688
5873
8910
21178
41962
22368
25144
31719
17720
844
28153
34208
24624
4978
31506
24473
3407
18989
32235
29551
43753
32015
19831
6568
22028
1057
5246
44918
33051
18835
22122
38925
37508
47356
32599
32403
21441
45472
36958
40396
36623
17273
43265
21218
28711
11110
39608
17387
14333
39897
8336
41525
38467
49815
31391
39860
42355
38893
15538
529
32542
47904
15187
15679
13177
43495
21743
41064
45453
15706
34532
32230
847
35095
12716
12589
13552
34560
48767
1657
37308
42324
35427
41268
28116
32526
16644
19762
23741
7370
17453
25554
21109
6645
43559
15775
25212
2846
3016
28454
5375
23691
13528
4294
44072
30363
15688
49688
39836
13649
1848
9362
24571
24343
5531
14831
7328
5289
22173
34498
7254
25422
37631
5117
21816
12128
7829
37814
12382
15611
37609
23296
5183
38678
48664
14701
39997
34034
12067
45134
24410
36682
18367
32770
28306
3674
46245
9970
32601
26760
40799
6834
49416
33820
18383
17536
13082
25284
17713
35231
42267
18321
20537
35990
5897
34606
13819
16909
5140
38193
26668
44940
9316
12448
30123
15387
12334
30584
47095
9000
33926
41942
3171
12417
45680
36736
11752
12774
38635
20199
24022
13194
25259
29625
18286
9906
11163
28220
36046
30605
42761
44059
1344
1840
47546
8586
22734
6432
6017
11380
36734
17334
17898
24963
38854
2647
13166
48567
10685
19160
40471
16646
42167
4704
415
6448
10282
34764
21249
19363
13542
37095
44279
41499
43599
12862
28219
47445
45879
3397
1202
15482
103
5050
10039
37504
8103
35383
29846
43948
32834
47338
14739
22239
28202
36933
26987
9368
12945
42904
47376
9092
41143
22570
14360
41734
1062
17989
40527
2493
3577
11924
39517
45875
10650
48411
23940
8377
4608
949
12062
43032
16688
4348
37761
35040
4285
45245
5180
35583
41245
20710
34598
49301
5157
48920
22905
26087
44944
974
23466
39529
34798
25605
2199
586
12338
12841
5716
45174
7006
16110
15159
44696
9797
2012
25250
29009
7187
49127
8142
7584
7084
23406
8590
17492
17390
19214
47590
28099
19356
2923
43804
15470
47888
13877
19856
23211
27171
5626
42386
47615
25788
16479
45238
284
2278
44839
17636
679
44507
24040
43262
12782
43343
20202
19197
12546
49236
40724
20246
27854
21064
38395
47225
21522
44911
8079
46519
41744
49850
32128
2769
38291
19496
6392
22660
31693
23048
27097
16226
52
6549
35554
37873
13731
41699
29924
8639
43258
33256
44816
1277
1853
16072
46218
41588
31526
49797
17511
33245
23292
20609
4855
25369
45807
28798
30387
23729
41180
10113
17775
208
2876
49906
4490
44569
49204
48008
23366
35067
3703
5112
40674
36839
17537
41433
49346
47932
34384
9864
12706
2360
29781
13278
48619
17400
49780
16824
10516
38285
25856
45866
983
21574
16991
46678
32089
35640
40887
2023
19524
16213
22577
5494
21948
19623
44875
36238
1252
10678
35374
31355
25320
11470
3271
28617
41937
42283
30334
46013
11228
32274
19999
10025
287
21776
2449
32918
3374
2837
8459
41121
46407
34508
32919
25871
17883
47588
42561
26001
22310
2341
30054
33242
41434
11121
12553
16955
24453
35306
18144
30418
14613
46439
46455
41417
32659
33715
10980
18186
30974
306
22593
19126
38262
31505
42719
9796
17205
24758
12863
17676
30862
48306
5366
47933
34586
14108
44819
5755
9146
33735
21709
18199
17302
6851
43318
27346
46007
45869
1675
43660
27185
29984
39736
48293
31664
17199
26805
46080
14096
10383
20581
32225
16785
386
14174
31531
11978
41514
29270
14615
34350
8660
19657
375
4696
12788
48088
44225
40656
49752
46042
36819
31855
4003
13549
27807
4788
28364
19302
43221
23780
18225
45267
40800
21993
44458
27427
31567
44237
13985
13331
41702
30683
3103
30067
2543
5903
30604
35784
1915
15453
35500
10208
29522
36307
12646
21614
48305
27157
6410
6651
32138
10726
14549
17937
49103
13698
18763
45242
668
199
12410
21758
46082
22417
660
1208
17158
24332
2394
16605
9342
36750
2670
12049
21326
44578
36739
35872
32163
1165
13545
19554
8638
49452
17008
17124
15420
33099
12150
35446
15375
30608
46567
30044
44784
28076
47720
24446
16404
29859
11764
44209
39638
21289
48902
21897
25817
34633
37892
47799
7675
26609
43997
27550
12684
24005
1714
49711
658
18167
20333
10389
23108
22085
16555
32839
8605
46443
20840
20798
6942
23777
30970
17080
7267
34410
33321
13196
44287
17012
28130
9642
15096
32407
19268
23796
4074
21512
37976
4066
43300
6473
41660
13029
3024
32683
35731
26841
44346
32980
32142
9983
13691
4146
5871
32181
462
5831
17793
9563
41118
15750
24417
22569
42114
30061
33569
9484
32491
23549
8486
5244
37024
48757
7094
25670
191
7626
47245
15774
44857
41005
23056
45732
13878
31740
43395
37911
39656
17508
4767
32066
17850
26779
12184
10712
33527
21220
29829
3895
28632
2502
6386
14094
16098
34899
30210
14226
18164
4241
44571
48679
9230
8964
45113
49361
13827
43446
1828
4119
2793
46864
24553
32669
1006
107
31914
5337
12438
3350
23185
10310
40926
17858
8288
40597
32912
1060
13888
20949
44205
1981
38519
42935
49185
42242
6885
43716
37783
40933
41782
44520
31598
6339
7552
4736
31610
29661
17243
45611
18596
32562
8701
47191
15009
35737
49224
21918
20254
22493
37787
9467
18737
27287
23291
7108
3296
18428
10695
18314
8583
22219
40855
3096
6972
7137
17423
47725
21329
3569
34979
32001
2409
22170
24469
42827
39207
9571
1852
5598
9851
17486
5902
47352
22140
17149
4911
46842
3702
19637
5535
22424
47810
15413
15337
24424
4240
43358
27232
24574
25036
46670
19219
11486
2630
10441
11907
40213
13326
18743
48860
10224
39367
7568
41898
25281
24803
14398
10687
1123
9044
19275
46531
26980
18940
19507
44207
18686
32409
22878
38754
25448
27853
18998
29571
11820
36805
22124
21984
36975
21891
23562
4886
12990
37681
45062
3403
33638
10286
26404
5995
37115
9358
36502
30191
13213
15412
41954
34619
36641
26943
25652
27623
13072
17404
16088
10376
38195
49722
20208
38590
2736
30569
45202
43844
3043
15609
42953
19257
44840
36574
45313
3668
22332
12424
7376
43794
31056
44976
41508
33366
49856
29135
14571
27637
28859
41481
18304
34031
29067
43941
25538
20012
29621
33451
5091
37088
17239
30544
18290
36470
32327
40621
1527
5269
46639
19830
24588
30590
6148
43045
48589
20767
37305
49334
22270
13554
11616
26576
21832
26703
4929
15928
25405
34459
32115
15423
47253
47424
2785
29545
16804
39718
26469
42537
31468
29752
18517
25735
2446
1423
11657
49924
2159
2504
31044
22405
35142
41745
9105
47545
2883
47467
38776
6934
21132
4082
41345
9917
12427
10823
38976
47000
39916
34736
6357
475
24175
39666
3541
2887
25904
25676
44770
11892
12552
47231
4836
30269
44257
48017
28932
16139
36322
45734
42558
14546
38664
23803
5549
18713
17983
31054
8200
41725
1396
43031
22904
10945
29749
20494
40847
2717
36118
7990
29488
38356
42892
23023
3508
25288
26580
27486
34392
25583
13345
44455
5885
44329
16967
45928
7931
16353
5839
19301
6778
41351
40376
28149
9326
43566
5314
7386
5597
11177
44564
8252
23870
46057
43091
11430
3244
42622
18459
14714
846
44908
41886
44218
6862
27142
31572
30667
4160
7022
9482
32354
10816
302
44514
44676
43457
39122
23328
44224
29482
6471
44684
37383
48749
8557
13351
40529
9431
6895
2477
5594
10581
1487
39722
26748
36170
21279
33486
265
17904
19061
4134
49495
9180
20425
38746
32937
37421
7048
46619
17364
8948
16703
9691
36989
45826
38790
49006
22609
45249
22774
24718
20051
35117
29623
22164
47450
15307
21410
27723
32766
1010
7993
13555
17672
42456
26495
43370
38784
46169
6829
33350
47958
8279
6088
27535
9206
14913
28976
46862
5176
32197
17383
15101
31991
47641
18823
2434
20765
37157
24304
7880
10905
36138
7161
37840
23283
23851
1850
36999
40200
7007
13575
9389
13241
34217
23160
39611
44216
3949
4758
7984
4740
41931
6206
12075
24122
17624
6378
36852
25331
27765
26351
26485
19679
42422
32185
34340
21396
15604
14725
3201
10300
19678
8297
29271
7417
47889
16050
42924
8342
15153
17291
10529
21356
1126
12050
25138
44593
30895
39575
14617
32531
34264
8692
10522
4045
4272
38692
43637
10333
5859
29089
14513
14790
17264
38301
38133
13032
38503
32231
23942
46856
39695
2418
9899
22174
23913
27215
23290
27194
42873
24074
49678
20197
9872
25744
24443
319
33003
47208
12301
43153
18130
1136
17027
3746
37543
31083
20460
15663
47347
38596
44827
46802
8767
32799
16312
38615
48886
11382
8071
4409
21939
5573
41862
33535
15077
8069
42428
44380
28471
1900
49558
35151
7347
28104
46863
18312
39687
19144
6029
5616
1066
3140
13916
10818
28190
47435
6511
14045
13112
33821
47529
29617
20794
15269
25303
32086
12178
38107
35862
42347
5761
32548
43759
21580
349
30421
19138
30035
9795
48873
34010
4842
43713
17509
18095
13028
32955
42503
37630
32978
39223
521
33356
1983
22837
24905
7499
8896
3856
40387
3410
5461
41662
6366
12953
5253
38728
47393
14255
7050
49721
5989
12077
11122
47177
11880
39933
28197
34358
8400
31118
4866
15322
28581
44814
20781
21023
17818
35349
5853
19817
19531
22927
24450
43899
22523
17401
6958
40708
11109
30657
19892
26214
30613
34712
27330
31012
47305
13339
23774
41447
15152
42173
40965
48868
44123
45636
2261
46433
48193
34859
47990
18097
6796
35713
47062
31860
22359
20692
14104
45278
29111
11227
29460
7581
25840
30235
35113
22572
37825
20652
17145
22454
37003
49841
31134
20869
42016
34403
18957
4130
43535
43327
46310
14424
48812
42793
37521
46373
17572
12898
26533
45543
43523
38046
48706
39647
34786
46223
7740
2744
39413
1382
25960
22008
15635
6038
8840
7950
43471
27155
12816
20009
49507
12458
4925
1633
38620
15359
47949
22116
3126
42700
4528
48495
18173
19783
47747
23498
14468
39557
49854
12538
35319
9021
37264
28290
21575
14268
42041
11754
31941
19824
7921
31190
35915
16770
30152
40278
40862
31376
25161
46986
5577
14891
33312
43596
19316
3215
49937
26900
17196
19978
15184
30707
6991
20150
42867
22871
17794
49059
35070
6488
5402
34164
29000
2169
41498
4988
18682
8492
1133
46526
16207
17440
3349
22372
15268
9099
46356
4090
40130
42539
15676
35573
11337
10421
46355
34884
49473
37160
47325
25869
41225
36773
11253
20737
43983
11365
23115
7060
45996
29320
16756
8584
28556
444
21391
36174
11020
5486
9337
14082
49996
11745
11650
32149
18013
6233
32423
411
16891
29533
38568
25156
33205
34347
36447
17960
37443
30337
47530
30986
48542
20570
49882
10443
38214
183
39079
15147
36153
23760
26212
48714
38747
30881
46079
26072
37208
23644
37981
2452
44377
36304
11778
3624
40565
6439
821
42603
41184
39315
32221
852
26996
3245
22551
40663
7962
6635
7481
3344
13658
4840
37626
28655
1317
34750
35570
42210
41088
33783
24013
31858
35879
11347
34773
20883
32995
9511
42263
48470
29124
47496
2384
32338
38636
42085
45008
26948
29896
6475
41645
2828
8860
44653
39460
27222
36288
41583
20484
19539
15869
7287
18851
16463
17040
19776
5967
14420
24530
1645
37904
7443
46753
48999
951
41674
24274
24356
29626
45056
22090
17849
17805
12884
25581
33659
20207
27226
49516
21080
22882
12351
10097
23543
49549
27893
30607
34336
12873
38660
28986
20779
6183
19436
2116
43946
35475
41136
499
27507
3867
42655
1355
14576
33609
15645
37818
9944
43166
44685
38155
17389
19412
47277
47680
11920
14982
47789
2276
35311
9537
39128
46391
37668
36445
39979
27056
11527
22753
29108
14901
6310
44355
32890
29095
9248
49417
28855
38139
20709
24115
49075
42541
40250
27625
35024
7571
1200
36412
30239
10410
41716
23005
25160
17043
34666
43484
7617
48116
41300
19080
44753
5650
16894
48281
36128
45937
22073
35806
42987
21714
48796
7371
10897
48680
9428
42921
29404
3021
16259
18244
21071
21429
45414
4324
12193
44360
33050
6600
32550
26466
36534
10129
37550
15731
45039
20078
2507
42887
20156
23159
23095
42405
13905
26865
11267
24910
48145
41653
4189
22748
9472
32753
23713
7450
433
5741
9703
28245
24187
6048
3017
16936
44077
39371
17320
23561
42857
33781
37945
39169
18790
17862
1931
37052
16407
29430
12190
26783
43352
38244
38646
26305
49289
39124
36061
12720
27382
19482
16925
42565
33543
30057
32534
6190
11250
6175
26975
8182
9893
5203
14370
6167
44043
39323
25787
29891
5238
12014
4492
8358
31303
27827
44970
27077
27866
18431
4918
19287
38058
35325
46411
17927
25201
9610
38902
2938
31882
14918
38450
8705
30328
31013
37932
6897
13486
35734
138
489
33899
24429
8756
16985
15996
35804
11547
39937
4364
20092
17259
43488
42255
41436
32343
21990
39495
7313
812
11076
3544
17899
39361
38304
47983
45747
16539
6557
2293
8656
10512
30749
4043
39330
15289
40776
42590
45471
36312
26725
7832
31328
42441
27449
20975
23863
6329
21076
32237
12576
5116
31818
3839
31640
2823
32611
43551
31734
37517
44907
29653
1731
38949
16916
37927
16199
92
32377
10976
43466
19048
16261
1124
37601
15942
3209
19890
24165
49639
48595
11090
36956
13086
28340
4920
45654
15713
1379
31542
31426
35112
49148
48613
45639
15877
40940
31823
19037
26159
26965
36858
15776
23606
35585
26850
28701
25762
37704
27570
42093
23316
35408
6077
46706
10244
6705
37077
47554
3012
8819
33040
19425
44961
29903
45587
25026
40973
24449
38129
39003
31122
38947
17611
16113
39103
13135
38181
36254
9145
16708
35762
24847
17344
2866
12133
21511
9169
16203
30033
785
47786
38580
3340
38877
19690
34047
41196
32816
9526
8296
8858
28385
28917
6502
28958
10196
9759
41621
27870
27722
18541
19779
14128
44987
42709
33927
23390
32662
47079
14515
37148
26916
30203
16816
40455
33318
17078
6948
26711
878
7465
23118
4909
6100
49389
9733
36622
33445
33667
40595
17427
15295
10070
9331
19895
18389
31324
20533
49739
18752
4211
39269
38666
5729
21563
24169
38210
44806
16664
41879
30780
14910
26383
30767
2292
1975
26967
7888
43770
25587
39375
614
135
29473
35079
38855
14624
35935
22352
26603
34342
43991
14106
24602
23335
25962
39899
11814
42409
4517
49076
3269
32227
11626
769
11993
9486
25790
23336
29402
1639
16255
43641
26155
32656
6411
16832
13095
6526
49480
35134
15083
23854
4965
9465
30839
10391
37870
47256
46711
27558
16787
31033
1999
49084
32316
39423
30773
6694
38840
28842
23177
28388
25071
8172
22655
15382
25604
28303
43284
45275
22284
165
17558
31353
6033
36506
43
28498
48389
17776
27732
4674
34912
8443
9452
13587
27815
19788
35703
31900
18308
21872
49730
16233
32580
39806
16094
17785
1757
20588
15920
40354
7104
2517
30300
4657
12854
11756
21162
36678
17534
22120
29497
27867
48230
23314
40890
17280
33012
10351
33510
46309
25429
9995
17254
43106
33581
9624
18918
8612
47081
35592
49372
45652
11468
41348
40203
32989
35701
5840
39193
38136
29097
32960
16237
48312
21657
38772
40557
47987
10669
37577
18115
5188
45967
35428
32856
38626
34587
22819
47129
2730
167
5591
30413
28796
31192
48736
34316
27916
40110
14704
8589
25548
32127
33649
4670
42620
3929
17447
26605
16152
1150
49429
40514
33430
41872
23061
1477
21749
12899
47055
28218
3819
3616
26963
25921
28927
44812
39535
30601
582
18675
18071
16765
34741
20146
12860
34091
23523
33747
34873
10639
8932
11443
3077
26357
8293
43292
8064
1809
2423
34155
4656
37637
33520
2302
23034
48044
28547
23127
46695
29076
17418
44600
45112
8028
37706
33648
3291
3810
21309
36209
19071
27413
40871
3493
19127
22404
21928
45944
32312
27764
48228
47533
40195
45158
46868
37608
40156
25575
42250
35386
6720
12057
12952
26303
23407
14778
29772
26645
46911
46953
43625
38650
42633
3304
16368
14035
20647
15252
37991
22721
34904
39698
4147
21893
44679
34562
29838
25835
29011
29219
41533
8487
3479
37675
39545
49790
31127
46159
15902
46956
10987
41438
46139
22064
45788
36389
21699
41908
18372
40218
41418
44936
4703
6793
35542
30973
30762
25113
47937
41630
29419
40099
18634
34001
35531
34037
4006
13065
35037
24458
6124
35248
46631
44729
203
39280
17942
49847
26820
24770
48257
13445
49308
6295
34179
4544
3421
21056
4236
43261
34664
28442
30712
38131
21166
14548
9199
25964
21678
30992
45468
1846
22793
41859
3966
47153
17897
48472
33912
27292
13891
12793
31792
27460
45161
45187
2431
47043
11153
18203
26791
47328
13054
17781
17025
49265
8368
849
48916
37799
45695
44832
37259
2134
36888
34073
3884
39511
35056
2253
35747
13797
46317
49556
41403
17122
26322
22602
18939
29856
47639
11339
15395
21308
5984
34049
37303
44760
24217
34661
35083
49220
40713
33769
44407
17921
21968
4690
42651
1008
4863
36745
21044
23431
13718
28432
25969
33279
42036
969
23304
27435
17980
21434
22409
21997
48093
11574
39940
10275
4180
27169
40198
5270
16597
7298
47654
44566
5958
15090
5045
34319
9047
9441
17023
1827
44788
36455
20120
18489
8143
19282
19882
28379
32986
33606
24347
44702
22093
18507
16030
30137
30594
4599
35894
39958
31922
40281
43131
36186
25543
30405
27720
44118
3383
28476
33427
36609
31919
36027
8972
23480
14810
13777
19134
16229
39877
46422
29766
26180
9686
4244
36525
22250
30645
8355
18413
31677
27454
399
18140
18452
24900
32541
44368
44629
38297
22767
47391
8266
37356
7423
28206
7244
28990
30189
46121
9301
198
45640
21548
17613
17840
9668
30225
42743
18709
2891
6286
12101
20489
34682
37940
19014
19855
20979
14221
46943
12292
32386
23332
48993
27024
21658
10155
10347
29083
9724
5776
43662
27295
27675
3428
15820
526
45665
33122
18710
40035
19172
48871
38617
30055
35920
37153
8947
37580
27879
9985
22888
3091
45758
23878
14404
32572
37020
39951
4720
36994
33761
46913
23165
43132
42815
6672
206
42223
10964
21708
23375
32236
21588
28463
18270
40998
14591
3686
24292
6563
998
528
25623
46557
23461
36684
44413
38351
31016
14120
21041
5377
5572
6589
9095
44529
18057
18293
9490
1024
16972
3473
32136
11001
7351
9539
3971
45073
11798
7734
43789
43507
19549
23442
29552
3710
14709
42969
15970
42345
39312
25728
33132
8934
27006
31614
17546
44330
7659
44187
27611
35256
5536
34777
46535
14394
29474
31029
16085
25143
12186
31285
39419
3659
22458
27298
35609
37758
5344
34885
49297
10095
42896
46101
22838
28805
2757
30216
43623
15772
38540
11891
48316
29232
34433
39900
45355
2365
14442
41469
2429
32367
39362
45492
3210
32356
33744
2646
39064
46255
18863
36877
28716
19683
41479
47112
19258
5121
48162
11576
75
45449
36221
11819
11638
1610
37591
13150
18794
1393
24344
36859
5677
32211
47238
40277
32340
21046
38736
38504
46563
23594
19556
21999
4542
19605
16389
6674
19852
9150
28677
14252
25190
26019
9460
39827
22834
36624
22166
30982
24328
18896
11564
16892
7424
46608
17915
31253
45211
26158
23126
8776
13318
32154
8716
15767
3426
24382
17167
44352
43267
21409
33728
26478
46540
18906
34997
3559
5265
30451
34097
21902
49482
15409
42317
8933
6883
7710
9015
40229
5161
14241
4763
19774
15198
47556
31182
7525
49902
7855
32404
42458
14575
1569
21294
1599
38412
21920
23954
22653
15140
20564
38490
14068
6349
39335
30636
49960
7353
20821
44964
34224
30183
36789
45127
555
45326
24392
30540
33449
30768
49067
23978
36711
1777
4322
10593
24871
36679
37808
37585
42895
4304
16270
42191
28291
20282
34309
6740
21636
15542
2892
38494
21422
34046
8897
1598
43273
42676
12976
33951
36815
15046
18809
46790
4423
15095
25517
39502
888
5767
8137
30564
12638
18062
19003
28407
38982
13371
30927
47776
46354
18669
12548
24923
13920
9026
14859
15097
39462
990
31687
12690
1100
34457
4549
38631
4186
48049
24762
3846
26691
24577
25942
11450
34898
12649
11581
2188
12169
30221
23970
42848
39012
43424
23013
4784
16378
6721
11971
18787
37135
49136
29382
47134
6925
19993
20825
25834
23926
2453
35736
25632
48867
19789
16116
44892
8025
25163
41264
49459
46971
1629
520
33562
14803
20501
26424
754
1524
702
48130
34660
19752
36062
13870
9375
14352
39279
39002
35613
32060
29426
19167
38428
12754
15917
35031
5532
15125
15075
29305
36353
28869
44164
22516
6967
3962
17797
2066
44235
31876
43279
7227
2566
41883
43068
35548
42390
3933
28558
39905
16327
25148
44703
23114
9388
46592
4432
6399
16516
41206
34439
4512
29773
11739
38454
3014
848
7693
39451
12035
9464
18723
40992
30310
45040
35860
9489
45346
39655
8731
5017
24790
1444
10179
22511
26808
24162
41052
22134
10739
35191
29651
43295
1329
29151
40347
34331
28381
22433
43925
718
32610
12696
37581
39343
49329
26314
49851
46629
6629
2371
48223
6408
6429
10248
8593
43851
16917
36953
7303
34835
825
15554
28359
829
46449
14117
6156
35252
4516
44673
21858
28298
49179
13243
21844
39141
2873
49325
4933
17480
32828
22623
10106
3125
8686
6192
23281
6271
39790
22215
44607
11396
48607
3083
19724
29491
39682
12569
16508
18547
34165
35710
1051
47850
26321
48288
38269
35718
36217
12613
47456
22021
43145
11815
29246
18819
2508
10093
459
8562
40737
20983
47858
20236
9859
32062
14774
17941
37032
31601
34079
28523
27529
42364
49623
18065
15929
21113
15736
48444
21009
24334
35776
36718
40814
49276
41729
29282
20786
10984
27012
943
31183
38053
15185
18967
10318
26261
1433
14340
43614
46239
49566
360
29858
5783
2241
49327
47148
3165
2896
14489
1607
47266
655
25382
40453
46529
32438
947
32969
14144
4125
724
38585
45321
48524
39238
7669
14428
6941
29211
29359
39480
40012
27252
6450
49863
19083
7657
26029
1822
48717
37326
36621
13526
21666
29464
40368
18539
5505
30638
46196
37390
35135
41823
36763
29058
14109
29300
49373
16412
20105
26571
29437
29425
2778
20968
316
7212
20329
24616
27090
18573
13040
8970
7360
10364
1419
14507
22692
20875
29576
7379
35121
38888
10477
37028
41379
7457
27389
11566
30848
14823
9954
16927
42309
13632
16928
8294
12010
28267
39246
24444
25487
27793
44834
4161
45787
39665
41733
44884
32321
14582
32522
24454
7344
35327
11379
45860
46980
40427
17630
3482
21857
11424
19838
798
27805
34621
676
27847
45107
3831
37963
13510
22355
35416
26093
38751
49359
26377
5441
1348
24657
24088
27983
34955
11535
45953
48337
3984
38972
34401
48945
12054
39273
17851
35441
8002
2258
19803
19870
29563
9536
12355
24191
6003
14560
16658
11776
46518
43873
11019
22096
17804
3507
18576
5972
49422
35370
8072
39883
28006
22860
38695
28691
38859
31149
20734
10164
25992
12947
21572
18450
42564
3523
36613
9616
17356
19950
46509
13195
11093
28651
44755
44584
39879
37
29666
9942
22675
18424
18636
5209
2677
19828
32553
26923
45773
7026
42543
26325
25917
30588
8177
17437
29963
37138
32758
45401
34971
17147
7945
44351
39824
15596
13403
20971
28491
44
43934
5985
31577
36002
38436
30994
5845
28953
17182
22230
23900
4220
45491
15660
1341
27337
32291
5710
163
36512
1835
7838
41280
41826
35054
15979
30036
12450
37435
19669
1177
41801
32737
30107
44611
4418
45030
33756
34950
23766
49210
46819
48967
18331
44145
31720
19710
34862
35837
42204
23201
46663
36828
26537
12117
28723
15431
19190
28145
80
9962
17756
44830
18627
16043
7860
967
40258
4653
11464
47991
40292
41179
45140
29985
32353
15128
11579
25535
5310
46581
3694
37815
48370
21778
45081
35817
48428
16010
8227
14678
34757
47069
26271
4460
2309
15737
3084
10008
15025
10510
38008
619
18336
3436
467
7211
21364
29366
17170
12226
30097
24842
32889
16115
49640
29679
36557
28525
47594
45634
2165
41411
3863
3914
49892
25776
6634
28007
35154
29096
34638
12805
11280
35962
2336
14860
22648
11349
4631
17379
49846
10462
1819
5202
5935
30844
11694
34222
27970
31999
14193
27543
15847
46052
48097
12273
22283
23785
10672
35619
16724
38060
42716
25809
20406
20730
8641
25274
19333
28601
18195
39850
41197
12119
3330
4587
25388
21723
36818
49668
4995
49760
23710
26453
2386
2349
2282
38280
36036
28847
41527
31402
25384
42069
32258
45038
34114
30924
9165
1695
36511
44945
32631
1862
5841
6219
13450
40909
38885
9306
4883
37907
33207
10572
4907
48199
15231
14497
35866
42862
17160
32046
4594
31108
36647
5629
22856
11277
19583
4890
28773
28888
48978
48424
45791
31584
35816
28393
43290
17976
23641
41810
41308
19009
42064
43834
10402
873
29548
16881
25024
42164
6352
47507
28181
368
12681
28944
23111
45515
39385
8810
46836
26014
10063
18865
48810
16887
21590
30136
40422
20753
9300
36722
406
46609
4685
18548
7704
35730
26738
21464
531
9443
2990
16847
20463
38122
4564
35451
17161
34441
5611
47876
8333
21473
40924
9033
18380
47402
2483
10576
47123
26556
39962
29390
19261
27136
17130
48347
31003
18869
2580
42451
25940
36692
19490
4481
36696
35073
44792
15766
9333
4666
12672
12485
50
44019
7509
29140
966
25668
10018
14085
21611
29595
24058
651
37871
19064
727
26042
1834
18385
43654
7801
6857
7033
31223
46720
21055
33111
29370
10394
49965
39629
30766
7152
7270
46560
32675
13648
6838
22112
13907
38353
20575
19792
26259
28121
26228
24798
39005
27935
44249
27327
44395
2848
129
41612
1381
13767
25846
42012
42683
8370
32546
28771
39210
4984
6510
39690
41650
4742
16543
14974
33499
15428
49750
17917
48489
13655
11526
41973
44096
30674
37126
21711
4811
2479
15780
19364
15534
5645
38115
17564
549
24879
25140
11623
14024
28415
25068
39214
24151
20903
30374
16761
13006
6803
42351
28830
6983
19934
48650
41393
15964
27381
21467
41078
35904
25294
346
43613
12758
42108
483
20921
3312
3404
29754
35004
13390
10908
9118
49559
4475
36891
46958
26811
15961
16512
41395
48558
7406
24708
18107
1377
30168
36341
7630
23231
8961
6223
23858
22587
47096
1503
27349
42708
11409
34641
45945
47724
40742
6814
20076
29225
256
8646
28603
42711
40456
46241
20485
47302
11999
19142
27911
28636
37997
18747
14283
48447
43917
49867
28412
37779
4614
40891
15127
5712
25815
24852
10311
16896
914
14741
36111
26300
32974
5748
43264
7397
35704
33631
35339
45239
16584
44505
39234
33790
49152
49161
14206
42829
6004
32346
23194
49267
44993
38128
3369
3270
49900
20256
21272
31394
31917
49861
26801
1619
5880
30041
20931
7190
29436
34170
16452
22148
32797
8454
14277
24796
44906
13830
22780
18150
3070
758
32151
23752
20487
8320
20058
49420
10707
2922
34482
22885
13327
11661
26828
18916
7590
35399
3614
16058
29116
12527
35362
46600
42984
46550
39297
46591
7039
49795
16222
37099
2024
43036
35919
20618
4807
22826
7529
37644
1003
22154
42898
47587
32909
37564
27502
41352
24841
33898
15483
4695
32218
43963
31538
26395
49756
12408
47719
24772
32366
14865
19329
33632
43461
18168
42231
9760
19416
48266
47982
36781
47727
20086
32680
17013
9229
15373
41464
35290
16023
35599
14384
8173
13692
30410
18791
36990
41781
36561
9417
6978
43989
20942
44499
34687
48711
28949
22575
24534
17380
1346
42575
34990
24703
40911
34023
13689
4651
47354
42331
29979
49807
28314
48036
9193
8553
44941
17741
35469
8535
17100
13185
7216
40602
8152
15091
33580
46923
26969
18761
41273
32029
5682
39828
40206
24786
25450
2942
9853
43735
21964
12466
42760
38077
43950
36675
38050
36831
5049
18054
12704
11861
3353
8902
48511
47797
31238
2407
48833
17879
44874
22825
20083
33156
31229
8410
26335
13496
16111
20620
36064
2649
17419
23734
14441
6604
31982
9167
31049
36208
12314
41790
11975
19781
5433
31592
38019
17197
9546
29786
32771
18992
14685
28845
12769
30833
3666
36706
34282
4379
44296
45873
20645
17893
7676
28068
30153
24089
33660
42407
15867
37806
47806
36845
31208
3654
9772
46419
16273
40188
519
16790
15748
24273
45189
21239
1741
46596
18848
34057
1256
25692
39915
21040
18202
38051
27246
29301
38945
44392
25684
8973
38548
13842
3501
31974
864
34572
27700
45880
9799
46885
7504
39678
19308
34570
44067
43248
8700
16003
8094
19751
28436
40746
27062
22500
15112
40266
27430
5001
4461
23569
49214
47072
17220
35375
21835
6753
24149
28360
1407
7541
37679
28650
45985
694
49684
17104
47944
35097
28647
9939
17190
39120
20797
30348
41093
43622
7234
34603
41159
19494
8307
10245
4104
48913
15752
29313
42391
5565
8116
49506
2975
46230
23440
24073
27394
11612
6380
9927
25436
6580
46795
24100
34227
32032
28619
7988
49449
4765
24776
26016
33082
10280
39704
1856
47538
13370
46582
6746
23123
22474
23583
13788
46532
32733
20563
36049
1925
48962
11898
37060
20145
9121
33345
47429
37149
18182
16284
44462
20107
12227
14231
33180
27604
41597
13421
2749
19336
10014
2490
21027
34480
18898
2631
7166
6698
552
35471
5035
28714
28396
815
28926
35922
10799
44323
9826
28912
22155
38809
40982
37542
38805
42030
21612
728
12822
33240
3871
6845
26414
13325
24722
34193
47367
16163
9501
28594
42550
40536
27113
13743
24093
19661
19311
15192
29508
36844
6214
12995
808
26186
18488
46235
11826
22438
128
2198
10643
12268
15982
25390
47455
43540
13004
27579
25927
34857
29132
21957
36768
21497
20605
35735
8845
11004
10985
30315
48475
34548
30249
49939
19992
73
17011
7083
3035
46215
39591
7195
40922
1601
35489
40783
38781
34425
26334
4915
32383
423
3409
4187
32099
49832
26569
34925
36228
40950
44110
44037
39712
17993
19881
14101
38756
27445
15344
37073
23814
13490
22639
38606
19486
36649
20736
1873
16405
4393
24413
30046
7727
45763
25741
19403
4088
15040
47207
7435
34745
45581
28832
32375
11467
24822
10865
13214
28492
9093
4865
42322
8786
47100
8642
19248
2945
4794
22264
16096
43835
44972
16995
38495
2298
2251
22828
49124
36414
5713
32479
16041
31248
2196
10744
23051
18775
3034
9722
21905
43627
3970
44321
43119
15614
9347
16904
41240
43492
46408
6640
1986
44861
48233
31374
18882
24819
44859
38988
16986
30894
32110
44568
18783
28335
43788
12892
24358
34136
8513
21979
19849
47929
37009
8286
49206
32639
33731
10480
13407
43382
13853
43977
461
693
15113
12360
17868
15987
18012
11459
225
30512
13798
43097
4106
32458
39405
4801
31321
28051
38959
3675
5736
41780
39631
43276
24502
39553
30287
11972
38528
46176
42738
10710
15626
41864
27957
4999
36513
37437
28916
39376
32048
35119
887
16669
10331
28961
7634
10052
32381
42277
41575
28896
4224
20894
20884
40676
10111
42640
6032
30782
46547
40216
46151
41631
24095
32718
42725
12975
38419
5934
34882
47313
48759
11703
15768
26693
41885
35350
27894
44687
48254
42951
14698
17495
8165
26363
5621
36466
46662
18037
19876
25734
34636
3179
46623
22115
43052
39936
29065
8445
30376
34996
30721
3644
29230
25603
48021
27556
23685
41785
25979
48601
3356
2882
10471
13023
49077
47042
47682
35721
23584
10689
33572
47209
35109
33680
20920
41895
49406
37187
15532
24275
21860
36154
12293
46508
49457
1888
379
8232
45835
31128
49266
48752
39305
19131
32031
37147
48931
21542
41006
48211
5145
48221
48403
36881
32620
8344
25794
43333
26224
49470
47403
25984
14448
8066
11973
42888
15495
36618
29210
13481
23737
41758
842
13634
9276
32242
11740
4916
17562
2699
12595
21469
48102
543
34206
21444
23585
13005
15667
22727
41187
26810
11113
21348
42227
48353
48518
8371
19833
43016
20704
17397
18266
36643
2690
20364
48133
26133
28341
27986
24721
902
10538
43543
25700
21078
18884
20443
6787
14764
17371
46394
27013
29867
49865
1283
8879
19453
26732
42260
16668
3033
10401
24799
12163
11207
17029
31911
42059
1824
19233
31266
14886
7479
24340
22016
1432
40877
6328
33517
34346
25854
24412
28506
5728
33714
46866
12498
37850
41572
37653
46985
29644
22413
4397
6464
16413
28137
21528
9928
8318
47887
43225
38881
26904
36928
25838
20952
17561
27950
675
10497
34608
45598
14026
19942
18815
42091
36134
7021
23789
17474
33564
27464
3063
5945
37061
23309
45216
47623
30915
37556
10118
37523
25066
2556
10557
39625
43929
27244
27422
4356
18952
26542
841
7000
34834
33382
21251
14967
7643
49069
48663
31246
18986
3487
12563
6427
42757
25831
13513
47276
2163
11435
25864
43288
29233
19594
8077
28567
32887
34030
14848
30442
17478
19008
47652
15655
18753
35680
194
23557
8246
40432
39053
13867
19857
24873
5028
43914
22629
3432
38523
46276
35087
45406
33295
29890
15749
9807
18643
28863
32616
24137
41209
1697
23491
20054
31456
20670
5376
30173
26823
18601
37367
31199
2419
12935
43478
20768
29682
26135
34054
37928
48594
32198
23213
48957
42130
17024
44938
46551
13067
49987
48395
16155
41989
36121
18858
11639
31062
39268
49552
2528
3466
23912
33997
49461
23809
6104
41813
21829
20713
8245
17860
44465
15210
48929
40732
8843
48811
31418
36055
24828
26856
47164
3449
11050
27458
4234
36677
47540
11548
16379
44596
15031
673
7530
41739
46673
9303
19057
1213
22545
43506
46902
36233
5701
13802
32796
39452
10365
4729
11251
3099
15732
35445
45784
31961
7973
35942
21156
36871
3680
28772
17694
18646
35802
33832
45220
2976
14315
7913
27565
49547
33472
42281
44717
1491
31460
22286
1371
26083
4699
10222
25202
41769
25100
40927
18944
32050
22942
34080
44337
43646
18570
25998
30826
27694
3177
32335
2090
25264
7375
45541
5318
36314
45704
17646
4848
8257
49483
36301
26587
41364
13956
21087
35032
32689
43133
1544
37063
23475
28460
22590
31864
7577
24209
32134
9305
15898
10260
13826
6543
42752
14726
21514
3357
6788
24975
19550
44730
16086
27498
19948
6291
34020
31944
49035
5061
41562
39275
22932
22339
13859
38562
49757
47394
11871
14660
12557
45896
16736
47572
12832
40586
3391
26371
23669
23580
44900
14080
33809
46339
31241
10940
47280
47537
2344
47605
10736
48864
37823
2675
48914
27652
42737
19976
17442
4790
3836
141
16029
38567
646
6980
12991
28774
32701
245
26073
9541
34864
14474
11370
46626
11636
42006
33718
33182
5955
47457
46027
33953
20238
2119
5095
17601
25245
38339
49338
6480
34276
27078
21683
29784
20694
34878
27476
33741
44521
48965
6162
38727
10659
6028
5843
2103
3495
3861
20143
42373
21827
34415
18495
38914
35855
29724
31576
471
47568
21183
17692
46622
14105
43453
23928
11875
9296
39984
32664
29808
10460
45973
4282
7020
30985
193
33847
17093
15849
14186
22060
35395
19676
45215
32924
12218
12903
37472
44953
47414
33598
10125
26702
33384
39286
39349
2342
11259
49812
35433
6187
47065
42050
7455
24080
37108
42268
15827
26492
12574
38042
41777
14323
37181
43867
8265
21503
46918
45668
1664
24693
33444
4316
28837
5393
19715
10737
20912
25111
46710
38841
2029
24308
42044
31735
35335
3311
8202
5449
5678
15656
45993
40403
11362
23456
9497
4238
13498
5206
17297
23722
29420
7232
2338
20757
4283
25531
32135
47199
18011
42004
34861
32454
15692
41839
5015
17892
20576
17084
8954
21428
30860
14361
31918
9109
16346
21398
29121
23110
2443
27420
49816
788
24946
37951
31952
3706
22291
44807
24431
19893
425
27120
38324
6119
4832
19861
231
28324
20795
34284
4264
18253
22054
12088
16127
20855
20680
8501
17693
19185
712
21608
24288
28761
26673
35195
4454
20351
28671
20820
7408
15778
9690
48743
44681
9391
42107
28370
4874
11155
39026
48790
49322
33130
9652
49625
42562
27756
49394
34231
10133
42552
41232
11421
5004
3026
41637
5913
22074
16528
28091
9115
8588
20115
11610
10725
48764
34296
46756
36590
37385
17575
32635
30702
47047
13402
11242
45918
47805
5445
27001
1350
25874
30976
10422
48774
4040
44576
37201
5395
27175
40092
41460
2901
49822
28238
11026
19775
40860
25501
48557
32858
4447
38096
18213
24415
25400
45900
34665
4391
37182
11027
46800
33370
24054
10596
12271
27061
19312
5026
22668
20669
440
20517
6463
15088
48766
19011
42481
26733
11730
46160
27730
15418
45907
42437
28745
35844
24479
24174
38499
34234
24261
12605
15448
25353
31133
44954
16799
26092
4622
23388
1928
19747
3439
28849
14150
34809
18574
27129
46256
33121
37269
37034
16313
14227
18461
7143
30325
36824
32684
12041
577
46417
32180
35861
34142
12654
30888
18470
10891
5311
37692
7346
1360
34847
6715
41175
7699
5177
22965
3954
38950
22182
2636
42436
44791
500
3734
47969
6662
2017
1373
1334
34391
11711
11353
31265
19212
2205
9593
49618
37975
48119
1272
13109
47828
14115
39742
27359
32209
31097
26148
34299
45458
47913
48245
9821
27626
35560
11586
22982
39531
31745
6075
545
4520
47494
11966
5103
31489
14906
14103
22479
47597
16975
27671
31341
8533
9806
7189
36610
19532
45156
40340
2643
330
23208
24487
38148
19334
39880
4185
1887
16068
31752
17091
48918
6969
15280
39390
36016
11699
38643
20322
18020
7733
46803
37979
43108
21963
15144
38955
40639
364
24931
45931
1203
49247
11573
38987
19440
46775
43699
645
7475
21371
42166
32010
49340
47086
48113
49510
8749
24222
43829
49036
43722
49235
2226
47312
25392
4733
30575
31564
22277
26232
26984
14215
3762
33965
41117
25826
12775
18458
45095
2474
23799
5522
10348
42646
40058
7686
11150
37809
30592
2049
27453
33010
14680
42190
8998
26279
48802
3292
33593
14594
25319
6105
6901
14847
30080
42296
1564
11956
26167
36040
44075
24849
31502
4314
1326
39909
21812
25664
25023
27138
49853
45325
4638
25087
42977
4732
6080
40064
49607
5981
41623
35146
18021
13008
9401
23067
37707
29455
45856
32296
13474
6639
47898
4486
11608
4693
1458
487
34228
21639
47355
10938
41715
3382
4610
2104
41917
9758
20239
30719
23793
27197
40070
49004
43187
22294
19872
4372
15723
17115
40934
5264
28366
28438
24623
48522
26077
29016
23361
11555
48563
39942
34461
14789
7421
7583
23769
2239
6376
12483
25530
49654
9119
46496
9475
23603
30301
28747
15436
10845
13921
12633
37250
6118
21415
43508
6057
11129
7426
20534
40863
31105
35417
35977
854
34823
49313
33507
44713
17928
36784
45482
20491
10520
46359
9801
30863
13264
18069
10704
11929
30495
40605
43255
19208
9935
29106
17715
28165
45429
17626
49138
30659
34754
2788
38220
45385
39569
12580
29667
44277
37934
3384
31371
24687
49962
27193
15172
28170
35061
28652
38978
27338
7160
28307
35114
13267
12891
39320
21263
7738
22939
34436
14130
17369
38466
1752
21020
10156
37233
42125
41082
11910
2185
5553
8606
16361
44105
37398
12545
36562
46641
43616
35138
10825
45884
1728
16242
1138
48106
47281
37583
14182
9495
7194
8406
40623
33528
8460
12100
12343
26638
37330
20035
12168
4992
21290
49104
10377
31304
5795
49774
49418
37497
43986
35297
25114
31481
17348
9344
30859
48667
9247
48402
39271
48676
10012
12526
2224
11062
41203
40293
146
41691
2372
27562
31427
12058
44802
34183
20222
7627
19563
14994
466
46525
10950
16653
45725
23619
18322
23859
35700
25561
15332
44027
20712
27949
23638
333
49613
3571
1943
18129
25326
18932
48251
44340
29654
43005
9426
46987
47625
26354
38121
7907
38182
39645
38152
5639
6353
16120
23765
44652
49749
23221
27140
23490
29187
10703
13298
2908
4997
9521
21267
1176
39039
49367
43082
5648
11002
27617
27891
5122
18334
3667
18486
14851
28485
26043
21129
45065
21475
9243
12572
17037
41412
945
49348
13316
2441
35069
3468
14535
43127
49696
38656
42908
19813
49234
6127
27710
10641
40416
16102
5034
1336
37184
35107
22079
9908
36028
23212
48197
19077
36146
33118
35262
18990
38464
45599
4022
41711
33620
32556
24886
39807
4062
29059
13010
24056
19618
49726
18471
7874
36697
6278
20714
48762
29314
10447
34705
25410
15787
48397
201
8474
3400
26137
31011
35672
23695
44195
17136
28143
26307
47998
49933
7538
3182
38921
46520
35243
29632
23524
10930
3945
29807
11176
6382
13377
35888
31510
6886
33272
68
32910
17783
33713
56
46145
49175
30282
40809
6756
34462
37112
14796
41625
10783
42581
39767
34791
3709
2235
20353
12686
3065
4346
23146
13661
43964
36370
15514
1665
42996
44592
47626
24788
38832
27424
42810
5323
36198
22063
27619
44627
11945
15709
8415
4603
49769
19383
31899
12671
6780
33233
13144
20890
10281
43993
32145
45629
22459
980
49747
17767
9116
44306
37735
18111
11485
3607
41249
32853
30149
21585
7460
38862
8652
13222
5617
9987
37044
4879
9010
9597
32473
29909
30368
30166
26399
3030
13145
3464
10103
27660
13409
22563
27719
39622
29155
9003
13396
15116
19536
26207
13059
44691
3847
38696
22018
1843
47974
12210
30870
12958
40588
23377
40364
45795
8777
3299
15955
22794
15698
27229
3924
40179
48891
36263
42677
34976
22342
23827
44968
19487
31369
2605
8547
27036
14312
20280
26393
11418
15013
16160
40028
28300
20375
23918
7263
16135
22654
32642
18564
33398
22369
13837
26555
27264
11684
37663
26220
16328
1615
7826
22307
9182
39906
16614
12811
21198
45583
3812
20986
41923
22414
38323
12020
5171
17262
37220
37910
18850
10217
4931
11300
42939
4667
14948
44502
37684
26665
835
41976
25511
14141
47649
6652
7412
19991
33945
24370
3732
39233
18227
44901
24674
14239
44102
26794
43378
41789
32884
14294
27122
7854
9567
1964
32677
24632
11507
14396
2244
25416
5519
11325
29384
10721
16355
46644
49377
930
965
30018
32783
40037
17948
37146
25568
34998
32106
27404
123
31089
45533
1437
34799
7070
36631
22682
12026
25613
47437
17837
16435
5000
11239
36752
30095
12812
28544
3041
10849
47157
14079
19764
41818
468
24192
32574
1129
29014
839
36874
35712
31151
43902
32384
28124
38437
18234
20079
44949
8915
16560
12521
28572
21127
27777
5426
38198
13546
4764
47956
13275
1775
2373
8928
14716
39355
27882
20509
16684
13192
16156
22472
44509
25276
3080
35780
22110
30121
23576
2920
24011
33613
33011
7551
16792
20007
15980
39454
31518
40601
31622
39242
36595
28921
14246
22111
25414
43464
5530
41986
13149
49044
39327
47557
49619
32655
16263
16948
35388
6711
26792
8115
19021
26558
14116
48285
1511
21394
29687
4210
47002
35250
14616
2167
33394
2691
26867
27615
49959
32589
49319
5947
36636
43940
48829
40573
19033
21866
3450
11216
47497
16707
11595
47800
12968
20260
43064
13411
37760
31936
39245
49241
19189
24420
36023
11651
40722
30040
28988
19983
18892
33577
28237
20731
22972
29080
1021
35896
35615
34972
45816
13734
46075
1186
37555
31692
7167
38112
23071
14095
10027
49517
33885
45119
27797
29652
20430
19839
46236
18958
45392
20141
28166
41217
35484
24619
38457
33989
10636
3416
26770
49518
40282
16606
23138
27148
1014
23242
33856
48919
22382
20997
46891
20191
29952
10344
9260
31555
21138
48433
37548
5200
8438
39768
36363
14603
31131
24033
11213
14536
34536
20147
20898
4290
34987
18346
11316
22833
20847
37642
8217
27852
15356
43792
6752
41610
38575
39710
28643
38743
47803
49628
18141
39247
25903
15872
1410
5888
25663
42113
33017
13665
27612
19815
12048
10116
24081
6798
40804
38335
19247
517
6722
8669
13152
4001
6858
22176
13
18707
28332
40443
33993
48112
15203
44628
14472
5925
10458
21068
19935
36081
1368
16735
6714
32399
9659
9286
29745
45532
49835
40253
13609
11209
43678
44638
18683
43957
7808
4880
31160
29262
12175
46368
34314
38924
6957
23830
5160
38953
4537
7341
11994
18161
34453
3427
13219
38521
14465
11590
11788
44853
6916
5586
30647
43129
25129
11040
24701
15610
16596
13078
31700
18654
14483
6358
39649
20651
37397
33608
14091
48604
11143
10718
23270
40346
20916
49604
41190
16080
8872
18081
23590
27116
19095
1568
28285
22043
9051
33568
12653
27993
30513
18908
9387
38347
31214
31448
20431
10408
2641
6605
1180
17834
45988
14010
45786
31466
30447
30916
13501
35315
25593
19372
1365
18537
32018
48513
49916
33329
34872
46096
9147
49952
31272
16980
31515
29951
24072
40314
25109
11473
12966
44799
42284
15886
1067
20113
18728
20258
37486
2579
10007
18808
48564
38679
20743
4203
29606
10925
2380
14087
21338
35969
8788
25592
29681
31337
17729
20937
48834
11615
33534
2521
5064
2969
26007
37309
24021
3593
33555
9223
14501
49767
37266
9748
24528
25282
27376
23478
19533
21762
43984
46487
26281
95
19736
895
39030
47766
8125
17890
37260
12369
21390
28416
41047
20338
14499
17877
29269
48828
40620
24517
11317
29118
4404
20211
36527
11195
49360
21828
12366
47046
5790
22025
47962
31759
7309
37757
24578
8838
34106
27991
544
34113
37697
33389
26997
13936
30615
11133
18560
42066
1687
15371
978
35102
33709
2279
47712
24823
6498
36286
23571
34221
46857
21004
20125
16100
46454
48001
9197
25221
22578
7871
41768
40730
23371
17365
16324
18535
10068
46752
11509
29817
26205
38052
11917
32424
46138
49905
13996
6516
1566
46161
34897
15002
30382
1989
17362
36761
14487
31528
40935
3337
46294
37652
35023
4267
16504
46414
22857
20891
28301
25967
42444
7814
10621
31757
25804
4524
13380
4951
30485
9252
4575
6725
3001
14799
42997
23566
34907
40898
33018
26091
33368
20418
40577
5425
36194
26901
37068
12275
22316
34028
38223
9330
34724
31892
33028
4340
39779
23726
30060
25828
3920
29485
36783
3196
13000
9754
43874
611
8174
33090
47172
14382
47872
15653
8208
35351
11120
46737
15804
21781
6504
22426
4728
6750
4831
16933
34900
5048
7031
11693
4932
44473
40744
33271
25667
7915
7622
9671
47751
19402
24111
8206
34901
24895
24269
30195
30835
40774
3341
16498
27418
13897
3320
32293
32549
46325
30709
11523
40775
27490
35901
34475
34540
41528
11580
40062
22923
21584
21345
31877
47244
2634
46851
17762
33406
8338
2589
41941
9038
35559
2149
11691
47067
33870
14073
22207
37212
48835
40919
44632
10638
39253
11458
45147
20464
34372
38125
9544
7935
1553
46658
20265
43098
17518
28254
30452
34502
13862
31282
35105
1042
48859
18844
24303
38629
12531
19537
40458
31035
37392
4648
5520
25749
25807
30257
40029
43124
8241
18603
37059
9904
8153
19977
329
8030
12592
13442
36216
36866
15242
17579
45537
34854
3265
18879
8512
12467
26800
4276
13272
5891
40856
19681
1424
3633
40669
29157
31844
43721
23264
14167
39105
10253
18230
46271
40920
16395
40404
5687
28362
31494
36308
13183
41603
36053
25050
44163
18692
16172
43201
31101
1376
40339
3784
11721
2457
29480
35316
11923
11787
35869
35807
42868
23247
1841
5195
40053
31175
19897
17723
24769
22137
9643
34856
37075
31943
6898
43944
2369
41493
32573
28757
19295
40567
18469
39904
1134
6771
18983
27786
24901
22324
4971
27191
5489
5563
1167
20449
27758
47684
29934
20327
19728
16545
32801
24670
30733
17142
22495
3290
23945
35778
35591
4687
23141
33434
27002
10060
48496
9363
33300
8690
36378
10126
32246
27813
41270
14518
38857
27391
22986
41421
5087
32854
7260
11441
18110
42759
43335
29795
12539
25907
12845
30727
47881
16119
12663
1730
48584
37465
44595
7215
8122
46103
38458
44429
33936
49813
39567
29332
24872
31620
23408
39430
24223
19325
18298
6493
41347
31558
6703
25124
39446
6594
49754
38551
41297
48950
45426
1306
4640
36202
47139
44151
12980
39798
26365
49878
30102
47370
46944
18883
47278
16591
42304
23579
11936
23298
39956
15943
31167
49954
35948
26221
11319
27095
23616
23483
25279
43432
14933
45934
4280
3489
44048
47686
9406
26751
34622
21505
3115
30311
27038
2316
10096
6246
28090
39067
7016
26267
37838
35238
5734
1719
11696
43328
5856
29081
16845
29228
47689
15553
15550
36097
32387
5735
14243
7989
15298
26917
20094
3057
47553
23671
15790
370
7867
37037
37967
27689
22302
47399
24118
18175
28928
16890
2651
734
29868
18315
35885
36191
32729
5702
2598
48725
9562
23582
46799
32204
11479
2142
19122
32540
27567
37590
23167
49106
38920
4009
39782
34377
11872
17059
7996
3319
39201
17780
311
32663
26328
26369
28292
44335
30531
3072
8895
45984
7828
19663
35827
49503
30499
14452
24854
16251
3085
44762
18233
11491
5440
21986
25444
31851
39694
5462
5579
39176
22102
34735
7791
30375
1573
40121
43103
39584
45746
13740
4967
39892
4459
39756
25973
39144
30723
7856
15270
8874
37084
43175
40438
18756
21360
25989
43209
6168
23771
5959
41123
12341
1723
32483
13231
112
31278
1994
22002
34242
48301
11487
3685
23077
21317
45143
35859
29435
8684
25186
46964
47780
42694
10960
4619
32159
6146
3308
40618
9857
13922
37142
14625
15407
45530
28344
20611
38036
2836
27919
20799
11751
15459
47584
42712
49712
11373
22397
37774
192
19238
23027
7065
19863
29475
13255
36674
49616
44748
33946
40612
5492
16997
37949
16351
45132
15934
44232
4888
22701
46633
23029
46719
36440
3019
49369
20516
33655
4856
41529
15266
35172
31348
14132
20121
35093
33547
15657
14952
5009
36131
25378
649
16877
49530
5739
8164
23080
12857
12385
37295
6533
40964
30991
13034
28684
28355
39415
20675
7539
31310
47738
9161
26017
30977
48772
12325
906
14977
6084
22756
34632
6554
30441
48642
9323
26294
31803
23450
3991
48590
4194
8046
11188
21043
42900
40425
5317
33664
1185
26484
18708
11106
39433
12709
43971
11784
31067
20933
12461
1206
40549
20721
36436
20686
21498
34311
35257
23346
49090
41565
16758
1734
7203
34365
36567
26107
3578
26649
48970
23215
251
49826
3524
33227
46777
5753
46965
37646
3437
36079
14525
23968
40109
47400
29753
23980
34732
9502
48190
4850
45069
31872
35732
16970
23445
12480
24735
46343
17421
49689
42937
49901
48136
35711
31586
46048
1161
44214
39871
45012
38266
31027
7245
45086
47132
37636
33211
27960
17498
28559
33656
48688
17233
20507
27596
405
1455
13895
17873
10683
16291
7514
21965
21482
31998
47845
26344
7463
42963
2728
44384
19429
41537
33065
44610
19706
42212
35392
8467
2420
26032
22276
42828
31264
31364
12762
33860
46723
34029
32552
31438
17178
45633
31393
2050
36045
47365
12199
37751
12019
29159
46064
7246
19777
8316
23610
29770
413
49763
35062
38345
49421
30021
40900
37516
30342
38940
29444
37909
23428
598
33259
35379
44756
6193
48615
33502
15166
19714
12380
10875
40395
15600
14331
6122
31317
19330
20755
27334
31395
23824
11802
14168
19341
11879
27835
48206
606
43542
22306
18631
33683
5351
26600
46073
23162
9875
34308
28766
33896
37018
25287
14345
41902
3380
9601
5327
10343
45726
41903
7788
38327
21923
19887
47254
36869
24468
27737
36132
35512
38668
27536
10506
42626
560
12786
31568
42397
46467
32779
21188
33461
37408
43134
22301
28754
46811
33690
30851
30140
40172
44615
16185
26452
1682
47482
49219
2243
44898
30319
9858
20596
49643
28274
3060
36368
1882
12658
20661
38992
5436
19015
30050
23049
20465
23698
32640
25222
7220
27616
4652
36340
607
6012
13553
4559
19949
1694
35412
33924
10235
13514
29515
46503
31543
46213
48176
5129
24995
32705
40894
33857
12120
2658
10227
45382
42669
21613
38655
24411
47934
5566
18296
45731
28453
49758
38969
11862
46668
8577
36501
14234
38871
30312
29631
811
8931
24035
31520
34354
27850
3837
5543
31688
27819
29659
8556
44697
32588
36317
24814
15631
43552
13581
39922
39457
3284
42221
32739
48448
31632
37622
33060
26143
15397
39284
21082
33688
19375
45016
9655
14278
47670
18955
37387
10098
4368
32269
10359
22707
12700
36003
44013
49260
2164
4792
28668
11663
12371
43116
24754
1030
12753
42687
25461
20343
33468
8129
22801
35002
16042
20984
19040
35279
41090
36234
38742
14589
39934
26025
32189
4065
11096
8685
3608
3144
7903
43998
49315
6665
1380
18696
28914
14388
1949
16601
36872
8571
23518
40295
17889
7665
31863
6617
8818
25851
24969
43480
30577
48414
19622
37342
6728
30222
5373
21311
17218
9903
15164
13645
6660
35964
738
20212
21790
18451
21567
28203
7615
48626
15875
39031
2405
33746
5350
15306
45894
47573
27474
1904
19044
24700
47147
38443
4112
28106
13668
38021
23402
37045
1288
47380
45446
8337
1748
47926
13650
35992
5993
11460
47133
36588
14217
3008
28611
37527
16848
35019
15926
28065
42388
824
18075
354
13557
49792
17911
33485
46365
22194
20742
43723
8489
15808
29453
10686
1621
2217
39072
48566
37120
40415
6989
23161
39607
43271
44289
27161
2202
24285
47790
30747
34804
11149
32536
4501
15178
7164
7163
9327
91
45882
7570
10386
39113
5858
16685
40008
39701
903
21237
6370
32456
32490
32932
34893
9835
11823
45670
15051
40845
46175
21992
12941
3510
41224
34248
47195
2870
28546
21695
39759
28590
19845
37016
41186
20417
19718
41825
2498
26498
25344
5198
47831
1276
45213
23513
44031
6403
44841
18121
3935
436
1226
17529
33217
30014
11263
14300
43859
23016
2363
20655
6468
26790
6384
45031
2157
37347
779
9318
29345
40468
32586
42120
