82
10
0
34
38
52
59
57
4
24
12
90
90
25
26
97
67
3
0
72
75
63
76
48
78
62
13
22
96
60
13
85
11
27
45
6
98
9
39
37
24
97
91
51
88
62
78
43
92
15
48
69
16
67
1
45
39
34
48
77
19
18
15
12
98
64
51
20
87
38
17
43
9
81
59
44
83
43
12
56
6
41
4
98
97
99
64
85
16
74
44
86
12
19
80
98
66
72
58
42
53
21
26
65
28
35
90
63
54
26
79
28
9
54
93
28
83
77
58
53
56
27
86
91
44
46
11
8
46
10
48
23
25
67
50
4
61
56
52
56
60
8
49
18
69
41
47
26
25
18
87
21
52
46
72
32
78
62
79
90
3
34
32
74
47
35
38
67
17
54
94
41
68
10
75
64
49
27
33
36
20
71
31
26
37
65
1
17
23
53
25
77
50
8
58
6
84
92
83
78
2
75
97
37
63
98
63
94
29
42
49
55
18
44
5
33
71
86
40
89
53
3
68
58
99
14
22
68
37
5
97
60
65
27
85
52
0
81
23
61
3
94
30
2
76
92
19
61
74
88
44
39
76
58
95
35
79
71
25
86
77
30
24
71
1
88
2
89
46
93
96
88
30
95
8
24
96
40
47
61
14
5
72
96
33
80
45
6
32
73
83
85
90
9
13
81
31
11
29
95
5
8
73
68
17
36
81
55
22
41
10
57
46
66
95
7
12
23
69
2
4
72
86
84
82
13
80
40
47
36
99
21
29
49
19
50
0
20
50
11
23
15
16
15
51
14
14
35
16
80
82
17
33
16
34
39
78
49
54
91
74
82
84
57
52
34
83
69
7
94
40
87
7
14
29
31
64
81
60
64
61
57
39
54
36
42
70
47
88
89
89
99
89
13
1
55
69
33
7
85
3
95
20
40
21
11
84
91
66
73
9
84
55
75
38
76
45
59
43
65
93
53
50
79
87
22
96
19
82
15
51
36
37
59
75
0
79
70
55
24
67
51
48
38
32
77
59
68
74
70
73
62
56
66
35
30
20
21
31
2
1
70
91
30
57
7
45
65
18
4
42
28
92
32
99
70
29
93
60
73
31
10
28
41
42
22
6
80
87
66
76
71
63
5
93
27
62
43
94
92
