52
32
17
38
2
7
99
8
35
13
48
78
66
43
39
79
29
41
89
81
17
10
26
94
42
49
50
12
97
16
37
66
67
39
32
87
50
87
28
8
22
70
32
95
98
72
82
27
25
31
72
57
79
65
4
5
75
19
99
27
44
16
40
75
24
69
2
31
23
26
15
64
62
34
3
20
40
68
65
4
62
18
56
45
74
59
41
9
30
82
24
51
47
69
46
80
94
0
7
35
72
73
14
59
44
49
83
77
42
55
49
43
40
5
38
86
58
52
0
64
60
88
28
10
67
96
48
65
15
73
10
76
22
71
91
53
1
42
89
54
11
13
84
87
77
19
76
93
45
84
14
18
16
74
99
33
71
47
47
20
84
43
53
38
6
37
4
63
74
26
83
36
91
55
76
81
80
83
37
77
93
24
61
12
78
9
23
33
86
54
68
22
85
85
92
63
71
9
89
58
86
91
97
59
81
30
6
60
3
21
53
17
11
96
29
45
25
28
15
34
36
30
75
7
90
90
3
20
67
25
58
97
5
50
46
52
2
1
79
44
88
92
0
34
60
21
68
35
92
51
94
1
80
82
13
31
19
96
56
73
98
70
48
29
54
12
36
78
33
61
41
95
98
64
88
69
93
85
11
39
14
56
90
21
55
8
51
70
23
61
62
66
57
63
57
95
27
6
46
18
