29047
25161
15706
26292
16758
24444
30881
26864
31677
10007
31930
12048
11727
38955
10447
32490
36413
37951
39768
19312
37126
43552
13370
46043
43794
23978
46767
3924
40216
14591
15820
42930
20453
47962
28362
12968
31510
41447
23114
33534
17024
48967
45537
38050
16102
16890
38969
18967
2316
32227
49763
27095
23433
42761
17478
19829
10506
12057
47719
7888
33275
36261
38772
35704
31157
28438
6206
8001
18140
29419
7022
49556
30833
5573
24443
44509
25245
37077
17911
23576
37499
3244
15431
28826
33430
6471
24531
18459
4932
33261
26965
10315
48663
49954
48221
30050
2877
36869
45629
17414
27866
16601
5519
20670
27155
26207
13740
41159
44392
10281
36845
7931
18548
31013
49059
37911
39836
27968
19008
11382
12383
42113
42030
49360
16242
7997
49367
30555
16606
13545
7313
17498
11153
25869
37737
7763
19982
6187
27835
29632
33513
30607
35248
13409
31182
14277
28667
12066
13183
44384
1881
1151
17762
3984
4267
25392
31282
25282
15097
30334
44898
6845
30844
1862
6017
4696
2403
32548
4134
12466
39698
15220
12054
19402
27453
20865
43492
45725
12360
25279
42088
19131
3072
3033
42558
13486
21272
48035
49084
47615
6694
48978
31149
20279
26600
19775
33744
33434
29191
44900
43127
29515
13942
16163
26107
194
22865
27565
25313
43453
35578
37967
4294
1983
44011
5902
13753
22022
46079
29522
5566
26077
6033
16597
824
26135
9821
44352
46531
22801
28379
25854
39569
16029
38661
25113
25776
20283
30301
1573
37112
39869
38871
33329
16080
34587
3746
7143
42231
47172
45112
15185
22306
39362
12538
38412
38776
25668
18998
26040
46236
39687
35117
14678
42892
49649
6600
47958
6084
8556
28768
11113
26155
42002
42887
9182
22727
42677
13095
42900
14910
31640
4490
34056
6523
24841
47540
40713
13965
13501
30210
41823
11820
29094
49559
26984
42222
44653
45928
5570
