13890
33121
16514
34768
27756
4195
41001
2949
12933
18032
42382
31912
35773
33009
18153
25141
5063
40378
34386
47086
40660
46789
39935
47639
41316
49123
1428
7375
48641
31132
41630
45457
16965
37888
743
23014
23457
14567
38021
22361
33242
30319
2302
16947
24210
31935
43847
5209
38890
33522
35180
2229
16647
33939
23925
18198
18813
23732
44277
28663
32048
15215
4098
48036
48960
12430
30925
29742
36453
9832
18346
2345
29950
13648
44790
11354
18612
39505
19254
1886
39231
28751
49569
16797
33851
17673
24684
1997
16358
42420
22263
16586
16862
2912
15149
42560
26150
38008
27540
608
