6688
40481
47881
23668
15136
8168
46295
24765
33423
36211
36789
25951
24723
25964
40279
37200
31520
35666
33069
28450
537
36955
33201
3514
3173
31477
8112
18556
33204
49086
7982
23659
18592
11611
11370
24097
31825
40781
16367
4004
30017
4423
23347
4323
43887
22196
43498
39564
36826
927
31937
11520
21687
49951
26636
25708
39282
35124
45912
26778
31644
12012
31925
19773
35387
32619
3026
1625
13539
34095
27044
6565
29912
43807
37450
40798
6722
38724
32495
1319
18182
19100
19315
6267
35110
38301
26212
9637
31762
12287
17592
16849
12030
24226
42945
35719
14366
31605
37474
20744
35323
37375
41256
3765
25326
39893
1150
16378
14571
48228
11545
26242
7565
7352
25641
33665
27391
35935
13619
48674
49028
24157
15819
46287
4797
16022
48731
230
3556
39190
40212
26305
32950
27986
49564
39959
4600
47866
10138
28940
43181
23173
37984
26863
35637
41817
44087
11713
45983
6680
34798
23612
18282
1530
49212
44152
14028
26514
27593
34277
27683
27813
7975
25336
40675
42211
35003
9120
31868
21894
9473
35343
49960
15753
25193
12078
32000
21701
19554
32419
38171
10280
4738
35504
12412
48179
27195
27002
24491
41972
38525
29392
18469
22664
45786
34232
37707
39119
14665
40707
37199
20205
26131
38039
19691
35872
24109
27380
46092
623
7538
42831
23377
3618
21685
17454
23201
44533
43350
4170
46711
13305
21163
1029
15580
42574
28363
2498
22836
15460
21099
32273
37818
25727
21419
19048
28447
2135
48321
12616
36787
27135
26967
9563
1238
2575
33786
16026
47247
12777
41378
48277
28251
41155
44384
5175
1711
28529
26444
22902
48894
13545
2959
28620
20715
3877
49485
11861
40561
24584
5843
34523
33737
31586
21371
39358
3032
6602
1446
35523
24267
6736
4730
36261
8657
27742
37824
21818
257
8333
23474
28343
27728
7587
48218
43876
30897
32925
16858
36253
9318
13936
13100
46341
23038
17425
9266
41674
45625
27790
12035
1957
49227
4350
48550
35464
47616
19844
45605
41718
20446
47281
20058
17876
32667
2900
18310
558
39731
12316
18203
39080
46617
42424
14099
42556
34460
2321
24679
6850
24957
30063
21206
12439
42509
37836
47808
20076
11634
4592
30393
24056
5414
46344
45988
23865
45466
9909
12057
13368
25937
6493
1712
44113
23845
30615
12899
14476
31329
39098
12611
4027
48875
2352
18013
45505
46076
43137
41229
31154
47577
39372
25750
7429
11459
38882
22808
29651
11997
34461
10
13762
27238
20160
47601
7929
36245
10203
42467
11627
8982
47493
27541
1628
19356
454
22136
1663
15846
28979
25328
48322
47566
42957
2656
42445
48306
47690
18684
9007
22567
48633
48709
8454
21446
26053
8516
46922
5603
43867
26992
44564
83
36034
10054
36004
37298
12143
23679
8370
31533
27224
5593
35724
10486
36537
10997
34417
15211
1479
20579
5
37520
26023
47406
34103
38497
4415
25875
49435
8253
49413
49609
6226
41805
4124
28593
24487
5416
38939
3942
23006
49963
24911
18356
49794
32414
36655
12907
20376
31142
30490
20430
23171
30391
43003
3940
20920
16833
12243
21388
16550
4550
35954
43607
34281
10241
44478
19345
49116
24691
42698
40592
12499
21211
46143
28605
16649
31042
44984
23155
48408
23654
21087
35219
49987
43069
11953
34687
12401
28684
30561
16672
28560
23310
15190
3142
34093
641
39293
17890
7249
12528
43972
31144
20780
18234
29269
19946
45280
33026
12320
27017
20643
25983
42667
18212
47834
26952
35006
26170
6917
31360
31375
9644
43858
11196
32429
35234
31686
18241
1497
23518
40584
30585
40366
25630
5042
48423
30655
32159
41943
48078
39403
46386
17753
3277
1755
43892
43041
22220
37953
35965
46116
40918
22608
34191
29347
20576
42345
35771
9199
6575
41294
44853
18193
6609
17504
16041
18545
34939
21434
22389
36567
17309
35969
25566
5146
47237
25039
45863
10397
30931
11388
5900
31885
21952
31550
15620
14019
23732
27886
15074
39392
13996
16082
38395
47089
15150
20703
32587
13112
8271
31821
37166
10301
15281
37063
4890
48259
19435
16924
14272
27544
28992
36084
14319
3146
16781
16846
41225
3452
34536
30817
45077
10933
205
36085
6958
12746
22404
41587
11139
13665
21270
49084
172
531
7125
12817
34984
26140
1506
20722
48012
7689
46329
5657
18040
25018
32676
32908
31435
18123
45678
28950
26702
1022
23903
13612
39302
48192
47774
38947
33454
20847
15043
45444
41773
2022
22490
10262
6577
40863
24459
41582
29621
48369
18211
4835
18174
25625
8050
16726
43660
41337
14684
24770
21161
27346
47600
47824
18651
48458
12106
36620
18559
23795
37255
48118
45146
20380
21139
16005
45495
36440
32069
28219
11096
43001
16467
14887
19733
38883
17787
21856
44491
46849
21326
44653
34689
41100
48916
5977
43016
9974
2775
26990
2397
30623
40662
20774
14054
18655
37053
45319
40723
14964
43818
41706
7018
37793
16544
35175
22646
34249
2618
27194
36146
11947
8281
44916
15520
31293
37384
38181
3273
37669
17949
35112
38570
34096
15663
33850
37676
22573
4714
41769
16673
41085
9334
47758
2985
8618
21753
2221
12818
41837
8780
22967
20506
7846
26078
13801
7727
44829
45073
48027
20149
14773
21651
11340
49310
897
40152
37893
4366
26791
11030
19210
38455
20456
41458
23542
924
22420
30355
38218
41164
32526
25176
34698
12900
9714
28348
47490
48260
39881
13228
15535
23441
23180
43622
45537
8508
43839
13770
11699
30903
706
3353
6265
2686
7949
4830
5327
2738
4105
49836
26618
8551
3812
31617
8195
6206
9050
37482
25582
43471
36557
43800
6943
31542
16523
5403
27633
24254
49864
19603
49979
26272
14956
7174
15531
33286
47559
40226
1969
18178
29703
29661
45438
6824
16104
8891
21488
19437
9409
21901
16224
24673
30040
2735
43846
49508
30557
13893
20277
27402
19029
14897
25730
34577
35190
2012
1125
47151
40510
35153
14842
11113
22412
2582
33231
9023
24753
45719
15776
40816
27175
33639
24251
829
34028
39367
25297
9104
16174
38373
45064
29290
7781
20175
45592
37485
8653
23077
31413
9146
24068
16599
20827
16581
44472
37786
41069
29997
34628
7660
16164
40827
33774
9590
38161
40779
34927
24174
11830
27503
31797
40857
35572
5786
30875
42990
33534
14976
25392
11675
42507
29107
11558
41879
39049
6502
35141
20377
44464
9969
10133
11232
33118
4106
28465
6236
9257
37618
44274
34848
39038
23149
39768
519
38425
10559
6682
43061
33213
3665
412
37340
18367
10573
8943
32797
45301
13726
18526
2239
28109
42264
7944
36237
22908
31352
29885
45903
24922
35646
23427
19128
6690
2591
31941
10421
12483
16460
23911
42510
46660
9137
43877
10917
46953
43916
939
37837
18144
24406
27299
93
20763
45859
19511
9410
26519
28606
35760
16149
41628
30241
4654
35017
17960
32926
35344
6509
33762
29762
17679
31788
36862
13272
40988
1733
20265
39671
31441
42308
42919
6213
38828
34016
18036
2128
3630
33710
7437
46048
15106
17218
16070
5852
8964
48281
22323
30242
14963
7131
1167
7847
19521
23345
28505
26764
45813
3248
12633
27355
24898
7998
37322
34250
14414
2238
8954
48661
6059
23517
45167
12201
46516
47149
41545
29785
27266
17354
36173
9221
28746
25476
13177
18717
12878
18923
39694
2233
32112
22165
2418
9003
36749
21742
9323
7969
6626
34288
27709
48203
19517
8925
46909
33021
733
30303
43412
15587
31094
48265
13381
37948
34202
45034
8467
32264
44767
12248
9498
19461
35489
6255
36747
30629
41158
41437
5517
3154
7195
45402
21524
44418
38168
13522
2220
20285
32786
21736
26323
10754
42476
19292
698
17669
32812
8500
27206
16711
37730
10288
16345
34324
34125
44147
4200
19854
23371
20220
49758
11612
17499
21314
38093
6659
47134
18824
7525
45036
21695
47532
38394
5201
46464
44127
43783
31214
2064
7667
20932
34882
40626
42941
16602
36916
9755
4863
42529
16648
34204
42639
37731
3563
7327
32156
2194
26723
14397
47403
24475
8857
22581
30206
18737
22773
18650
14641
22336
16476
39641
17651
14802
5552
9269
23881
2691
13403
48992
44453
30671
21403
956
8010
15888
15880
48335
31226
44222
46343
35679
40099
26504
17704
22278
19071
35417
20227
22425
32441
6356
11726
9879
43943
21750
18206
42773
45136
39107
4747
22440
30151
38893
13942
11827
37729
21124
11301
19920
17498
10426
38097
7798
34369
6292
31845
13432
3386
39305
26962
2190
25682
38792
33917
11444
24780
10605
15566
26872
3873
47207
43845
31104
18425
27918
34750
42460
48911
1443
544
11024
26602
45544
18474
13564
24294
22565
46441
798
38240
49093
34930
28981
7959
38381
959
20134
40421
43961
40903
33122
32859
34427
2416
42626
22042
43590
44904
47266
14291
7255
15855
468
35456
35963
30323
15963
34613
6874
1364
7276
21914
5727
29520
41198
26369
26475
36396
35332
22087
45112
26513
47880
41758
10128
28540
29688
42528
16799
49178
19911
16301
27033
42920
45558
44910
24720
17631
1737
41318
47150
28315
4658
13174
12980
23646
1007
5538
30477
26494
8534
21452
25396
13289
6219
19701
42335
17180
41709
8673
6871
12835
47718
15558
1768
17328
45784
8184
8399
11633
34399
39396
14387
10717
38675
17346
10803
15070
47797
16058
38989
48461
35563
26977
15813
23817
33457
23639
28570
6248
7329
20549
19799
15486
39712
21635
2470
13721
17412
7504
46522
24310
24499
8661
37345
4375
48891
21329
28824
47730
48627
48021
837
36528
40635
35109
4210
17553
2465
39265
47937
3627
26973
26756
46718
10357
21167
36119
43945
8525
20355
18315
39941
5819
25584
6114
27083
37339
11488
33080
46453
45176
11672
22027
47814
5254
21392
607
30900
2971
26715
20063
20215
22545
44565
33415
3797
33603
10543
16507
42440
36429
9638
39187
6229
22217
33464
14003
9412
27843
43465
17128
17777
48972
6944
35712
43605
33601
17615
35457
3874
17164
16133
20740
27860
46809
30594
19131
33584
37522
49219
22158
9992
14844
21531
5719
49636
40793
35617
2847
6424
5023
12118
24779
655
40924
33881
19932
19005
23115
22632
47187
26301
26576
44435
43179
29197
2770
18593
27287
49100
31228
47622
48705
14089
20473
8504
40776
13990
2010
46903
10949
44655
41049
42813
28293
36635
41806
5577
46984
9588
15011
1101
27780
7322
4494
40882
49440
45390
21693
48047
1545
24633
18149
48263
11886
39295
32274
40652
10144
48673
37020
22826
4070
16639
35239
17244
15934
42858
37582
21089
32801
12875
15802
41377
4332
25639
35915
29783
21122
36585
6739
28537
30337
41690
30170
5485
26433
28247
28976
7612
23298
32921
4587
32318
5315
9601
30844
33226
4488
32605
11302
26190
47624
15609
40547
28567
45595
39994
46959
9135
19945
5197
4180
15060
28882
21758
8917
31012
20768
25841
21160
35970
11599
46836
10539
48224
28643
34257
29310
12503
23575
56
4527
30048
181
43378
36427
22008
27738
34986
5762
6703
19807
503
10351
9902
20741
7165
43089
20873
37515
33894
23841
12793
30339
19164
6897
37260
20664
1872
26847
1720
3601
43551
41020
17551
32217
3534
41515
42188
1767
21880
17794
32496
5269
28789
46257
12775
41570
14959
17216
26905
26059
33209
28546
44168
35568
27442
34404
10821
46891
8852
12970
35075
19568
1842
11815
23369
19393
23267
13320
47688
2874
30131
28005
7597
4994
22247
36081
49509
27983
4524
40818
8664
44191
19570
112
34097
3859
47157
1533
3915
2561
24348
34538
31915
4780
15795
48456
25683
31470
36090
2954
3236
14614
39934
3152
33754
15548
13084
28026
33099
16093
32252
42174
20629
35847
45442
45532
44955
30482
40752
5245
12345
39378
46324
46259
29089
33342
33718
14806
12467
21912
18213
26467
28262
26376
37924
43648
17162
871
1088
45006
11159
37379
22132
37568
17154
8604
20921
29792
24080
37487
44742
1201
9284
10641
30091
48123
35936
24938
16808
20952
34703
7985
12332
20403
8922
32469
9942
5369
22487
38908
6386
44375
2492
37504
36682
9602
2688
2065
3958
21052
14267
16737
22585
15949
40709
43219
40910
31958
41405
21334
25929
19034
10941
43151
46898
11657
47971
43819
48197
14923
20536
47379
14785
32205
17351
36457
41266
12764
41905
40737
11271
47256
16205
10801
46384
26138
10247
42542
14850
29996
30554
44112
42236
31040
4354
3881
27356
37766
20986
34144
20695
10704
29936
3331
4427
31960
12748
21470
9539
6301
15829
17526
37649
22736
1042
15873
20030
27390
6872
12904
15747
2024
11639
18825
4582
11315
23056
9591
8575
9850
11959
31772
49572
38337
26104
18992
11341
33285
2156
27026
26665
4565
16418
1222
6238
1027
42175
11994
10598
34999
16814
45876
8479
30133
13894
17461
27014
14918
28134
7080
41011
30890
6756
33486
32574
37763
2910
16962
47584
23856
4232
17191
27460
3615
6419
38639
1169
42721
48799
22236
8142
10155
25899
32062
39385
33075
15080
17111
25272
10631
11464
22205
15053
18161
30030
13530
29427
48657
33004
6191
48887
37956
11832
31425
25637
34423
16130
31578
27296
42038
35994
296
4705
27936
30284
1679
43502
39637
24091
23121
48653
28186
27345
9065
44943
16086
45834
25780
30520
14594
19184
3267
22838
42348
42775
12224
41058
32449
1053
12902
29695
32562
16335
41569
27912
46942
22374
14621
10146
22302
26383
37785
16279
49217
1383
7866
7333
588
2566
569
41345
43911
16950
9783
38382
24853
13373
8963
2304
12926
35150
48459
41138
33184
31126
38997
27157
10707
12245
22651
36951
39743
21507
25378
12709
15160
44611
27533
31079
37047
40365
29868
27937
47801
1442
9786
6137
26750
22851
26594
38288
49591
37788
12747
6427
5664
19424
44066
13157
20644
2712
16117
46212
15180
21772
25177
92
40846
18381
9826
6792
31335
29312
21309
33034
28839
9416
17986
13388
49458
6287
23203
28516
32317
14118
31613
37728
3549
15927
4481
23244
21922
25211
13970
32005
10998
33654
13276
44206
20406
16824
14983
32763
11262
42559
48354
49592
28277
20483
32227
45618
29110
20599
39258
6399
43682
43352
1650
11313
34447
34837
1493
39413
25713
37863
10069
28610
35474
22225
47124
12055
8336
17021
47531
37542
23549
2651
45942
40915
18432
32333
35785
28236
7453
13354
9426
18217
32806
5927
15236
43618
28369
18744
46155
42268
1507
37625
32060
44748
3116
16029
27522
30060
25413
23753
47974
34006
5725
22938
47001
45861
38234
23934
10093
45832
6323
16896
460
6129
30278
43746
39330
6796
11970
14004
1908
6930
305
3585
43403
7093
1633
12266
25360
295
5615
26624
2975
5553
36445
35887
27257
31007
26210
28164
48740
8227
41542
17708
26557
3504
19352
49327
46624
37422
5343
4616
26108
15077
30013
24831
44141
13458
2417
12137
41038
26868
31945
8404
37988
38977
32654
1166
20593
44226
20027
29415
22683
5255
43332
38899
34811
29859
37742
4704
29939
27866
5810
44752
39869
20283
32493
24888
39022
22610
10344
49518
19952
6290
28240
45076
5573
5433
3809
41755
21618
21171
49940
10909
6588
26381
31202
7358
12698
35143
6536
23922
24967
45169
22107
13050
5510
19989
33972
13532
28951
47496
42861
8193
15652
39834
10515
32712
176
45185
48819
64
27554
42364
13810
28511
8530
16957
26833
17740
40536
25939
30714
12636
43397
19743
36212
26772
49312
10693
48342
33555
41997
45125
9564
27358
34308
12211
19604
47433
39128
18307
42478
14921
10648
20662
42581
17136
24713
12376
7148
23724
30488
17394
19077
17116
7511
1821
47751
48999
21905
38871
5062
6545
7600
2383
40209
37675
8486
4949
13149
3654
11323
49374
31831
39253
45265
28590
32664
12067
29617
47048
7967
6587
23368
14718
34634
23926
8258
44410
1744
39928
22303
28796
39861
5437
32310
11368
12940
33804
30814
44120
15872
40059
39206
28841
27740
3617
21216
44857
3696
18038
48106
29046
3364
3583
12354
24973
27265
49687
6766
4635
11698
39189
38579
2462
43571
9639
2899
9438
22861
19768
18158
43424
21513
13119
5839
33405
6860
3597
3110
14693
27556
35548
21648
16071
16517
11865
35706
4860
23850
33214
36976
33594
1132
23977
26020
38112
2845
41439
30503
48944
36128
23036
32871
20296
901
46753
46275
31850
13066
5246
41167
42802
45343
48061
31342
705
49503
17228
26671
25522
25877
20590
34164
9
36333
9430
47528
45247
21803
1731
1636
17999
45684
18499
10020
36296
49445
1716
37176
1489
13876
8699
47156
5335
45252
1064
35251
3058
2244
36466
47520
13795
7007
38758
12444
36879
46128
34797
19488
35560
46472
12949
7529
35786
22534
36892
5375
20991
9512
24858
1224
35722
3850
36639
41908
10441
38524
7911
42934
45299
18730
38354
22290
21177
49791
27415
43576
36912
130
26316
13614
19558
12618
33436
17664
5584
47527
23524
18959
3959
47572
2864
40790
14020
24864
43545
39542
17562
44039
11588
42692
49748
45634
41463
3801
5805
13193
37252
28306
23068
7698
39836
24024
31984
6983
20395
18557
10435
26936
43008
2123
18239
26183
27721
6542
49513
35553
6122
32263
31583
33736
40327
12683
42005
9869
49633
31434
4117
9614
9503
16358
13660
31518
7837
15271
2217
13145
19974
6241
38852
28099
36700
29410
33358
18421
23324
18549
4937
23127
18510
9894
28666
35024
15329
3606
42623
24113
33440
1279
1346
33886
4392
37527
14873
47635
28271
3709
1974
43718
7724
20225
7451
23016
6742
5055
28553
12104
22546
49824
18152
36278
3291
2765
42849
39280
15977
27222
46388
33733
13959
21916
208
24380
42884
43042
4446
32311
1265
44057
45048
20210
22673
41393
15835
14625
33613
12806
31714
37420
41183
4751
49210
33348
11800
33119
6704
29346
6280
1164
27635
31763
3246
48889
24386
7729
24426
46111
18105
27814
45383
12883
8766
26528
34701
45131
28469
18375
2660
30081
34131
49066
24486
28113
34408
6420
23388
12964
7718
28928
20454
22289
16190
32807
45469
12386
39345
20891
42394
40887
11088
15115
36151
15783
46050
24314
30010
18102
18774
23667
45371
43550
16800
22530
37831
21025
25585
36817
16379
1828
15120
43997
22241
10369
43959
32081
46465
48309
38009
32657
35095
7582
8357
38318
10383
26428
21486
7266
19676
14002
9155
44280
49470
24235
41599
8451
45489
29474
2579
23839
7966
49276
14221
37301
24292
13004
14879
24751
26413
1807
33353
23391
48579
6434
18869
35389
40320
35854
26996
42229
10530
35598
13414
27680
38179
5634
6810
31818
43941
7216
45985
2789
4176
39430
22480
23378
2110
32561
13647
25662
39180
26478
42612
47273
15692
30868
38303
26915
47850
7345
44838
32520
20795
35539
8386
20021
1882
28883
29103
22579
45314
14001
40610
2443
24482
44664
45220
8140
44593
39954
27229
9425
36854
35507
44233
27011
41713
1014
30428
41237
36938
29552
13484
21664
46291
41969
35667
5751
38251
7606
38765
23640
1581
23134
13796
31055
43623
16006
20497
18625
48216
30444
37159
26094
48195
20171
14555
1886
7848
18983
6598
26871
14425
19191
21973
32241
24806
21166
42150
33915
15853
19408
7950
44024
39849
40596
21078
5685
15631
36778
26675
5595
6883
16688
17127
5003
37624
5830
5472
20145
6293
46491
17495
19678
9600
10751
25190
1920
3854
49749
6718
38772
37421
27408
36482
35395
48790
36095
43309
2663
47179
16267
41775
1851
36733
6263
11044
13425
37473
23958
10315
2338
25735
46282
26766
36127
37188
3023
30390
16502
46031
42251
24871
21204
11684
45126
13223
21358
13324
14498
3290
23266
46841
3892
9729
15552
1155
38593
41611
4449
17712
45311
15163
7510
48207
24697
25061
14442
34693
30280
25304
1843
38296
322
36416
45115
3988
9253
42944
11371
27087
22170
8751
44117
3626
9979
24154
42946
41491
34359
4128
17132
17129
12623
43578
35427
47069
21717
16123
36773
16299
32088
13754
13055
6026
3282
24478
29654
48850
31118
21116
15230
19781
6227
24396
36426
6476
2180
16209
6158
20470
48490
664
34217
22963
39720
4194
3666
16186
15764
45943
25806
15242
8346
12329
26109
43150
3559
28565
31338
23403
45818
45293
49701
24258
11751
8323
38806
29182
32818
49978
44317
22015
15912
40919
32337
40033
49052
22263
21749
28485
44700
8003
2609
30880
15014
35562
16449
43126
30960
17487
13362
19777
30035
47843
22618
1740
27697
15130
6175
31688
40782
41797
19020
2552
44618
29074
42735
38690
37382
27822
25603
26668
31268
23120
45229
19813
20420
10013
20100
16500
43207
35831
38100
26227
17903
49319
5995
45593
487
12053
42864
15745
12985
15975
35437
9887
7817
15836
47982
10866
2536
48698
41182
11244
6403
1835
4015
13165
16832
8567
2247
49555
35590
3019
45389
14865
14626
35111
26246
22998
8025
3017
15469
27715
18141
24365
46925
45815
5004
13695
25049
29449
38574
32917
22586
7537
4148
7575
13891
5562
12666
26201
40759
41679
19305
41595
10006
10494
11983
4371
43308
793
49171
29716
6633
40869
49366
43744
23458
4537
18022
29502
14741
31610
48957
6527
49685
26304
34457
6594
6906
30690
28032
23361
13233
36049
46184
1582
14866
48736
4570
19142
41670
7135
16377
29925
9005
17897
34297
21755
25412
9502
28086
30367
1256
47301
20219
9722
40558
32434
9815
16604
40422
28039
3612
12306
32325
41184
21469
34428
15015
31456
13075
31047
26324
11306
10313
17715
7812
4287
2614
38193
24684
8103
43909
31021
16642
23440
20972
33914
40206
49697
12581
29404
46443
23705
41015
21713
26102
2174
32052
45253
12465
5448
18373
35574
12028
22014
3516
38866
30535
21057
32462
739
21794
40658
49132
1550
28751
24434
32524
22924
23577
45106
35272
16949
11087
38924
7002
7850
49089
7723
15929
23750
44351
38935
46011
22135
22889
47121
37343
7532
40506
8044
23302
20462
11525
48174
12230
41278
47549
38875
41105
16919
43480
31596
24764
31254
33918
12333
8223
43535
12921
7586
46534
22982
23476
20653
47585
44074
12319
16121
3542
15066
17655
7251
36516
36901
11165
26660
30871
37606
26081
47369
21280
41017
35322
6589
25969
29891
5964
3078
44172
44681
5898
14016
30189
18109
11011
35078
49318
5779
5460
23325
32232
36810
8685
46211
2157
2916
21003
43825
27363
12579
18537
16936
40832
36048
24432
31482
29596
15127
20939
2501
42447
11855
37627
31102
15344
36446
41506
24241
9936
36022
16485
43703
21323
15744
37615
36692
10689
46105
10431
7132
26812
3552
1300
39723
24504
27754
3005
32297
20839
7942
30946
16822
7443
8137
946
10523
2311
19519
18719
21502
49879
16764
9021
11708
4743
13299
37601
9910
32581
23271
11138
24631
6959
44382
48905
14315
14754
32123
4591
36668
5706
32126
37441
35510
36485
2829
2776
42809
46125
31556
49355
37709
33588
29691
20321
47759
48018
32211
43600
27995
37412
34449
6776
24734
46576
41078
36563
45482
19497
8414
37555
17848
36209
6144
47109
19069
9310
41029
46575
37318
42422
43325
12645
10289
19876
42578
25006
30376
7546
25473
13933
37203
33735
1399
49484
100
31385
27267
21187
13069
29307
33393
30909
30037
6370
46974
14863
18360
10506
13645
48990
6199
31502
28867
13283
41787
21032
49618
22465
19289
28285
34612
3422
31156
7819
37907
30147
26541
35752
7043
7014
17992
25047
13130
33425
12189
5550
42191
28104
23708
39481
43163
34166
6805
2270
9837
33829
34099
42367
19559
47279
8919
10036
29982
33701
34040
8623
32452
40349
23562
40796
44980
27281
36453
4636
35087
39870
8408
27258
16326
49322
3938
37033
14131
1244
29272
28691
29104
1749
23199
8356
47122
33066
13315
19505
49105
1219
28084
2390
34765
43791
14870
33668
5261
3063
6121
35445
32479
38410
33121
25351
32151
5660
7077
47386
10567
36465
36751
15091
38391
37452
11061
8342
3237
18676
10052
43644
7703
19412
8503
35796
30055
4603
18949
17752
44179
34025
42537
28983
29822
29073
25974
39789
20209
14755
12171
46999
24725
15090
6478
19824
4245
3064
14373
8469
16887
16294
32773
33299
256
8189
42483
27726
5886
33424
17177
41042
20948
9225
40431
49913
2439
47119
35606
34444
14550
34943
1374
23012
38659
39298
29271
46438
17158
31904
16128
35453
37060
39900
30024
1649
3633
10923
32045
20523
23835
18116
19860
2075
22009
25618
36406
37874
45332
29921
26865
27889
17877
7673
49581
28854
7312
10164
13346
8725
18638
23704
7900
41368
33177
42161
34102
18456
39724
9842
2634
12771
23015
14896
3687
35729
20714
25602
18742
30299
8866
48699
49606
38665
8886
33977
5339
18513
19335
30186
39399
16937
35039
42965
37860
5668
8744
37602
34617
33511
7447
18597
6884
12357
29819
4126
5379
3766
5148
5417
28180
32674
38372
7951
21748
35653
27326
11897
42872
43669
31953
11102
43560
31501
45820
8658
30187
6779
21335
49942
31457
41401
12924
48285
23478
24741
12259
21770
45766
13030
36328
22890
21806
6068
24972
12550
23309
162
17672
13135
16489
49779
47302
33645
26270
12033
9449
22453
26391
37346
18834
43861
17523
29133
6042
23240
15702
34641
5853
17639
49124
11014
22156
7098
22566
42095
33959
44954
26607
26052
21367
21310
30064
32183
8267
46188
39993
19534
23569
1505
22976
929
32470
34442
26650
36610
6511
22028
19334
44713
23536
15584
9740
7150
13824
19650
9148
44723
23847
15511
10883
27305
42126
6826
49507
29711
30400
1539
47364
20867
24530
47915
31061
14437
43962
4
23793
6104
30669
37100
28541
24431
12533
11975
32644
11193
24090
30921
26206
49238
13407
9636
16417
39526
2525
14390
15919
4970
2981
46157
35609
49541
23826
26482
33428
34098
551
5300
25130
1682
42203
48688
24592
10176
41376
27794
25857
43896
6084
26980
37486
17649
3856
39920
832
16491
43348
1944
5134
25010
24203
45560
4786
49675
11241
34412
35681
5275
28454
14058
566
28320
14467
45187
8947
3007
8376
18011
36238
23973
24028
48201
23143
3774
45751
38239
19810
436
40189
43491
33814
25370
8196
44751
6692
4373
11733
5891
25296
9670
34044
32107
13788
35627
40357
21539
13052
44537
14655
51
40523
40168
4888
41396
26410
26765
14000
26897
44856
10099
24942
1263
17956
49999
23675
40407
39311
13986
34955
11896
34802
47303
49780
28419
1537
4685
14228
30992
9739
33422
29877
18560
48164
14826
8538
28102
28650
45538
27085
29377
9727
4062
13864
12631
10178
11117
35059
48048
23132
21868
19361
243
19790
49819
5884
23024
33164
38703
12608
46234
17230
22532
30681
13306
28616
44306
44237
37890
15565
25818
27576
11723
10920
22630
47093
8854
3409
18989
37693
42309
25843
29244
19914
25322
27279
5287
18970
7377
11892
47104
22377
47264
2141
28097
49394
41503
15861
49241
11018
45088
34535
47691
7031
28122
27048
18988
48001
4229
47294
32150
43374
13846
46299
14458
35795
27198
40229
32173
30274
35827
990
788
45477
29567
7434
30069
33840
780
46448
34407
33236
8299
4205
14469
23537
21256
3224
43142
35493
12979
7827
24560
21387
14520
26194
25161
25933
49499
16770
46018
35053
38285
33302
23323
4380
45617
28638
25483
47836
42916
14676
26187
34904
18026
23749
27101
45192
30005
44018
8461
30674
39101
45246
44461
9810
35587
38731
44795
16136
31940
29855
41558
21010
41394
1575
30771
16788
30275
46040
36506
3577
40905
31467
19136
12488
31567
12859
44600
21102
22597
47708
15040
49530
2033
5114
31566
32044
6544
30604
41207
30779
36060
30269
23260
44353
40153
21528
23264
26886
16987
41005
30853
9763
91
48223
18232
3760
24397
33535
16596
25509
43601
45722
42508
47914
16911
30653
14324
3091
36577
19863
26245
10525
29820
46701
19031
3192
47900
7988
8106
17371
45523
34674
27076
8546
17701
37673
18284
8240
32552
10438
8069
17331
6898
30143
2025
16090
11564
28668
45450
26799
3102
1906
39487
44785
25717
143
22483
20246
29303
34649
18723
35888
49840
16707
13039
4047
44093
72
23960
32597
45892
31292
24198
18515
40245
6620
4873
42530
21906
45645
4744
42546
17928
29137
32889
14758
3890
28557
16278
10637
18795
30761
3887
16587
45727
42003
31572
4798
16239
16162
8194
43542
4763
6896
18634
13976
9443
1045
21271
41705
4874
44882
49973
32356
36706
19388
40876
32883
21114
20925
13441
31631
43054
13595
2929
12865
44043
30981
24906
15578
13687
26563
20400
20937
30261
5655
9042
45761
38551
17696
46313
37272
20548
17004
11453
43015
21800
18654
48241
36159
8620
12866
45672
14822
6048
41729
8792
4870
7058
12391
16771
25084
3621
17746
28549
19825
31921
15112
22737
5364
7049
49691
35981
913
15827
24332
2069
49015
30956
17101
3203
33821
43951
14162
3620
33247
6870
1667
37847
9757
11063
30957
10091
12569
8300
46642
31569
31001
37951
44924
31394
15418
42105
12284
14538
29000
37149
22954
42022
8863
15766
9106
25490
29154
8415
32966
6877
22612
36915
49916
46756
43985
48345
26535
47789
25567
40853
6526
3743
35418
1398
4896
5875
26742
25831
26970
4095
13835
30940
4305
19637
11027
3777
15935
11934
8329
6275
42497
10927
20794
31875
42863
40983
31143
48029
4740
47819
7776
32621
31957
721
19022
47391
3147
3477
45218
6333
17330
11808
17181
14465
188
13746
13723
4475
1365
7082
4082
48650
33811
6687
44402
35950
27569
36318
38299
30678
8803
33931
12027
19339
44746
19249
41940
37295
14347
13429
37510
5423
1747
25714
2774
12596
17654
15914
47901
22633
46093
6674
40396
16393
48963
39520
25991
31997
49888
34256
29160
47235
2219
7556
34409
2546
17311
6993
39753
15656
6532
23585
21896
27010
6051
7085
15904
2555
33820
27068
36712
23301
43548
26676
49593
17184
31243
18809
693
37189
11421
2641
30870
32820
28176
11669
15141
34942
38625
304
48083
48718
24022
8384
31754
10811
34279
43497
43602
41313
7695
39141
8136
17349
8621
42799
29901
5982
7305
12365
23634
36902
10101
34018
40505
44287
39894
37368
5415
29895
4871
984
42139
28947
29054
23337
169
3226
36052
31673
17807
36404
16263
41901
38187
378
3787
14384
1762
16284
45890
7181
48559
39648
37685
15858
6676
47583
13537
19706
14010
1436
19483
39537
2026
31911
21863
14050
41026
6932
15884
5318
45849
14517
32896
12031
43525
27881
38242
39269
25610
32952
11847
35256
26150
42356
47602
33579
49522
40785
16268
17793
32884
18192
22769
7410
18808
36896
32487
32928
2079
23225
10218
16537
45250
45683
33191
27920
10084
49462
23270
6971
9682
28787
35480
39202
10126
11768
1662
24915
2494
46067
9295
49388
9339
13529
38056
25803
47501
31218
25938
25947
21861
11828
9126
6767
42887
38637
19699
25373
33798
26718
33238
24419
46699
4521
25650
46138
5756
31864
36979
27327
15899
37559
4529
16102
28327
18135
17150
2457
492
20295
24522
36430
18845
42086
21071
41338
30021
16139
10404
48760
43833
49792
23580
49944
49234
19230
2059
43780
43768
23616
40237
5307
34400
8429
6216
1528
48983
36338
17662
395
11692
44740
21046
31959
34637
36449
23769
34668
30575
38937
3673
37218
37622
32193
6079
15039
12154
30003
44005
21987
31016
8237
45262
18932
47849
26157
49056
13110
30790
18860
13716
32680
47327
11874
18623
19454
48607
12269
26472
34727
2603
24891
43910
26056
34094
15004
5826
19470
5896
855
47397
29019
22965
27351
45998
2489
41406
17987
13902
19193
5497
3772
21141
29748
36461
44061
36891
14314
27838
42279
49828
16745
21384
37376
40637
44210
15506
11012
1071
43782
22876
30332
14937
33751
40035
47231
41397
49148
38105
45168
34159
14778
25505
11822
30319
12041
17812
22797
24160
2846
26179
8337
18110
23122
25290
4716
20541
48450
37017
1135
2626
10746
12522
42019
44826
10195
32382
8009
40764
27684
9419
44803
7258
15033
21632
12148
44504
45415
11977
35390
10125
31614
10736
9080
1864
26267
47006
31933
17785
2915
45183
22499
16045
23804
17203
32396
29140
9924
9157
34805
31314
5723
10973
41517
23249
38804
4760
42938
19084
28559
4965
13170
1077
38658
32448
42818
581
20805
49218
13483
36689
39143
48584
36992
6172
9511
45794
19002
4728
36688
2017
44660
24139
6168
28387
5667
8826
3319
40946
14674
34370
24103
42903
55
26132
32590
29414
31103
18851
43903
12121
35263
30519
3313
11850
48589
44138
31878
13689
8143
15104
1212
24902
46154
27827
37521
49689
44894
45467
36268
21796
32729
26849
21923
11535
46851
46623
2914
217
20575
37949
35788
40689
4971
38141
3771
22201
31856
31132
4414
33476
30382
14059
16660
34371
26119
39679
4505
5631
28347
40470
46223
48330
15803
33569
7625
45315
34824
8086
12781
39524
35097
12770
39076
25861
39238
17808
13965
38068
1804
47703
46723
2531
39698
47074
37565
17544
48546
30802
21427
10229
33168
4142
37917
21336
26312
12840
17884
17243
9125
16689
48749
34366
47802
19166
33281
879
340
35341
43379
25093
325
40672
46730
25530
1143
40042
37287
44357
2885
25321
16422
41135
9020
29311
33180
18430
47232
4645
40981
23087
39209
2744
45364
32754
28140
12734
11500
10632
15333
33780
12436
23084
21839
47065
17165
3413
1953
14957
11456
9906
21641
49122
2755
19708
36061
25464
20077
17190
30816
49095
17952
38029
19173
10910
21325
48065
39461
42141
36818
15175
26445
46622
25087
24600
13185
129
28932
24399
28062
15976
12257
24330
40641
40491
27732
9475
17804
22776
9433
13678
5703
29375
38201
2242
33983
5847
47679
29564
34973
16720
15731
13242
25791
19363
8475
11470
39321
12193
25555
8338
27702
30108
19736
24180
8517
32538
40003
16992
32208
21884
29426
15019
44272
39432
19181
19186
31123
43009
222
19847
1420
6863
18018
10980
17209
25314
37803
4152
23776
18915
23974
46417
33605
13983
2481
2980
3912
21049
108
35287
27063
20248
14265
37787
40056
1998
42301
23362
28159
5359
39623
11782
43060
4144
49744
3427
37000
13584
22896
42293
43966
14178
14820
13168
44735
46816
32278
38617
42449
4455
12610
19044
34531
8208
29837
32137
1127
27665
6223
34107
24450
46834
48011
13840
19765
15849
7123
36026
7280
6497
35726
14375
41046
40963
7279
49665
29126
32226
28242
43050
3980
20531
22596
18936
12015
47138
48143
32535
28382
47076
32612
19682
4113
14876
16511
13375
13543
16816
976
1834
23682
30786
19864
11862
22179
20170
38435
47858
42390
36293
12253
41877
12110
32810
12684
11949
46283
46935
12417
34215
49007
46826
46446
3066
785
22636
16039
1972
980
16183
44434
41532
48198
10188
35629
32736
7663
18618
1213
11052
5199
30234
40535
13937
13465
14385
24949
35564
11637
4885
22264
30449
31842
8771
27764
10924
41109
7348
33769
30292
27242
2928
16202
18358
25549
37361
12247
49094
2476
38619
41461
37305
7151
11980
20140
6109
37592
20936
17402
46000
15432
46304
7721
19712
11786
32380
29165
17604
6601
32734
30824
43617
25081
24616
23246
21625
23457
34363
3251
3157
7178
12828
14294
8070
3472
12768
49214
30448
24563
34632
38894
43075
14733
45987
31594
10508
2652
2672
32617
43475
20785
7024
36626
7486
48601
14399
15669
34128
39021
40926
37551
9141
10847
37733
34210
18423
35696
20412
10667
41131
40390
36708
29950
18705
48161
17534
26923
9787
23213
45027
13642
12403
13897
15605
22712
44605
40756
38749
46913
44025
44757
34498
42917
31907
20111
22730
15951
18349
17398
33149
5749
24659
43540
21536
25400
36343
24200
7786
10444
46427
7103
21126
38374
28939
14557
30413
17364
457
12532
3270
18724
12506
49261
3068
12061
23743
26435
3698
6094
14947
7036
48193
25096
45900
3263
38439
25316
5109
3739
43255
18805
22216
45448
16194
6243
7711
43592
38012
32530
11355
45012
34842
34741
33372
45792
7284
17727
33773
45767
36230
49113
8589
9574
10331
32671
32577
35421
45485
2722
44781
32473
15038
15800
23822
2739
10192
3149
15485
34267
41236
3361
9746
34451
15385
29259
40462
11745
27373
20062
37679
4823
15320
37015
2167
10264
20825
40275
38608
30327
38386
38695
49706
23418
30436
596
21761
49004
12945
10187
49370
35386
42832
41441
29447
25479
39454
48569
28897
27477
37133
29798
6309
12314
27167
44474
18484
22304
35269
4869
31391
39200
16515
26182
48998
28917
3586
7883
6962
13366
16032
23971
45933
42205
38040
43521
19206
44064
12961
45886
40669
47515
37856
20526
7502
18893
27439
44844
37462
35022
44007
11552
16923
42689
42392
11842
21660
49329
43799
46163
39803
31975
3708
45565
26202
20892
45803
41285
19365
35353
33637
1311
18183
34872
25888
29667
38803
47424
30796
36937
30094
17099
9089
9988
3223
24983
47321
8679
37193
17973
47375
1139
24953
898
41150
26877
22907
22820
43872
1955
19468
38018
3898
12653
5195
24095
22992
26722
36115
27676
46673
31294
845
16415
2647
49554
33776
8848
41992
38156
23763
1220
5695
15683
49161
21754
40072
41010
7733
43520
3138
47661
11032
23097
15287
4398
33258
40089
14238
31627
43262
25606
17393
21277
45104
34867
49250
33678
31036
26584
29476
15973
16999
33
44981
8734
163
45020
25588
23728
30453
49965
5182
44359
15573
29587
27955
22363
30970
21362
28295
40002
41054
35479
38130
45016
32376
2370
28738
29485
15646
36786
36936
9598
29277
25054
3846
8339
35610
7248
41942
41736
2016
34734
12470
30887
15263
12792
7265
12384
26127
8735
43223
5648
49759
41735
29680
10284
33759
3678
30216
7419
9399
47106
22118
27473
2816
19628
13628
15787
43138
28181
28679
13263
30478
35618
5922
19055
3079
46252
6786
7715
15903
22435
30631
11946
19196
46957
39473
16365
3986
34011
21247
6304
15913
19343
7240
41601
32036
31804
46397
10151
44046
47571
31682
24394
30877
25728
19338
41305
46321
41715
16943
46002
2956
32804
12842
6111
19723
32166
43990
45526
21653
46173
16828
28225
44031
31222
12236
13733
49040
28801
19486
45806
6472
16811
16960
9154
10496
42169
36432
29843
32912
46379
17597
33308
47782
13094
41241
33509
37587
38316
10982
42113
35199
38238
9567
13097
8054
35098
40004
45196
44549
10816
10639
21475
16810
12884
17282
47315
19681
1570
36897
13552
25579
45713
39509
35012
16231
43413
49815
35169
13034
27631
11392
7958
43280
47027
21297
31428
18905
18460
42241
44529
27043
18035
7027
9607
23982
15334
27461
4752
6578
27464
15191
31227
48716
672
12009
20869
27694
21081
25844
46683
40007
5139
14698
36284
48895
30619
38399
24819
43319
14184
13739
7045
19763
2373
10116
35368
20882
6784
14516
27347
27338
8075
18849
413
34270
46669
16574
2275
24168
26964
7906
35748
11396
2571
1632
19083
39534
36499
12547
14907
26022
36017
21919
1216
3201
26547
4988
38498
31147
5620
5356
33071
43481
25668
10564
7495
4784
22335
40791
46045
38722
47612
10996
21390
3130
31134
39970
41320
41265
23539
8421
44162
48385
5443
8713
23920
16982
11912
46367
31146
40239
4480
29489
32635
36513
23731
21315
39828
5488
15167
13016
24063
16505
21015
15232
2245
29283
4048
2646
5029
26319
8828
10719
35367
38428
20431
30101
31917
25368
48086
17761
12443
22704
46840
4724
6543
30739
46150
27294
15084
5198
5965
33435
18711
40698
16083
12096
40929
19832
34525
28211
14167
31054
45536
23535
28633
5600
14338
44342
5096
46395
6923
18575
47416
42948
32346
11010
22901
26279
19420
37466
9346
36005
49256
10115
36024
12544
41770
562
46326
7212
48104
9033
11924
115
16676
35080
24163
13428
24277
45682
44949
5189
41824
8235
6677
46643
38755
1874
7553
6699
39693
46437
10228
21619
27453
42921
27723
11580
33822
10061
24956
30630
18821
46362
43583
11211
17471
15990
12173
42400
41186
35811
12801
4713
4694
31091
45543
40471
39301
19171
23022
10390
41007
29090
25926
11065
1967
48540
35902
32363
45434
40573
36369
6368
1992
36525
3805
8312
39089
22178
35790
21020
1689
30043
21656
26240
37411
40518
9338
13436
36895
38058
26850
13207
11903
30596
7211
26289
38419
41001
29756
45256
42929
6519
38554
37739
31208
5196
5436
19647
22678
12585
29268
42283
18095
7217
24708
7417
9516
472
43221
2597
37913
48237
20697
49830
367
20540
3551
4859
49787
44559
39088
21626
39034
39650
16142
11381
7427
49955
42225
33114
24767
30833
10935
10931
21104
3553
45796
39594
13745
2204
29374
15882
2563
37270
2414
46736
22620
12838
38784
21992
3211
5419
26825
13609
20880
18093
23389
37759
44867
11423
48748
1340
33581
20378
3295
23123
11991
17813
16925
16440
9469
2388
41896
23661
49490
43222
7755
46881
38539
19639
49137
44824
9806
42043
15198
13292
10911
30105
4184
36709
17468
11001
43338
993
13626
15645
14686
33167
6377
3307
20559
14473
40062
46392
39707
27927
21113
6978
27094
10685
11106
41422
8155
36156
35899
13384
15372
4258
25824
2812
38923
26321
48379
39120
47154
40186
9259
35360
17488
22705
10391
15437
18458
8477
46298
37374
25099
36636
17905
40070
17391
39962
7863
26151
43558
27406
15727
2289
13659
31696
39984
4512
41212
36608
38775
45629
48701
15997
17663
41180
48862
34237
22533
23703
2794
47462
18564
44972
25613
23707
15009
47322
17608
16065
29118
47046
44630
48513
30168
34905
38258
6335
40971
27029
49793
37071
44296
38495
20479
39086
26835
42801
26558
44558
8028
6461
48004
38464
31986
48853
18477
47064
7183
30522
247
39492
15131
20504
31623
22710
24403
37623
41807
39398
11469
49138
19008
43252
12573
20037
30647
45963
1585
437
5366
8670
14192
9049
8873
197
13150
25781
21876
28701
40433
18941
31063
16230
25536
28683
29951
29402
32690
47160
26818
10066
21552
38545
48882
9487
6014
48552
21545
25057
29345
30387
17312
25136
36144
18929
6735
5699
31931
42676
11417
47643
33790
13767
30494
13184
1323
30939
47333
8062
3388
37247
5377
21833
44789
32378
17003
25988
37332
49334
30663
5130
41971
49014
39359
30697
31029
6973
29512
40956
36714
8727
18509
40251
12076
42199
28243
47435
32468
44309
19837
43285
25667
19510
12330
23023
31656
19668
1031
43668
41867
8498
10345
36586
22928
11772
33967
13204
26451
11881
23285
41346
3090
39859
14207
47649
777
8029
40012
9570
49102
11154
32147
32898
4439
29060
6340
41240
43509
46704
18286
9554
48261
16168
49380
4450
43159
44647
371
19068
43492
22834
25740
31564
14203
29
32133
29481
14952
20973
37007
48215
8631
36311
17555
18245
1841
7690
3033
9560
221
12461
26044
26904
10991
1802
8788
27677
43817
19677
9552
24964
32705
11871
18385
6119
2231
30767
31136
31971
23480
40516
37381
21857
19389
877
33602
47253
28900
5237
37229
36011
45310
7356
106
34467
2355
30142
41248
4819
45143
30950
17963
18933
40308
39137
2101
2164
20912
15295
41661
35331
39536
23019
48152
49810
26511
47886
9496
30422
9521
24238
48873
34807
3974
22161
34446
28117
29439
45633
424
43154
20222
3795
42911
33795
2605
2314
25270
30198
30026
29526
20196
3148
42089
8787
12971
30023
44044
2057
49453
8150
4679
45969
37605
36240
45765
5734
41526
13109
40980
7843
41233
26530
4623
48937
12661
43673
15972
11309
34211
49621
42289
37024
47129
42643
48997
42523
8890
2139
31240
25878
34187
12251
49154
17256
17400
9383
45957
14183
10174
34276
28750
43568
13523
40753
38065
32494
27657
32507
36802
33275
36582
43803
23165
11436
38404
40885
34721
33196
18996
36603
37902
39389
4599
15357
29861
8555
10794
28741
40254
43155
7155
32779
23278
4796
37719
30805
8576
15932
35895
40690
32167
23710
7113
29765
20223
6233
5581
17131
12183
12862
26928
49112
24166
48838
4674
1160
3902
23665
8305
11188
10703
25593
8369
18300
6470
45452
27112
47128
20230
25289
17000
32054
38738
7140
24851
7623
37896
17515
8459
19804
49279
14593
28805
29739
26881
516
20190
41032
11203
17428
45701
21505
28677
10381
24587
22906
14186
28869
15107
11284
46085
42155
22655
31090
37723
31320
31740
20316
25664
40694
8957
38604
38418
29708
6001
49742
42014
31700
6140
9138
31336
1761
49628
15780
33060
33416
16875
9364
23182
467
6505
28568
3207
6016
48329
38078
2669
32927
39557
524
5613
8851
8264
13850
11002
33724
5656
37642
33714
8820
13194
19088
29569
16530
22523
6708
6976
3460
16890
13134
49932
43659
19174
24194
9369
81
86
49018
32251
43446
10551
7720
11202
21788
37395
12588
44128
4534
14965
48686
43840
48350
45835
19251
25611
22451
44107
23508
32864
39998
34089
46348
11223
8449
43603
29412
7523
12108
32863
40632
71
17126
40292
8125
34745
6550
30633
20071
17479
17207
8403
6437
15299
39032
7910
1769
5291
7738
46778
3899
31847
16054
46136
3610
42240
40716
37804
22180
42991
25409
34045
45014
31983
20061
29328
484
7477
102
46345
33297
19502
47606
3209
14132
14317
16089
36420
23571
46047
21183
46734
34920
9067
48746
7476
40775
12871
34494
28968
2488
2772
21567
44114
29565
33445
44513
23189
45759
10572
33187
31171
25430
48024
2450
31396
24664
27317
32121
11078
35088
8874
2567
10159
33817
12761
9550
25178
41872
268
19175
14821
47685
17783
42085
7136
3822
26889
43687
4936
25589
16292
24571
9743
9210
16141
47896
7955
48334
14739
30123
32071
16356
38632
1527
42272
5980
6485
6038
43389
12849
3499
21517
6806
44595
19934
20050
41359
14663
35830
34485
1796
30082
25065
14156
17008
38736
18835
31309
16100
38743
33845
33173
38676
6498
19280
43204
1028
49510
32034
21686
41322
21215
21689
20274
23522
33018
29120
29527
47818
12578
935
39177
30707
46613
11908
5272
17583
33294
10674
16806
13975
3241
35824
18728
49467
38526
32289
44390
45648
20065
14475
8444
44109
33400
38221
36208
23712
11385
19368
26080
20049
41504
11783
10762
43587
4310
18589
26914
16106
45162
11736
2284
49323
28876
17634
772
32161
35735
10938
7979
8371
37359
25433
25692
21817
23227
43167
43145
4058
17589
36545
22846
41391
33272
13925
21194
8842
9217
5574
734
49851
43495
15234
10749
16885
19059
10009
8655
1887
12075
16237
37546
18495
37158
10181
11265
48945
28578
31219
48181
887
41881
49595
34860
36816
20690
2230
33129
19219
40996
26089
30560
47045
19718
23226
20023
14888
15533
27908
29636
12414
22945
40211
24975
46428
22471
11759
7262
46758
26408
32814
24329
49346
33937
30758
9952
45074
756
40478
41203
39559
9081
38995
37812
12020
42567
46246
3517
2689
1173
11595
15593
47153
35122
8362
23528
4363
363
20917
39475
1032
44920
33183
29747
7598
33528
37583
36581
36179
40177
20533
49866
12084
3415
31761
39164
29906
20897
39647
10447
10568
48412
16562
21756
29731
4119
6345
12858
43565
6794
19398
6169
23330
42786
41728
10295
41676
43486
34996
3105
45009
37694
33973
8073
10370
39063
10448
27091
5376
26612
23275
39656
43306
48141
43512
31462
37214
2752
47844
48365
25401
10892
25319
17554
22016
46887
28115
41489
39082
8425
7995
34633
44569
5544
15719
44104
36231
48585
1370
12264
21011
15116
16894
7736
18919
44694
45061
41247
15834
35259
21853
25369
1939
48303
39501
26366
19909
12948
35438
43307
9803
8170
14749
17977
12823
25601
7315
13821
36077
13898
25299
48979
9045
29243
29702
1267
36256
46910
21692
33349
18998
48814
21051
40029
14334
32919
26879
46
31213
3645
13834
18872
47961
19016
15396
40395
40751
8888
28688
22144
24006
34884
39221
41560
40676
8689
41127
16076
19530
28310
26426
49996
11152
3454
29224
34757
17313
28936
37935
28279
25
39622
20310
47262
46899
46271
33707
15427
48692
32198
35351
15164
31785
30710
8412
11272
18353
30019
24609
13922
29611
23698
9185
28168
46434
41831
4473
49274
10742
9505
34965
39271
39572
7725
27815
37783
27207
9580
5491
45193
33467
12302
29797
46267
28161
4214
13991
37476
3682
7877
6566
41502
25318
17439
28515
44177
36484
18397
47228
17818
40497
27716
23898
37
7228
33301
34070
8578
17778
19066
31433
29044
49681
13500
15145
42657
6278
15768
18267
47280
46798
33907
39982
27467
12427
21338
43362
17797
5533
25525
48406
38702
27404
4289
29561
27375
23779
25580
43982
26755
46063
36609
48125
23607
3057
42355
49296
14422
2391
18139
15502
48148
34462
46940
25722
26543
7751
22810
11812
43552
22385
11142
4909
38282
4517
43447
7143
5126
44493
7347
12950
35123
547
34559
31415
11363
27314
23486
35428
8634
5801
42076
5647
20582
10603
14137
45687
36019
49704
23447
7779
23848
16458
42758
48480
4978
1005
37039
9985
36008
27647
46119
12626
25687
39592
29035
7622
25896
24969
16579
48587
47833
8318
46626
20606
45997
44979
16113
1233
30917
35780
36123
29108
6270
32381
2930
3474
48784
2447
14082
3111
12337
45738
44250
40055
2401
673
23220
29994
49971
45563
18347
13065
49956
48059
45028
41051
10040
10010
2134
20036
10562
14530
12150
1004
21571
21569
40014
31170
10059
10290
19445
36993
16498
48387
10012
23700
4339
32877
47768
11460
15987
41567
3906
24191
20646
37736
4806
32658
35412
24322
14069
1330
27371
48841
27964
2773
23073
15948
12085
11379
20255
18024
9832
29642
19926
3539
27183
44377
19904
20477
46328
4809
3109
17155
43243
33198
11086
47636
4109
28844
40106
46772
39525
2264
38843
31463
41072
14579
32091
25821
5151
13764
22995
8031
36963
30052
38687
1989
24215
47988
48035
680
17147
24320
39925
24067
14945
49239
32163
1242
38454
42329
34287
27253
44862
30648
29773
29376
40158
7256
9279
26045
29266
33311
28705
24850
40543
22206
37380
47512
1412
34206
31910
33746
7270
12471
44261
35371
1295
18583
31152
13015
3476
15026
26308
43301
35399
16959
30306
29635
31455
42398
32220
33048
21795
43436
44687
14330
10049
31087
20206
31639
3089
9529
38717
48020
40908
36260
44903
14068
4511
40805
45785
26663
43464
12049
16659
10261
14430
37398
43716
29779
14931
23268
38475
634
27786
26318
12276
11252
44134
15961
17940
30405
23004
12152
24338
31748
31854
41671
24005
28916
14682
34332
23762
26041
34794
18832
22791
48092
34658
18838
25963
33539
45893
30214
18863
3783
47178
48457
25340
2695
14419
49991
4186
35983
23788
26860
26696
45368
46376
4122
13924
21224
33947
1284
29816
31833
48947
28193
24822
30282
37312
18688
44717
19404
34178
2367
17788
27547
37513
42807
24
25486
1907
38609
12809
25458
10708
35595
13064
27374
22256
1110
17816
9133
7167
35513
46896
46057
46670
27610
27342
14353
14891
30831
23584
374
36102
17060
38096
28483
28401
20828
36831
31973
33055
16679
49492
21105
47917
145
47469
11231
34403
11170
26939
18886
20081
4367
42300
41287
21447
20421
49282
4867
11059
4769
38330
8753
31883
28422
15240
39162
37992
557
38605
7423
7474
7287
33533
5409
9711
15704
23054
36649
25231
29056
33653
29378
18201
49460
31034
15794
39146
24593
32837
4903
44578
10173
1619
45920
17576
41961
47254
22063
43224
49720
43606
24681
6166
28771
1686
677
19836
19421
48126
34168
34673
3982
9825
21577
44541
3456
18853
15536
5651
20655
18389
8420
9058
4100
37049
27675
21261
8455
24466
17906
35942
30402
49502
31443
37393
8529
37249
48139
37667
12894
1580
12213
48877
24070
35288
40792
23830
28028
12310
14991
26436
30065
37467
27428
25097
42651
43119
20102
6331
32239
21038
21202
33599
45774
45352
16578
43365
23987
6823
9997
44002
31481
30866
3233
34053
932
32292
111
36755
44728
25770
14762
12404
46420
14930
29064
21395
38559
20604
49607
33945
34291
16930
23289
14982
18017
36507
40476
21873
38927
40459
43445
21681
5274
18251
36358
14235
24857
24219
6706
21068
46456
44180
10087
13430
30336
47538
8740
42358
47747
32766
41667
29854
25280
36929
23373
27574
44711
27488
12508
13829
26454
35689
42650
5158
1946
4719
4556
7861
22348
14351
29080
22040
14661
37067
12668
27845
36782
11501
2917
12130
9530
15544
5393
39922
57
4156
13960
4341
32793
44040
46919
41783
41562
45747
12637
21554
5014
4023
135
17187
31882
48370
46336
31244
21184
41617
23090
33770
2865
22844
29238
47682
35787
27583
21765
28524
5355
24549
43078
17322
6849
28599
47010
29450
12434
2215
13747
11574
32271
10804
40634
8984
9063
32393
47398
23454
29354
45824
26629
46651
17182
33949
13641
5555
26219
12583
9083
39458
23507
37604
18103
48142
47202
34583
16867
10191
41932
31018
30039
42727
5743
6504
48691
5829
34226
39867
43111
41565
33767
11902
45781
6745
6
48774
38511
21995
31718
40362
36967
13514
4815
40418
48930
34980
2474
23862
25244
12244
30590
5558
1362
13182
34500
34046
3468
15759
14605
15601
35599
27341
31584
37083
14239
48966
12492
49610
44947
44378
25467
3997
25088
4968
18322
43726
41159
39709
25774
42996
45979
17623
3843
46080
38711
48315
5905
6249
20842
13037
10019
49711
49903
45374
2576
16638
42637
32055
366
5837
33103
43368
28328
42668
3952
45219
26432
17694
29176
37440
3656
9582
26163
8476
11676
27145
36189
28542
24818
42848
427
37616
48305
3069
40498
10663
46954
35281
44778
7244
30963
45475
39286
36622
3948
2783
27298
4660
5227
29751
41231
3165
3995
5103
39570
40667
38613
29185
19201
2153
9556
5344
40770
44181
49381
43361
35984
5183
18345
32568
22800
38036
20633
44195
20425
20630
1812
8937
30259
22089
45116
12089
8794
32677
35321
2173
9090
48737
42691
37918
45456
47383
17540
3403
37538
803
46091
48845
41520
31387
6426
42789
13909
45128
25561
17059
23980
40082
15979
28641
12639
45286
3187
47445
26874
46032
11621
40318
7712
4185
30837
28212
2413
2035
49575
25654
46632
39580
794
40439
33696
30083
22342
43965
29911
8543
10955
34672
7273
4681
20348
79
36594
30078
35649
13398
48066
24339
34880
41219
36288
9116
27980
11523
6289
1865
7242
37185
29057
44292
43609
48110
38757
11296
30122
33145
46061
48720
30222
25773
8993
28192
33708
26885
30727
40923
4223
10964
36885
45731
4000
39319
21283
48276
38422
10832
2893
47705
6996
36346
28138
45291
36104
37539
16354
41300
30437
8950
3519
48883
11728
2129
35844
31474
20350
27027
11666
12704
11673
4440
35763
11031
4233
15945
8712
3013
31141
33832
34382
26054
30097
13885
29563
27897
40235
32876
25704
22538
16409
17678
5133
36997
1275
29553
13744
6840
6623
39483
24955
44130
31337
13794
48904
21688
12982
47965
48400
28810
2308
14849
15323
20929
46763
10976
27197
1379
49874
35102
44607
2685
12063
29351
15916
35365
23534
23768
12603
14659
28850
44248
11216
44626
9363
6517
6409
37341
29516
39441
41722
25228
38918
31841
6499
33542
35616
1695
14830
18169
21879
35893
24034
48523
42378
26506
39733
2747
36572
5059
19875
49798
18726
12094
25652
40416
45862
23799
6907
2645
2293
12595
42793
14603
18665
34209
6597
42443
8265
5917
29058
22940
48351
22873
30351
43132
23416
34677
3886
48225
31297
8635
19114
47539
14452
9055
24021
45585
1067
26297
42032
25835
23886
7214
35832
38284
30602
25311
12742
2613
37478
46038
14072
11155
29287
9912
24372
46499
9480
25629
6444
13448
2804
20534
25849
8513
42591
22881
12006
8226
20240
6581
29817
34265
6717
30423
4850
7159
9958
39878
28986
33744
1439
2052
8528
33828
45039
43441
15968
43467
7917
39511
7908
3008
42492
33235
5470
21175
31587
35359
22527
14591
23106
14543
34238
40258
27389
38891
40728
38416
47864
44476
34568
1881
22943
37068
30720
20998
9586
22127
36164
37936
23334
9305
13722
14807
11913
25375
15397
20253
3851
6886
26711
20013
2826
40006
18129
1013
34945
42346
12808
8628
13474
17064
34891
12131
49752
30491
15612
37445
8849
34326
25025
8846
10274
26934
22
6091
5410
13345
26574
6329
9172
41510
8660
43359
4169
10414
45833
40618
16012
39213
10528
6833
46625
47385
16877
15515
8245
11747
24162
15042
18108
38913
237
17527
49338
48940
37611
14486
40473
39903
23170
28060
16463
5710
19229
3436
3086
18478
29440
10864
37484
37144
13092
7593
23370
25302
23935
30645
18014
5263
41699
34685
19513
47570
37065
32846
13525
48293
36300
29469
45382
36702
27562
44892
6678
4267
19042
16424
47190
35833
8209
18190
8688
37303
1654
4788
35755
7728
22707
5935
30509
39948
28757
13296
46536
24018
34252
12861
45163
8761
28434
28194
42723
30125
22068
22048
33205
49375
1844
31702
27476
16891
41651
13444
48159
44938
10896
17370
7513
36424
33934
12511
42554
13561
10124
38565
38385
43944
14036
42271
29050
2295
31257
26957
25149
30446
28671
3858
32037
36006
26893
5117
23996
47326
30695
18807
24839
2819
32
19929
31503
40668
7395
21242
36717
37995
35871
28479
34433
17163
40162
11345
28297
29947
43809
25202
43117
15984
16481
14944
25239
13103
32755
2919
27758
42371
47547
32824
4068
5885
30634
42992
19862
37619
45051
30898
48114
10999
34951
8297
22605
37674
1553
19776
48938
18496
45578
36056
45289
48897
46819
5989
13053
12628
49412
1404
43852
34392
18444
9223
38145
14651
23089
3257
14081
41935
1250
6164
3782
42103
4653
20522
3195
37750
12195
22356
16630
20876
17069
42850
48502
7160
5930
36774
12038
29821
15991
26508
32404
48713
21532
22390
39459
9823
773
40213
8202
32963
7767
4762
27563
17266
16716
3322
26919
35581
45547
2876
42762
7378
9546
26257
37431
36192
24717
43496
5526
39246
32528
39341
41043
32101
22763
21667
22391
39901
5402
26984
36691
7480
43004
19487
34524
22590
13692
37186
25990
522
41649
23944
14444
3006
35193
31181
44078
49188
27337
33940
27434
1310
21904
21594
31050
31232
15336
34924
31694
20851
13020
12139
28019
41288
46882
15224
1261
7658
20684
1595
26147
21144
36263
48578
26780
6035
32079
7662
7130
46521
34510
12882
4912
1322
22733
11247
31892
30717
28874
7440
48232
16895
39972
6515
19940
2683
43363
9053
16380
23725
1968
22696
5049
8678
27968
3480
25879
29416
27110
26987
13674
48124
48236
15879
44016
16497
24564
39333
29622
35178
35953
16812
2186
47733
23483
14705
42575
842
9265
37557
1107
8629
5418
7461
35466
34875
20313
44075
21212
41445
14096
19687
46181
21472
38431
1875
27066
26698
9382
27117
41987
33657
30822
31238
13393
20622
21910
14154
24982
34406
34573
41291
4921
14996
33332
46361
25614
17238
2785
13363
12740
18854
45333
2778
49417
48196
34034
5564
22470
44544
48982
4382
23602
23386
25011
44865
35381
33292
47184
20501
25070
1949
49120
25672
12207
1117
11703
39681
48037
6650
39168
7094
3744
39329
12072
27816
13805
48449
3229
35546
3972
41143
49429
13877
33877
30755
30562
41891
35194
23290
4063
13756
42145
1983
14012
2622
47986
19826
23387
40468
46633
541
21769
32737
46170
46371
32407
9277
6208
24177
29387
24204
47820
16548
19235
2062
23854
13719
31526
32826
36759
49391
149
19711
37892
41303
6315
11722
14153
13683
7362
47580
47737
42536
35799
32505
17695
45002
26531
9631
10002
39926
34454
47817
43439
16119
49658
42149
10163
19782
37142
35800
35904
14892
24976
24418
21663
13147
32218
26801
24941
10936
17836
1898
12056
28407
46586
13322
232
43322
27687
41893
31412
22019
48346
36847
5604
6938
44396
31752
33383
46083
24421
29371
44495
25867
3366
11467
39845
23873
45546
26254
15730
1668
20736
6422
13817
32935
14031
39819
44907
40361
10818
11528
46506
24510
1491
24474
35636
27654
24814
13636
22249
15675
5628
45686
21541
35103
13634
37643
31767
16013
4489
30487
21646
46907
3969
29247
1966
44836
36807
34387
28294
1018
21125
34599
27493
19577
8027
45417
39276
19405
29598
45586
45317
7547
18342
30460
12721
18012
24936
11777
33470
15602
6117
36794
39562
32367
34542
49199
40744
43935
16242
4073
11891
24270
21903
16706
40287
39224
11015
21723
23686
49344
31364
21614
3495
42774
8250
17823
3159
35255
48902
18314
22892
46564
9358
43047
11810
10004
21070
27615
45646
19935
16053
28665
14134
21407
20303
23501
24567
8042
48687
41066
30849
25219
19262
29752
1520
22108
14479
29867
40198
31839
13668
27707
2961
31164
36959
18051
27036
9532
34845
9008
26302
11683
39896
17086
38022
25864
32009
2807
49696
34555
9091
30238
9612
38452
19317
32749
49972
7298
6480
9668
46752
6415
44936
3778
12758
103
28000
23152
2125
27824
32798
4206
26048
42590
43715
39043
42485
14692
1348
20019
6882
30683
28781
49947
40323
25628
10393
14180
17197
41065
42459
2834
23624
36962
26419
17373
18194
5386
24805
38683
21058
4164
19709
38849
38885
12780
9357
31678
34062
44311
13694
39766
5633
28157
2990
31062
20451
17110
36015
10335
31125
21462
29169
8411
7880
34203
45054
11803
11386
10051
43260
47399
42469
36309
4754
18632
1822
46726
40253
43129
19475
34941
49021
38154
33635
25949
17926
30639
10340
7038
27839
10031
32299
30250
19140
47044
3648
12458
47373
7584
19410
934
34385
15142
13652
2087
48750
13524
4700
3234
38456
17366
27625
48617
23233
33248
2665
30002
6479
3162
8241
32347
2018
6454
37187
44312
38975
8700
43165
21562
5956
40178
1535
4959
28927
27047
16397
23990
10599
32197
42838
46906
40813
36342
12233
46515
27531
20863
41692
5541
29827
46924
30314
39632
12494
48473
45137
9237
42432
2879
8981
16844
11497
48097
26979
10846
24075
1459
38783
896
4799
36341
29228
35240
5907
19346
12649
47282
22147
30270
23487
12994
38363
41691
23342
44099
4024
16254
40534
30475
44052
21965
23479
26553
4430
33217
30500
43663
39314
45161
3342
20337
14934
45776
22551
38599
20757
7509
22897
46487
14914
28389
16787
31129
48619
44876
2292
18052
47857
44051
12360
25038
10874
43977
461
24971
5563
35222
39024
23425
46967
7735
49407
36428
24838
31302
35561
22084
4460
42332
14441
1997
38476
38925
41858
30266
15653
7405
48074
27412
34247
21411
47543
25350
12099
43136
22663
36579
3222
27365
17954
1694
19260
14565
4336
5967
49301
35467
38376
27915
36175
11029
1184
884
17755
7231
11802
36766
16208
43199
42716
23809
37827
32903
33600
16795
39837
19894
39835
19747
20616
22792
10079
10888
46559
20176
46347
9528
30730
31182
5919
42324
11433
1352
37262
6332
36443
26373
48156
48734
1878
44517
20452
40484
10398
7208
40154
20278
2564
23415
4425
8825
46220
12805
8759
11185
43685
12711
42726
11373
2635
9931
31888
17864
17183
1305
18159
30907
39058
4222
37823
22848
45075
4924
3755
9751
13582
48405
47040
34101
10057
44329
38191
26684
49185
1778
47949
47638
9481
38028
25604
43339
37957
47466
11008
46609
10792
15499
36667
14767
16396
2389
17255
49359
22192
1302
38208
5721
18127
42704
47626
6894
21630
36543
35212
26524
39205
20738
34456
28438
45090
28326
26477
49037
25345
29853
17809
46389
44852
16616
25338
22239
45273
11221
21637
36920
20436
40899
7535
29846
33443
40914
43341
3336
39800
18195
35499
46480
47080
8489
42305
10148
24690
30874
18710
9456
47800
45858
23622
41350
24927
44079
8182
545
39415
13658
26913
1521
31887
12680
4834
6082
11318
5883
22749
40730
37021
11775
30349
10709
29700
38119
41522
40169
38189
5623
4510
34161
32713
34862
21986
41162
6522
34585
24427
20312
46581
38598
35639
44072
35297
24382
26916
45481
2090
27900
14782
30018
47487
12138
25397
39451
4108
46300
38080
20042
12549
49482
45702
34228
20482
21729
410
23161
25444
34849
25109
20428
42331
22376
29364
8206
32640
43789
34142
12216
46667
46162
41657
11356
31796
17130
48108
1355
10626
580
27006
19828
8472
30272
14760
34800
14953
26429
13732
18659
32015
2661
9495
17528
