38273
34825
34580
33636
24218
43236
29711
24736
48068
22968
46968
21174
18490
22162
10433
13183
37754
40083
29374
7424
31284
27969
28770
44677
37297
16821
4965
43607
18788
5710
35162
2576
10304
16791
27422
34054
20731
29450
44892
38137
33611
28407
16354
36012
33752
32200
20927
17202
2901
8214
17302
5326
34932
192
32801
23832
14725
48614
43762
4708
47044
15527
513
5810
17433
37885
22787
6552
28453
48280
5500
35598
17522
38377
33061
43748
15842
46894
2588
6996
1236
28237
11761
9616
6476
28121
32278
33590
47909
29638
18745
14144
15074
30958
12772
38556
29291
38184
26130
7242
10971
4630
20001
18163
31395
8956
11475
10247
7813
623
26844
22232
25454
14648
32351
45860
8927
7502
10301
48200
25605
22229
27433
23107
26227
18931
12578
34401
41349
36174
11376
14668
34796
26670
7031
37987
9628
16892
2338
48559
49330
43811
45869
34466
44353
48041
20285
4007
33050
46696
22059
35949
11494
26609
41843
952
12156
3644
6332
41313
47217
8710
44423
15623
24016
42019
11665
22216
313
42025
147
26527
38460
48414
39682
1902
21331
9401
35643
29532
45619
409
7400
31112
41070
27536
27926
20480
36890
13131
5002
23393
384
28469
13725
9119
41103
34238
28733
43624
19902
26286
46955
4182
37242
15056
25512
14596
42860
36087
42859
39212
35759
45068
26060
43529
29149
15984
27645
19496
32378
8579
47187
15631
23511
31026
37054
36292
3903
27030
1441
8104
13193
3348
24498
37947
17564
19805
1546
47049
18409
17552
4856
2762
30568
11485
9438
6251
41141
48219
18823
45162
17801
13170
47892
46776
28534
38878
25311
36125
8058
40111
37673
7802
17761
1512
31789
22047
6247
21840
22588
828
34649
12660
40789
30199
43651
11078
19855
21992
29395
42338
46456
43020
41246
9854
7064
957
17660
15843
20922
28418
39439
33106
12622
35085
36863
3097
38521
22443
