79
22
95
89
32
37
62
91
97
80
88
2
77
16
43
71
22
82
61
83
60
10
42
97
19
66
70
77
43
71
53
44
31
82
26
12
84
39
90
47
15
6
36
45
93
17
85
40
27
42
94
76
52
80
61
45
88
13
48
59
93
94
57
16
30
19
37
70
25
64
78
79
39
97
30
3
65
55
11
66
40
78
67
26
58
98
23
54
41
65
34
81
47
33
23
53
6
41
25
76
11
15
38
22
17
87
50
89
20
44
68
86
92
81
83
99
52
69
46
1
35
86
57
51
58
2
69
21
26
25
56
72
6
13
4
59
76
69
66
92
84
79
13
28
28
1
58
51
65
72
82
49
43
55
96
18
3
72
77
57
9
68
8
49
29
56
4
73
91
64
63
12
5
4
67
21
62
99
45
27
41
5
61
74
32
59
31
90
75
30
20
7
89
35
16
24
93
19
39
40
60
31
48
42
50
38
85
34
10
36
73
37
38
44
8
86
84
75
74
14
75
48
10
7
46
8
78
52
88
95
5
36
3
24
67
63
21
98
33
7
94
96
29
56
55
47
87
64
1
96
63
18
87
95
91
74
23
90
99
9
85
54
68
2
28
80
14
35
0
9
54
46
70
18
34
15
60
14
20
51
17
81
12
53
71
83
62
24
32
0
92
11
27
49
73
50
0
33
29
98
