6941
2372
4641
45725
33461
36527
15232
30043
21676
4297
49745
32965
23456
15900
23829
4903
24814
10293
44009
4608
5849
42284
38025
16271
5744
41967
22750
2385
1207
26410
9149
39622
30449
39474
27266
9871
47950
19551
29701
9633
22257
43613
6570
38984
34885
3094
33330
29508
26659
33756
27193
48158
6929
26130
28783
20550
22840
33384
23150
14155
5122
15265
15286
47830
28601
22419
40133
27668
9425
32139
41497
10634
36488
29960
19845
11344
37101
27368
15445
31314
45655
2432
41758
8225
7514
19303
25225
32508
1401
8533
22569
37492
14991
31767
4712
37425
45460
27278
22604
19586
17253
42132
36322
47993
7019
19421
21632
36417
27326
30535
32342
23281
28666
33955
13680
7780
15311
22129
29105
49041
46960
31574
33289
14602
22695
12152
40636
4593
17630
38850
17371
4368
7837
30151
8738
44080
49652
46219
12503
9317
15202
8859
7842
18531
8162
45864
3189
27595
17345
49111
40204
24304
883
29097
42219
600
6316
9427
31570
45679
45863
20451
22247
28833
21362
30331
7626
36943
35049
45118
34814
29556
22459
3708
41259
8205
47731
11113
6558
12491
41315
30647
43874
3450
32311
43124
9628
23168
15483
10788
9753
45132
37849
37942
30531
20316
3229
42765
26360
48463
9414
25498
41574
42624
34404
25875
38732
2303
18621
47220
6182
10775
33233
42276
34656
49807
35907
33430
8029
3148
48653
29646
46866
3707
11630
44486
18469
38199
17575
35191
35766
47088
10526
33974
13438
4314
40226
43950
19728
21684
35166
32734
44330
12719
12153
25340
39741
7723
49369
20183
48427
36011
27587
6276
42872
48779
39603
48128
44217
14083
42022
42661
9994
22118
6752
16872
40477
26670
36401
48893
5657
18022
46483
3867
15765
11282
20349
2687
30681
17003
16043
20492
24636
43884
26324
13380
8387
9273
13089
27796
29330
5202
10326
32757
26675
11639
29491
40767
8922
7301
21367
24066
33662
31172
15557
25004
18314
38116
8321
35829
31049
13091
16120
1604
24465
26194
22331
14278
29886
7669
18545
32479
2965
18262
36536
29673
1378
40605
20683
13630
22358
33532
44998
16334
43754
20874
3132
5361
22494
5845
20684
46363
46360
2926
7551
31944
45391
42524
30756
22778
9218
24176
45588
9454
34848
15743
226
24033
1626
31510
1190
17975
12182
12978
10830
29210
48216
41759
19174
12608
24141
46744
8258
20988
8733
2650
31598
28225
35292
22578
48168
2995
9874
2831
37592
23852
21652
8227
45625
44403
4317
34685
27436
36995
7468
46925
47182
4811
40250
49598
