33
94
97
18
32
39
36
3
88
92
26
23
46
91
47
89
68
1
97
54
71
25
99
43
95
42
1
20
69
81
76
7
63
66
10
88
25
46
16
13
45
28
82
12
79
49
59
26
71
17
38
59
21
40
28
56
4
85
2
9
67
62
51
50
84
48
81
68
45
51
70
70
11
30
35
64
34
6
31
11
78
41
19
39
41
55
22
91
75
52
40
49
72
37
0
35
58
63
87
58
64
95
38
8
10
92
37
29
65
93
23
74
3
79
16
12
80
73
7
66
89
14
77
27
32
61
53
98
82
84
27
75
53
76
24
30
13
56
99
18
52
9
60
86
36
73
14
44
15
90
44
74
72
6
4
61
78
24
67
17
83
50
87
90
60
83
85
54
80
20
31
0
62
5
33
5
48
42
86
19
77
55
43
57
98
94
93
15
47
34
22
69
96
2
96
57
29
8
65
21
