6481
29872
26072
2823
35906
40047
7293
47459
30024
12940
21616
40348
30980
29474
3986
24415
35825
48242
44295
14281
40242
28868
1636
35688
42480
12498
31081
25367
1239
20629
3058
47214
29715
12407
38665
28146
1015
49036
28996
17810
28710
42438
36365
5842
13606
34219
31489
37443
27650
33538
15386
39954
48163
34489
2541
13647
33703
30394
27548
19755
44876
1942
43468
49744
24111
24986
8721
7154
45015
25963
36374
6548
30484
38532
16871
32090
25096
16985
14344
26940
25098
47813
42989
30563
8675
45623
49279
42150
38882
11899
10921
18818
34647
5106
47920
4134
15323
15094
7546
13837
