42030
13965
18548
31182
29419
26107
31282
24841
30833
14277
4294
46531
12538
16029
45629
1573
6206
41447
18998
23114
28362
27155
3244
44509
1151
19008
42222
30050
42677
7888
45928
26600
12048
19775
47615
49367
29522
48978
47719
35117
3984
44900
26040
22865
20865
31510
36261
29191
9182
38772
35578
4932
13095
27565
33744
7143
30334
25279
27866
33261
36869
41823
39869
194
37951
824
49649
26292
16102
20283
31930
12054
5902
10007
41159
28768
25282
18967
3924
15220
33513
30881
15706
24531
29094
38050
16758
11727
38776
5566
6084
25313
49559
48967
2403
42558
42231
37126
38969
36413
