27
28
57
70
52
0
77
93
76
90
77
43
31
1
63
30
5
50
84
69
2
38
20
30
16
53
55
91
13
70
59
73
71
6
66
82
17
85
92
93
18
41
50
23
47
46
40
54
73
56
8
83
67
52
18
27
3
40
82
35
80
59
93
98
32
66
75
14
80
86
58
69
62
10
29
49
59
24
4
85
35
33
70
46
63
42
41
22
94
13
94
18
30
69
32
55
68
37
89
46
99
85
73
70
65
41
16
49
33
56
91
68
51
88
99
49
32
98
27
52
72
61
67
39
77
26
92
44
79
36
99
22
51
97
65
5
61
25
84
42
14
90
13
42
72
12
82
67
83
12
21
57
44
22
91
8
9
75
36
77
44
33
35
74
95
31
0
21
33
15
9
86
45
26
48
92
96
87
9
73
28
1
84
80
96
92
24
57
63
68
7
61
53
78
81
43
51
57
18
97
11
25
89
98
94
7
30
75
96
39
64
30
98
89
35
81
43
87
14
20
99
71
78
97
74
2
15
58
91
73
63
97
75
83
5
64
4
2
6
6
40
85
48
93
20
59
36
22
8
50
38
45
1
24
88
27
3
98
67
16
56
52
10
88
58
58
79
66
87
1
1
57
78
0
36
0
28
50
35
31
79
23
76
37
62
25
54
13
85
19
15
38
90
29
9
54
28
71
17
60
42
74
19
81
25
9
78
86
64
88
71
47
94
84
41
76
34
45
93
44
4
7
74
69
39
79
15
68
53
87
61
72
43
51
2
3
23
52
23
90
26
76
11
88
37
95
28
32
32
23
11
53
19
5
54
65
10
64
34
46
47
87
18
26
70
51
6
95
17
37
78
11
4
60
22
39
21
16
96
48
55
60
50
65
29
76
89
54
15
82
82
12
33
62
48
86
29
83
47
46
56
20
10
16
75
42
29
71
5
49
59
47
53
12
17
62
60
66
66
55
8
27
80
7
45
91
63
38
38
68
41
95
58
61
65
21
24
3
81
17
56
4
96
34
77
31
95
0
80
2
69
67
19
89
86
43
49
14
48
62
97
84
21
34
90
20
60
40
12
45
31
40
8
74
83
13
7
99
26
37
36
72
11
44
3
72
79
34
81
39
94
64
6
19
14
10
92
25
24
55
