47324
33223
2241
36857
32565
15383
42809
49067
7246
41969
47348
42553
26854
32152
43694
29342
18512
42757
25691
11302
9713
18666
34788
5967
23625
13110
27526
47774
29783
32268
26819
37909
13310
20955
33567
44006
12242
6890
10585
2735
34100
35143
23343
2957
2747
35349
11378
19945
7415
2948
27379
28511
22197
4407
16127
39153
1239
7204
19865
12853
41935
20038
22024
36907
15471
7284
7826
31433
2744
28
4088
19377
33144
16366
19935
29934
48709
5421
48971
49753
2792
42770
47521
584
21891
49003
25286
15540
48055
27546
3439
10992
17707
14545
18441
46683
43605
23085
33143
43880
