12
35
44
6
24
97
97
33
97
26
47
7
17
31
28
91
91
70
10
1
88
32
62
1
53
10
22
14
49
52
81
53
37
46
13
37
61
25
70
67
46
80
52
62
87
54
98
29
3
94
12
88
18
71
43
58
83
27
73
19
68
73
32
69
42
45
71
66
46
77
36
91
98
34
15
23
27
81
2
31
93
84
50
5
8
19
21
85
80
32
7
15
68
15
90
35
75
99
5
59
13
69
96
66
72
43
79
62
24
78
44
47
51
54
40
24
74
18
54
74
49
45
18
55
0
88
45
25
52
96
58
90
27
7
21
6
87
29
17
38
11
40
92
16
57
5
48
9
26
55
92
34
51
49
4
4
30
78
82
64
94
96
69
59
22
92
64
31
42
3
41
19
48
95
38
37
98
72
60
6
85
56
90
60
40
33
82
0
30
39
30
63
86
84
76
11
21
2
8
65
86
73
84
58
13
85
1
50
74
51
56
61
57
43
10
63
64
83
26
14
16
42
89
65
57
77
89
36
36
16
9
79
47
93
8
83
77
48
75
0
23
34
99
4
38
20
55
99
33
94
35
66
80
17
75
79
44
53
41
95
12
60
14
9
20
41
81
70
68
67
65
29
78
2
39
76
72
56
20
25
89
59
3
76
95
86
22
28
39
61
71
11
93
28
67
23
87
63
82
50
