39954
18818
45674
5874
40242
16905
40368
33685
27307
7154
47459
5151
10316
46567
49297
11899
28427
16019
7886
37420
28516
7546
30801
14194
34396
34201
25096
18502
47958
35892
16248
27548
33229
21537
32107
10074
8480
47100
32090
12067
41950
1005
8107
27676
271
38803
45241
21297
15869
39075
47214
40804
47489
36267
33951
164
1336
32188
28505
6573
30188
10921
44694
40302
29911
9201
6548
8799
16408
4142
38381
3986
25979
40384
36129
36205
2823
8373
34857
42287
49744
7036
37443
16871
38272
13853
21432
25367
45938
4738
35688
37601
38087
44202
40348
26233
32936
49870
28945
33920
27797
28546
48402
16985
25417
3343
21447
1090
38729
29996
8724
31875
35403
9431
5581
39088
16200
49403
45118
35906
37584
48163
25615
49876
47768
34345
13647
577
49279
28364
43639
46457
28146
5499
27296
29595
21177
8590
42461
43468
42805
11991
5106
38532
8881
41399
4316
38230
36341
48242
45098
39551
8066
21074
15386
49223
45623
47728
3097
49648
2212
44615
28710
19978
45743
12940
41295
3058
27178
6087
40342
20752
30398
12892
40522
21997
22892
8675
8603
49120
5842
45015
26741
5674
4432
34824
25145
12407
38128
530
31162
24415
35219
16560
48997
34084
3169
29474
18104
6473
30394
42338
15094
29553
48931
28070
27150
41134
26032
12822
33538
47312
34647
47207
49883
1293
39158
27260
4134
47057
21045
38521
44716
40944
40047
14723
49846
7050
13606
2263
22984
7293
42480
475
9362
25070
6170
28009
47920
15636
42150
39994
38384
36374
18035
39108
28868
36866
26072
28902
1942
49545
24111
14281
13493
31076
3093
3761
1680
9317
32838
34489
39526
35587
44604
26845
38882
20649
32215
20722
25098
1572
46875
15845
30484
49929
24974
8721
4627
34219
46075
8081
24986
16883
37996
22255
47480
38665
30980
13057
35402
26940
45114
21356
19305
31007
13136
31489
11821
23115
32740
47123
43094
46566
44110
32466
43574
5830
30563
33703
44565
47244
34200
34828
28289
48807
36365
7717
20592
5237
47039
35893
9157
44559
5444
17810
26605
44876
42438
31081
44295
35185
24930
27650
21696
15592
2541
25695
33832
11574
2012
8196
1015
13889
4721
15479
12498
26222
24941
21616
42989
30024
33295
35521
5773
29872
46203
1239
35825
28996
5082
36357
44333
20467
47813
6481
20629
17980
23707
14344
12559
30494
4526
3861
48766
15323
25512
49036
13837
15786
30325
4296
19735
42348
29715
19755
38531
13446
25636
25963
39213
17581
39153
31001
31999
39238
8963
1636
3322
47712
