78
59
11
20
52
82
58
2
19
22
18
3
43
89
87
58
69
70
36
46
34
44
60
72
32
31
35
99
35
57
62
15
15
66
72
34
96
89
40
51
17
93
97
24
71
56
54
66
50
53
60
53
5
47
86
84
68
51
60
62
11
10
19
57
32
91
16
41
37
65
68
80
64
23
91
71
42
84
48
72
92
7
8
53
54
54
16
8
47
88
72
85
91
0
18
2
48
29
26
84
49
28
71
83
98
64
60
77
61
73
38
64
47
11
95
38
79
30
48
16
69
74
21
89
31
49
1
31
35
5
11
1
28
52
4
70
84
85
77
56
74
89
43
87
98
69
55
67
59
9
69
0
52
37
42
6
90
93
90
32
13
94
17
78
94
99
93
88
83
75
98
76
31
18
23
87
63
67
58
62
55
62
54
74
12
26
21
21
14
50
39
55
97
30
16
51
2
4
67
79
59
5
81
99
42
44
93
90
49
36
73
81
95
33
75
38
42
15
48
63
52
57
6
65
76
23
83
56
68
73
61
80
95
91
40
6
80
90
34
49
19
7
66
44
38
29
9
20
15
74
6
1
45
45
96
18
19
40
86
34
30
43
45
23
81
45
27
25
26
28
50
46
61
79
76
4
66
3
85
57
27
25
33
80
14
37
13
36
77
82
63
83
97
41
92
86
63
65
0
29
27
97
44
37
87
75
25
78
70
22
27
59
94
77
28
33
43
65
94
24
82
78
8
24
33
36
4
81
22
86
95
71
12
5
7
96
1
10
14
67
82
20
56
46
24
96
12
46
8
21
12
39
70
17
32
14
64
85
9
0
55
41
7
29
79
30
92
22
73
39
13
88
17
68
61
20
41
75
47
3
3
13
2
92
10
25
51
50
76
98
88
9
26
39
58
53
40
99
35
10
