25996
37036
16348
25871
39262
48238
16998
18501
24154
44863
8956
25022
5647
47013
15909
21941
37616
33902
46384
9794
3659
6103
30248
30931
32342
40842
6586
35812
31050
32915
3193
30151
19949
26580
7156
20046
28474
19816
10078
41086
41445
15233
14409
24994
2310
24449
23223
40495
5310
9370
48198
36937
44586
2008
39701
2911
28828
7475
17881
36894
2894
36968
39559
14369
42167
14206
44317
19578
31574
35032
20334
15922
10669
27193
16615
14280
43588
24654
18405
43733
44070
41884
48742
44208
24697
42513
25106
32093
48436
35544
9656
25885
7518
17922
13803
45231
44095
24525
7595
35907
16762
3810
29208
31339
48358
790
37228
882
14283
8308
37638
22184
37772
6736
14047
20485
487
7058
13121
7708
30126
34087
19148
9915
31356
38972
33656
25942
7070
3921
23186
22447
18295
6696
40019
27587
9400
43016
28784
9402
37164
41051
21597
783
36699
45782
5854
44909
21533
20450
20410
5564
30938
1487
39208
15772
46449
14841
25507
43946
17855
23207
10936
6392
8856
45328
40025
36185
36656
13998
44509
32901
22579
48351
24731
27332
16866
23917
42017
24055
31799
15727
25917
29491
5792
25185
7184
41286
32566
24461
39787
21898
8295
20232
36928
42000
6060
8923
1949
5195
24439
21131
32147
26025
47522
20092
27418
47399
38080
37597
27253
6659
10902
11465
5925
21705
49802
24882
40000
36178
36482
7899
27192
43102
18877
49103
18116
27910
34404
2969
47447
36525
31807
35304
2409
26670
10428
21884
23058
23743
2889
14801
8780
29288
1458
12002
30946
13807
30430
34112
46954
657
40668
46816
11023
33085
27403
704
43297
23687
40091
44009
22126
31320
25121
37077
41962
24051
46010
21042
18496
6738
44215
31454
12942
38073
28621
43809
31932
435
30020
14984
39026
46048
13025
17384
7054
18731
43143
28965
5216
45092
28754
47533
4645
41912
1030
49598
30968
42067
27923
19417
12972
21150
2983
5511
1192
36004
41463
21370
39989
22218
18856
26674
48422
42925
14728
34710
3074
11791
46663
13246
18657
33297
47715
42314
20983
23505
2474
43649
44330
8745
18963
11104
23379
44036
1714
46172
12669
12467
19300
30042
15630
3868
33276
38114
43035
5924
45733
7550
35194
39508
40631
48095
30439
9053
41806
31300
6928
29423
18603
44185
49544
20857
46752
33643
4578
41679
31957
6038
13716
8029
10127
29687
2664
6992
43385
30700
47763
40605
39806
14679
44300
9184
47058
25602
27134
6290
29721
16914
43073
29058
5493
41998
42199
27054
39393
34400
21645
26514
15927
7514
11568
35020
33075
20136
12122
49082
24576
47248
40430
1784
30567
45960
5461
31510
3521
37632
47623
36531
25329
23825
22200
37612
46901
22532
28371
5061
41947
41913
5975
414
38682
41621
49108
10550
28361
26963
25253
19432
16504
27799
31377
25332
46107
40960
9561
21971
21748
43824
9344
12774
4789
3115
18588
47600
24526
14555
48377
46083
31657
45915
45459
47265
32755
33725
42217
2127
25983
40900
32444
4414
16747
20805
23383
43394
49502
833
49940
33115
49789
490
41934
6984
45159
21232
49935
25465
22909
43263
38542
44105
3467
10022
16607
13289
1422
45653
36588
37342
39140
45981
26392
15899
23059
19523
14049
15844
30235
26318
31973
27182
10754
12946
45425
45760
23362
14205
29865
17177
38824
12273
20566
20661
5688
10923
31023
32653
27992
22818
33701
17728
28152
30345
7576
33215
41107
1041
44941
36353
17023
19542
13645
23544
38905
10606
21528
10717
3707
13127
47008
27126
31708
1516
48818
2652
15430
8975
36471
1577
3842
36997
2755
1783
12074
30784
46601
49883
49179
25990
1990
41793
11472
43210
5783
4651
33806
37430
38369
24575
6556
26906
21411
17613
11945
36346
38055
20828
47854
33536
40807
6780
5589
43123
23898
45967
35677
41191
33889
35192
30570
8256
14430
41650
9994
27081
45406
26130
13399
1916
33491
21437
49149
7804
17852
2487
42055
10847
9026
22204
15905
44507
26079
24165
43024
4503
49159
30435
37530
45404
40655
11038
9846
31021
26758
33145
32315
16202
34733
27109
16193
9347
44198
31871
25578
47484
17856
47773
41137
6404
25275
4240
29042
39264
28633
49842
29758
41741
6178
27157
5726
49123
28062
3552
41482
12882
3571
44650
33598
15191
7723
34574
39775
25387
8514
24967
16290
42766
2905
49239
21362
34531
39883
7921
24636
5894
30418
47993
8134
33152
26974
17674
22718
42501
2665
33915
5930
6840
9866
33487
11317
5376
14155
4788
31148
1272
25071
6149
47275
9360
21744
18212
5316
24177
48471
29534
18045
47342
23177
6611
16925
27951
43602
30034
38167
36779
5361
7490
807
48957
39976
12610
39603
47157
15095
11898
12271
34250
29927
1509
42551
37449
44603
31306
10128
671
41979
8162
16675
25315
23464
9105
32724
1009
33795
29947
19597
8000
43358
47124
27580
22021
18347
40215
7827
13037
4428
24063
30878
7622
22427
27407
45737
38235
13390
12731
13518
27506
2737
14773
32393
23118
1769
36223
4929
4358
19107
11318
44029
32269
22767
44676
18733
4986
34814
13248
37918
28325
5622
12652
36053
47954
42750
22382
27356
44896
3967
9441
9868
16673
48523
6605
41531
21942
5535
42129
34172
49086
32606
11510
10911
23778
858
17841
6310
19646
47065
41606
48688
47388
29776
42185
22297
32765
33312
31939
45383
42953
708
27623
9143
34468
45410
13377
17315
40017
16214
8219
11515
9672
44377
36744
124
8394
31165
8497
25953
33160
13660
29248
42363
11816
15742
638
46211
5607
2781
13194
3421
4393
25798
23234
1711
30757
405
30424
2359
34178
11488
27023
715
47537
7569
46546
26920
27653
11338
46502
36435
40258
49800
38846
41553
408
23853
18022
8118
16192
37993
5114
35628
32150
28504
10059
28574
15883
32390
36323
15956
1593
35460
1705
27993
11282
47997
32502
35459
7798
47504
590
30477
33664
28661
37811
1253
9562
24941
25220
45423
7509
15380
16882
33546
15502
2373
37392
27597
19257
42438
33343
29819
24032
25754
47308
45530
37236
7032
23448
8114
12318
14993
15673
16250
38895
10185
40329
37753
43396
24319
44626
10207
11455
21151
4150
12763
34640
8482
37103
24480
23438
43716
24668
1103
48212
24451
42374
6844
1252
3670
10473
16473
9028
45471
15193
40642
15346
2167
38501
23519
41763
46022
4212
11139
30304
33180
48900
27344
17957
8659
19815
31042
13600
28305
8624
21657
6204
12568
21284
10470
4916
8798
38622
2989
31570
18473
25815
49924
49491
23769
42142
44725
30073
49834
10890
9832
17713
21529
18311
31362
48027
14835
35021
27581
49180
46298
17194
1139
26794
26137
36428
12565
14081
36954
40318
27651
38412
22007
33404
31233
17962
30419
4895
13936
34805
26532
22918
45742
9158
33682
13217
36738
38653
49111
32949
10169
44268
9348
16593
6386
44217
11404
43723
9660
3589
10392
39814
12975
791
20679
47261
25962
48964
18274
26645
12859
13184
33519
38589
15370
49996
39864
42946
21065
3141
15707
22920
45442
21479
43849
47523
17370
43918
12614
15539
22969
45864
9073
17287
43539
1565
40950
48353
29560
9121
20776
43791
13651
39825
47432
8320
21249
6795
43442
21211
9733
15280
39280
36431
6691
2655
14455
41800
17323
37842
4211
7145
12715
45625
13048
44162
25745
15260
29242
17937
45096
39234
37645
7860
47071
29825
38954
41036
23430
45460
2770
5756
34826
17074
18835
13822
5849
7871
48135
3503
38005
45324
42729
8976
35035
34642
36220
1106
17296
48216
9963
34281
37916
16631
49324
26284
1915
35267
27271
25913
21652
22353
21576
8505
17612
5846
33932
45775
30147
6602
25405
25267
17711
22631
30413
43095
17561
30353
36279
28079
16581
14691
15344
29301
8859
23763
9614
24627
24605
14466
46705
30160
23203
16043
48860
43794
11707
28275
36084
49756
22564
11505
506
198
7814
10749
25863
49630
8225
4934
2001
45888
20809
1035
28252
23003
34922
38368
1559
14511
40869
43816
2432
49060
5882
46468
48602
3715
47302
41996
41951
5770
16020
12214
46258
18982
43224
23268
19557
2771
35244
22249
46360
34408
22545
34057
46225
13380
29483
44371
4599
5350
40665
13675
26824
25235
7527
26323
23286
24785
22990
8294
19382
11504
43157
8648
6161
29414
899
43111
36995
42206
13438
10042
21568
26444
4879
29547
38802
45559
49815
14215
1680
40239
13644
11037
48876
49753
20589
11047
8210
7732
8788
10199
34261
42691
42056
17351
16958
18841
4042
11232
38769
20053
1032
18500
48150
21329
23616
16302
23413
36698
23482
30634
10471
8666
27820
31795
48945
3448
39620
26716
24279
11494
16831
39165
1207
9516
39149
36853
22802
3205
33974
21693
48297
30504
45912
24693
26098
35419
34323
46401
47102
8478
41609
18930
35678
8743
10697
10920
28086
6684
41855
36332
20286
12032
15445
22358
47201
8551
18225
32357
42992
21268
27009
48184
33955
45006
5033
41958
47636
1631
26290
2109
22257
18753
8257
23811
20253
21554
19175
8086
15037
12965
8757
28344
40030
49347
13484
22340
59
3036
31292
4641
15554
49886
26493
32900
25809
24952
11545
28143
10775
12006
8189
7081
30402
19284
6220
31902
32684
7243
44210
45679
36536
48774
49164
47383
18994
43869
2787
26802
24222
47163
13868
29932
4932
23943
8733
15871
41924
40447
46626
37121
48347
19782
35982
14374
46425
48521
36337
13117
38438
44815
40090
39519
20316
31910
23965
42846
23271
8489
43904
37245
27708
22468
2424
30646
8154
44178
34596
19144
29556
22281
17341
33835
7467
7075
33832
23780
39936
6145
35837
37017
24429
7209
47640
40343
40813
4572
4600
10634
38236
33023
16848
7233
40007
9466
20755
33120
24430
16420
20507
47774
34691
41035
5266
46879
41339
25875
48978
18314
13220
41071
32351
3195
8041
31900
14794
33933
34436
8028
20999
3466
46192
28404
48690
10212
44386
22737
5057
23401
44469
17399
38792
37948
48553
32249
23890
1390
20181
19336
35991
13143
23614
35049
48574
36612
42221
6930
27887
7022
29218
35494
49807
11227
7325
21127
19744
5362
19735
49700
20029
19067
27759
7236
18430
17482
20669
41604
44974
10261
15252
43703
3271
24753
20432
26458
13908
20375
37702
28497
48935
13806
32984
28319
47028
31676
37789
24540
6155
21617
48947
1167
10921
1616
1401
2441
3655
32933
31210
19723
23681
49087
28026
3189
38434
26008
6925
12153
20906
29072
20721
34113
597
46335
39249
7811
8458
16883
47196
46229
27290
5340
48296
16926
32716
26528
39974
3144
41005
4341
15150
48963
34783
25862
40125
26360
44034
41937
21995
22129
45351
6305
35607
5083
13677
42063
17635
31234
22525
27996
29030
21226
42582
29934
48723
28464
42447
39961
30922
48821
16355
34892
41995
39911
19262
27068
44388
29054
3801
2948
26064
6535
16786
6319
23398
21231
30376
23768
21958
8631
13823
6189
28726
4631
884
34160
30075
23063
3798
39324
12856
22160
23139
32859
46075
5459
9484
37065
3095
7028
5807
5677
24766
44635
37972
44540
11575
15004
29973
36054
1985
48547
27175
35028
27473
34669
28077
43684
31499
33817
15096
24713
39320
29542
48211
38630
27405
18013
29890
33472
36218
34035
23140
47204
33332
39588
7131
7783
8913
49503
4089
26200
23324
20564
40684
3315
25003
11925
9830
34154
32793
23546
29568
45772
18957
6377
19754
20250
5123
17656
49760
22768
1326
37667
11609
18623
11243
12307
39644
46242
32071
25765
44849
14579
11051
19900
48126
1283
28281
37304
48116
42759
32139
17342
23950
12912
33335
21982
20973
19947
11491
12465
4223
38225
47467
2735
41671
28835
21123
42266
27585
11365
39298
3923
8813
4707
7321
29900
39626
32379
11912
31978
15247
42677
48926
34768
18757
33063
13559
46808
23181
47034
22488
34454
4383
49632
42719
46056
45263
19109
8790
12028
8655
12528
21775
36427
44890
22699
3574
12031
48894
45279
7056
20233
39609
28918
46745
19352
22820
37828
47731
2174
3208
7939
2873
2674
36572
24141
32167
47741
37962
20915
27234
26603
46491
17961
33524
1801
36633
18145
3469
39659
45863
14531
12040
11742
1489
16547
13545
47240
26168
12503
29764
49814
26870
38691
23844
13306
39711
41014
41478
36344
29546
3988
10876
6919
31516
10038
7313
9792
9566
22485
5985
36450
49144
17094
33324
29823
21104
16635
33205
30327
15296
30664
41149
46906
29574
12960
37800
11527
47949
429
42632
21681
23182
9252
14644
20792
35980
12228
13635
6850
32112
14961
45762
39829
24747
17417
18141
43544
21203
38784
44011
6566
4773
42198
45583
7551
1802
31168
28792
6382
49928
34259
3165
36577
26303
2289
17591
25976
46929
25341
32300
32488
28728
9986
47387
31553
21399
20541
35042
49298
46160
11513
20160
250
35324
47162
29209
16757
41761
37588
7307
28306
26728
39212
15121
22059
70
22539
9917
13576
2558
16283
26551
45277
34410
46925
1205
4502
13373
49017
40820
18787
24754
21371
13349
18464
17506
29160
3397
39286
26453
23749
45825
14378
14843
17958
45327
7764
23828
5038
6016
30426
31049
20255
22778
45975
32303
26369
24419
31240
43008
30346
40914
13957
43443
44451
48463
10370
43309
13053
2910
19168
38221
32607
27498
30483
6142
22639
37493
24204
40634
31845
9430
18262
11332
37249
8834
30986
41208
36964
46533
49868
39367
21718
38707
16806
46217
18584
19794
18975
11215
46130
26822
38219
33035
38447
35039
18306
27670
23791
10825
26111
2395
29770
23721
8645
25246
3886
13400
19185
29894
10785
41612
12154
30610
22800
40563
10452
41652
24977
1161
47857
9063
35586
38615
11348
92
41144
2596
9061
5883
32918
48449
16301
26128
34420
21400
4637
44486
13314
42813
49982
20550
44483
304
38280
17602
49748
38086
47755
4815
24858
32034
35638
43712
32870
409
46952
33855
20615
18196
34115
42822
7758
20145
49841
37941
28706
854
26669
2494
13548
32422
42147
3268
20537
49267
5259
13488
11732
35166
45023
28163
18395
18717
25446
10384
22840
30315
15778
11344
36030
16809
45348
41668
35485
45098
2446
43347
48293
9966
32384
38970
11589
10849
35176
22378
32661
40645
26335
25747
28466
26861
22495
18042
22419
48505
11237
24145
8800
16120
26731
37410
42358
24612
40879
10253
48371
6695
38835
610
993
27943
10744
11177
24030
28938
11132
22738
35082
21067
10504
7545
32896
33661
17259
31659
31809
36180
41583
19982
32318
15786
22659
7396
40279
38973
39336
13330
17700
7546
24773
26112
46009
6033
45588
1228
14992
20040
33708
44416
44740
254
37264
30975
144
774
32663
29121
11983
40193
35339
18866
8195
37423
20344
8680
35810
46381
42033
11604
12498
44961
35901
16590
27219
28154
40674
31877
25629
17844
24523
47726
9435
13324
20355
1438
27251
25656
38850
43829
3542
42752
30429
17330
33292
732
23694
21461
34332
39398
3098
39474
4982
15471
35199
36686
34792
2237
1467
6276
30060
17400
40755
30130
3400
39001
29557
5932
17291
44305
16278
25941
46367
11586
23908
27905
30906
1311
2218
8389
46212
30721
17155
10329
8543
42237
8119
16712
3294
23997
25116
39084
17327
8944
2385
28780
18849
34794
3939
46385
7229
16636
46540
43871
2644
9667
49600
31167
37889
47942
2027
25470
42381
17753
49296
39694
30773
38979
29419
21862
4729
32298
42274
40805
8539
15182
24108
15467
48861
8323
9137
27664
25359
39924
18889
45875
18360
13896
42779
7629
13302
47794
21676
48632
37207
17007
31698
31351
42690
18678
36915
4102
38066
38541
13589
29350
1688
39469
5652
20140
26507
2862
44324
21989
7457
12068
34885
2962
22034
40757
14052
14530
48033
45021
26756
23096
38537
13674
31082
21588
17836
18617
27113
9258
16491
33251
4875
18692
40773
31048
38770
48443
410
1344
44988
3569
30500
31026
45716
226
35571
10368
10255
269
20000
20429
40970
27481
14252
14718
5722
28625
16537
28639
23833
47455
43188
42143
24543
7152
29959
10447
3578
40952
18003
17597
34263
20112
39631
2457
15382
32989
49631
22354
36668
36448
18469
30375
49074
31780
48942
11640
16289
26605
45866
15917
13262
40289
35063
28535
10172
19538
7072
5808
39863
34446
7535
145
1654
26063
39658
26150
3362
17821
32689
17953
48356
42279
17579
802
19127
44115
14847
33460
49069
33118
44344
433
32358
25209
41752
36607
48839
45768
15661
30533
6436
22696
11620
45444
49745
15954
17842
46414
32523
33182
2268
48643
35919
45106
24116
34416
40883
46755
22381
34719
21526
10066
1661
3730
7257
43491
20719
15377
16502
14356
2963
42866
18607
19208
26311
31772
11391
48776
19920
19082
2057
37166
11720
21567
21457
2044
49856
16971
45822
13673
32906
39584
37527
12204
39608
29972
17714
15343
20159
9931
46692
39697
39569
8381
1136
31155
31923
14516
5111
27702
23538
38966
45356
18252
15477
49062
27243
47053
43417
23162
46866
27460
27762
22416
28756
4786
28818
29871
16307
13479
47652
15716
19641
47691
47116
12170
3185
19413
46523
14391
2885
35922
14376
48601
18372
34644
26577
10012
23312
2593
1719
28844
48618
3107
20901
31008
15857
36198
17975
17585
31571
976
22574
9197
18562
29775
23132
25984
40630
19367
31629
22158
26467
33368
20104
41186
2186
2371
28094
14935
45051
46834
7488
7851
47893
28207
34984
9470
2054
17504
2656
31829
43688
15982
3499
3713
29108
35842
27831
37795
3028
33208
37988
23251
43926
10686
13800
5780
12586
34467
40075
2982
20516
5162
32647
1679
21010
15342
41680
36948
34114
28974
14135
33976
36061
35545
323
37278
9241
35926
10398
32380
37028
23384
480
18770
9426
9730
25599
25628
39137
44837
28801
30465
13722
47010
31001
41169
43377
48181
18807
7946
23422
39688
21330
44700
23639
19247
1927
8348
42546
17820
39082
42765
35396
49058
28765
34707
36207
19928
19461
17248
37417
27668
18027
48575
25178
22701
5327
13680
2821
39205
7306
9904
46814
21348
33026
31112
8199
1102
21569
565
26540
45860
44594
9918
44141
9633
24596
3371
36193
17394
22164
40672
29926
16948
9882
27247
19157
3317
44918
4689
28592
21640
33151
37738
11072
28811
1548
8623
32928
36491
44031
13417
22201
3004
2468
46337
47529
14142
33846
37479
11685
49910
5943
48147
8202
6752
28649
33173
17546
9427
26385
21920
27727
3312
1537
5657
20556
16574
45065
3883
15816
22958
3113
47147
41007
34346
33250
43054
47932
20894
43184
14597
4403
31980
1279
19406
31172
7621
44928
39536
2585
16334
40407
36415
39354
30895
11910
43910
43945
26067
25722
7649
2333
8022
45166
21356
4821
10334
43617
4966
35076
13772
10922
25807
33430
4017
36760
44664
40036
4950
44104
28251
19524
41250
36727
27246
12446
28081
22550
43087
28531
28028
16058
34306
7969
18670
47851
22973
35643
8418
30289
24465
18006
4923
24757
16832
17588
19948
47925
48933
7833
12363
1464
15765
39769
41833
15284
6864
49552
17817
5662
49597
8455
5279
25420
28591
1002
16186
30989
6830
25830
12016
13203
4608
33429
19709
40767
12037
41416
46424
47471
42965
36943
37537
20003
16382
19659
10177
35057
44572
25738
15813
6918
47580
17025
44484
31549
41348
38870
5939
17193
16496
48718
25194
24464
13089
521
43052
4838
36619
42784
48162
17867
47119
38296
24018
43714
3641
20
22555
21711
24273
34763
9906
8129
15965
19441
20726
46899
5069
48435
22651
19176
35208
36832
6209
17268
37621
16501
1595
7303
2691
6631
17866
15088
9648
46431
35813
19693
31725
20158
5997
29982
6894
41428
18418
42186
13211
22661
9753
12445
40636
11076
34848
31746
32651
7084
11408
23804
32067
44807
6094
43793
26194
26291
21860
17050
18089
11624
32478
42254
7646
23299
4694
41725
12698
6422
42502
39602
46237
5277
8220
34801
22118
30556
13347
23753
37474
32597
20761
24794
6537
13270
16818
2355
44403
28104
36069
15884
45918
10788
41081
43142
11723
22895
39448
7215
38572
27711
34866
43950
5442
20497
18867
1838
48307
7680
39962
40803
13941
42849
36818
49107
39919
7660
31288
10324
42494
46453
41779
43994
3442
32802
22107
39749
20423
9371
16118
22827
32576
3104
27918
8965
38683
42840
30234
44613
34784
23936
3564
18502
15015
29202
44023
36385
23281
15102
1780
45461
5923
23575
8741
27807
6284
18390
49429
21378
30131
23002
25905
11422
5466
1359
3615
17020
27671
35609
7512
22436
684
909
9050
46060
28586
31828
22140
24825
49888
15614
45675
25736
19173
36023
39339
44080
43120
19141
35322
9773
1876
10541
43930
9588
48791
2104
48648
38879
46967
17519
47072
35295
33689
42742
33765
16756
15663
46766
12707
967
17003
33699
15553
6994
20113
42109
43659
11192
31269
25768
47945
20013
25144
23427
13315
46372
20183
22194
48458
1555
39383
8602
7743
28607
30609
22293
5871
39151
31145
5338
16535
21194
42197
10214
46813
5793
32593
7248
2509
44001
36302
38546
16568
49322
40184
14075
47878
1057
39019
29748
18850
34156
21076
33039
40175
46166
16493
9246
44951
39417
24926
5293
43271
21162
43292
48286
37990
17903
17594
22881
35040
13613
36322
8310
40086
11115
24573
27878
11993
34089
45337
4805
26325
6674
11385
22030
37377
48683
27213
16957
9619
32818
36165
27463
39977
41077
3122
5203
43934
7165
23866
48611
2687
34525
46812
4075
22874
38228
13511
8300
3012
43525
15129
15228
33518
27429
19106
46215
1374
19096
48721
26909
30640
10881
5274
6558
153
33482
20276
42454
12527
7523
23851
41574
37974
17792
451
23995
49610
4519
14552
22706
47402
29170
18736
7283
30181
11358
47220
6242
36492
11964
28046
1371
30681
29831
28025
11506
48094
40909
44875
28426
7074
7959
28424
29149
9464
46051
54
28394
42395
36890
26700
27615
44311
1812
17854
8185
14744
14242
30765
5257
38848
14967
9281
35216
45723
38360
35867
35423
34816
47641
23120
13205
9175
11767
44354
43179
10804
36962
15465
39157
41443
32210
35074
40420
47290
18632
4498
35974
15030
33554
39788
9852
35945
37112
4935
31601
21156
13514
20759
14361
45994
26564
21932
47186
39
21489
9183
7837
40691
41649
32541
12754
42393
16612
4807
28039
35071
18775
2102
36081
19327
5836
38350
35183
6239
46363
2206
36614
7364
6391
10741
46128
45564
32311
8353
17697
39025
41480
961
13973
19518
1400
7412
36798
4035
20044
10983
21025
2005
4248
20678
30005
15040
41447
37347
35105
31046
45086
7147
5775
35732
41758
42021
19356
21425
40533
13185
7336
19790
11378
41575
15152
32363
22040
10860
11688
6572
7842
17757
42239
7548
23459
21304
43478
33136
28524
11069
41940
21308
31440
29180
42303
10330
42290
44336
28716
17736
46053
48761
17481
1235
18698
21462
49568
46917
27771
21813
32164
35890
20788
49957
45157
11824
2407
38491
31265
33113
36045
19648
41052
48786
29741
16688
38964
44536
10969
33757
24075
28435
104
25340
18229
3350
13331
25876
30236
12449
45407
49635
7278
49932
11263
37323
41461
16969
10094
31161
2605
43612
8349
1766
7609
49393
16091
24553
30278
12295
20530
41204
37457
7781
44133
2507
24021
384
40370
39671
47952
9634
22292
40619
14753
14100
21753
14338
24809
20784
19506
3351
33892
23806
22060
44803
10950
42170
1936
5513
18618
16124
34344
26552
16078
17258
10779
11755
41933
20796
4421
38704
41658
2884
9707
37369
44937
40768
22251
27335
23136
21854
11807
19362
33077
35034
30561
29306
10004
18067
36645
23239
29182
19178
43370
24897
43432
3598
44985
31731
38165
31876
40322
26229
16483
29749
20748
12943
14293
19647
7585
11016
29554
30333
6216
38859
36021
25257
25837
37851
33665
1839
27739
8057
1354
30072
29921
46977
47187
17955
941
11861
45132
13928
29251
48315
10178
42508
42042
24913
20050
11201
49585
36573
1346
10265
32345
16039
10205
49013
45354
8259
23150
47168
14636
1649
4301
16572
27142
27683
22168
28694
37584
9504
26811
12932
46799
30285
9502
33473
2103
14519
25847
39199
44164
21245
46324
2831
48106
42463
28678
17766
42811
22037
38032
8684
36758
16029
32965
40937
29701
14692
18988
48720
11372
32026
39879
17331
2622
3629
13960
10765
24417
27692
45753
27539
4577
21495
10824
25775
38121
47023
2590
48798
893
28441
18621
12152
47836
19562
46219
18080
30896
36887
42382
387
35906
18522
26243
33935
42345
23248
32629
24059
19398
2909
19159
48851
6448
48983
35943
27908
4056
11120
1921
42328
49500
4057
44157
29572
5901
35593
21936
40310
34
45569
10256
23133
14953
46413
20341
37238
46181
20424
10740
28204
41895
38061
31072
30497
33053
38493
15766
11042
23524
35210
13815
26789
35415
21774
8831
5207
34986
5969
38732
48852
8466
36070
32957
42219
45193
17989
20199
48176
11271
30668
37822
13123
25193
49340
14348
39948
25576
30454
48020
35441
18531
18524
12556
26184
16340
25468
30225
38436
4678
17145
7701
14098
41964
23171
28970
10593
26855
31634
16772
14490
25447
3150
43655
31268
24238
40616
20317
35548
2604
24176
43078
45928
45278
6983
20475
47407
15549
24484
11444
43169
48573
47197
4121
16122
24410
41372
7682
4770
43670
16446
43319
42649
37700
10948
47376
5536
35553
27576
27519
41911
39389
13616
31140
43014
26164
40592
35517
9652
29654
19817
23635
31418
31994
16872
2871
28225
29508
25150
41657
45655
45008
34177
49272
5122
39695
2640
28383
38463
12902
20594
17337
189
39522
13785
2732
2567
15270
11999
14671
37024
7415
40226
4829
9971
33354
31899
45156
33155
31192
19761
16356
23344
33866
36160
472
1184
27801
2526
29490
1040
7663
37602
41521
17732
38645
7897
1697
18591
3915
8080
32846
739
6996
7786
44242
33028
21149
23018
13176
22120
9198
10067
8187
48711
15743
46189
37750
8640
32573
18622
44841
35921
29093
34260
20785
35109
23201
42931
17566
16657
27316
4315
45791
20333
23764
41157
14857
2519
3566
22418
10369
4399
44742
16608
32027
30880
46531
9806
23888
19601
20082
19820
42483
47547
15092
29641
47584
36098
41633
4218
24205
15690
27384
24619
43743
27917
32252
15740
15854
32505
13865
18601
14830
29736
3746
49211
7812
3570
16115
47634
21940
48460
18403
32507
2263
6771
48005
1512
1142
14545
19918
29438
39033
1626
14189
8531
43901
1810
9862
15952
34191
42240
10743
40131
35823
31702
46175
7207
29963
24849
4015
13780
39868
39304
10079
530
21885
22004
3827
12884
46759
20922
29097
15144
40906
9790
49129
18297
20099
39317
22023
28455
42123
7561
12198
28916
27235
528
32392
39613
19829
47783
8690
13594
35578
8772
15737
14580
27266
6791
26953
13451
8027
17776
14514
42128
31422
9889
21715
25436
44087
22965
26512
19692
17348
24689
10448
24022
13243
38465
26785
9902
24414
42079
49783
42468
13070
6101
33628
31641
10326
45346
26481
44550
32154
4362
11831
8215
23242
47138
37898
11706
12415
3431
7966
6111
14340
10878
31857
36528
38565
2372
13247
34392
1544
20644
27531
42837
40698
36401
19808
45355
19447
12461
13805
1800
9858
11603
6789
27606
42002
11852
8811
36122
2995
37298
25200
30142
46096
17251
41156
24148
7493
36613
31888
29023
31655
43180
43841
10378
43889
28921
37287
9728
15879
1424
2113
742
36142
49182
4097
5715
33365
40486
24100
5801
21324
7420
25490
8315
25406
6750
41810
10197
43891
8128
7421
24792
48772
42757
43643
31429
19968
30820
27590
18446
35141
11946
8890
33861
35480
4435
12287
29105
37729
35184
12538
29069
17513
26171
41922
45885
14701
48059
14697
32450
9747
33450
8066
744
49281
46286
15363
11339
26038
15232
43573
47271
13040
11547
37854
35165
220
28867
35486
8738
29857
9419
39732
43818
41341
10524
2645
6967
44012
35432
3522
4787
22177
14902
6941
15396
12820
5789
45085
19153
12570
41943
39646
43633
34742
18581
26681
13433
46117
32227
36144
8169
20888
3022
3127
16252
14365
35849
44232
26606
39496
46079
43049
41936
134
30174
42275
42238
32791
16457
23812
18739
26410
15512
17444
3289
25854
38757
40153
33571
18325
26324
44068
41742
24961
9605
23585
11630
9149
25720
39766
43834
13493
21527
7384
47744
18031
21651
1704
1028
32518
19123
15832
38865
31053
18650
47703
2890
32461
27977
41986
12583
32692
43592
15651
8866
20275
8493
4317
24873
17369
32730
37421
7037
22336
35203
30546
38626
30006
28276
48427
31663
29792
18769
30613
26367
1538
38137
25598
28588
30450
25045
26950
40986
33236
17276
31118
15401
41770
34908
49691
36780
3197
21353
11135
44975
46824
32829
13151
21049
19422
36664
42563
27355
3191
1872
40907
26399
1970
14471
13747
31541
30818
31059
2573
5692
7329
37492
497
42095
48008
26613
9727
49986
22272
20535
33431
41265
34995
47500
24594
47295
20628
15588
41343
22616
8552
6044
39972
37555
9571
4925
24876
7780
23789
18748
44504
42025
2613
3662
37556
49975
22189
2990
44657
18470
18732
33313
29283
8218
38628
32302
22334
42926
15433
26093
35665
11286
17813
23300
45826
2643
14600
17345
31305
46064
45810
25487
8159
49044
39809
17670
25792
14250
49480
2279
28195
17352
45634
38533
15795
34881
5318
38003
38527
36994
39852
47436
47088
17780
21873
34427
6577
4565
6991
45500
15537
35201
7835
16995
35829
15555
20106
47717
25613
16150
1436
26624
6342
35345
46428
38347
48961
13902
19630
747
30528
22645
10813
12268
33949
22136
18050
9380
8090
8870
5785
667
30080
9247
10822
36196
7343
49194
34683
2360
15623
46263
45659
31737
32299
26041
6312
43686
33217
29299
6289
9841
2705
30088
41661
24004
30481
11288
45033
23484
48565
27595
42037
38421
19520
12984
35127
35622
27461
12053
20553
440
15184
31358
26032
20909
33337
48210
44272
4053
13278
15411
15349
49525
21358
4927
8012
40224
20147
17264
28256
24674
36324
3502
36012
45400
30964
2986
29257
31944
37888
24683
47969
3085
2302
36339
38781
38473
31248
22623
7295
16847
43373
11813
2410
36451
47184
4436
37193
43289
2496
11877
13854
10857
23652
48576
45857
43137
47258
9086
38142
37438
40177
1727
19302
21665
49068
6438
18860
3567
49509
24162
12491
29103
33582
23619
42322
15918
11062
25379
27964
30560
38590
43392
45687
49370
44258
24481
7659
6501
348
19303
41677
6233
9343
32370
43251
28593
41564
43455
37416
45957
49012
31322
48660
1450
3500
15216
15886
4811
15719
40443
13322
840
47217
11357
26234
32936
10010
33859
12713
38029
26418
27584
27975
35128
43527
45431
41150
24427
7194
878
31926
20144
23166
37515
47534
33157
21002
30498
43487
42138
508
27188
18755
18662
46240
34727
31997
33644
34383
37114
45416
17143
25318
35997
23859
8662
30087
46716
25559
14676
20864
47701
4063
3281
49933
29530
30009
16341
27930
707
17717
41697
16647
6570
14892
9018
912
27292
977
6348
20987
20770
41851
22032
11164
32603
26224
34334
10366
4557
22278
48966
19681
25680
48758
21494
48196
22466
48493
13637
20415
17823
45367
19410
10500
30719
2048
22876
49361
5743
32676
5838
21872
44541
31875
29960
31094
2764
49735
29366
19570
7602
5904
47700
37757
48658
36011
20853
2146
44750
9024
38316
26664
42524
2252
5443
17353
7238
22643
7289
9547
9908
39826
7605
11397
42211
25400
41179
44960
9757
31898
42302
8768
27669
9000
39429
10064
22533
5529
41768
28845
25705
18318
14586
2576
35964
38373
49590
34380
21276
29616
19746
46245
38406
33624
41813
19065
46238
12258
41759
31835
30831
34823
6731
36487
35844
22344
2415
36955
38504
38775
44076
20086
11116
3052
26888
9518
29332
12455
33224
15023
3155
46784
10052
26659
32773
19851
14281
7015
43069
20874
5642
20070
8026
3974
34007
27019
2058
17053
6950
47174
24399
16871
1349
25187
17806
35534
46807
42558
4800
24888
12519
43145
15147
19612
45466
15861
26672
32780
1525
42667
639
16632
36763
16777
25781
3838
18810
42479
38767
5000
40810
46979
47414
2584
17575
18577
12146
7240
6802
4463
47105
6492
18646
39475
9088
49365
21832
35254
13308
43068
43859
39685
12121
1027
28268
8265
4697
29886
32217
48055
30045
18648
36068
18303
22066
30301
27368
49401
14400
49652
36559
48241
24709
48309
26568
26162
15937
1493
12081
42530
2384
22410
22261
18696
28508
7308
30490
4964
29022
10559
18
25247
34499
31039
38694
11557
42872
36481
23707
33532
35973
37798
28891
44212
18163
41419
19333
37165
37282
7884
48193
27057
23758
16477
25228
21886
34492
4978
17551
23577
45725
44312
33662
41259
6892
32127
8063
36902
41219
17973
19090
23329
7563
7120
21684
9173
8292
48468
14180
28650
14172
3032
42373
23718
33600
38552
37915
26451
32640
20810
4265
40795
2168
27655
37262
6774
37992
20920
39841
6081
20684
15818
25416
9391
47311
26500
48803
37959
2477
10056
39290
32850
37522
11204
16475
22003
6323
24342
37429
39843
10407
44086
21861
11938
6766
7823
31953
39039
37716
28255
30228
35698
21632
2636
40728
4181
18041
4499
25297
16601
1320
9644
10581
41414
18352
24445
4354
39595
23607
45964
4299
26155
21469
27715
877
10357
16755
27479
11395
20912
21816
43071
754
32823
27326
5541
6384
31870
23815
22595
46838
23540
48387
2898
41882
33164
32694
32659
10644
45798
13026
8198
23550
8694
5837
27693
27753
27262
36107
24286
43001
44624
20274
20039
14001
44790
21327
47898
12851
5560
7342
11315
42912
25139
44905
44266
47421
42588
26006
28181
25475
26955
42120
40637
7998
43433
20227
19165
49323
2411
28584
13840
24901
17965
8611
30780
18326
47153
10431
16450
33891
12725
39510
47926
45313
49501
371
10829
34600
18952
43448
5415
25171
38275
5791
11584
35671
31066
21176
28764
14461
31411
43247
28092
26730
38291
12366
31874
38343
21594
15437
2900
29394
39471
49101
1651
21402
6327
6387
16765
24111
25524
44610
22494
49041
4981
19842
32551
41360
29740
47313
21581
32238
42231
25223
18051
29467
12514
16849
516
5026
6716
14510
32623
45411
2717
28577
24509
9921
48175
10972
28032
7195
31098
46068
30910
35133
42487
16478
2389
49314
47738
3862
35303
17793
29905
8868
48550
10087
12280
27228
6904
25489
14875
30693
20102
1854
19906
30545
31843
11221
9671
7515
49964
10710
28610
6646
39018
19043
13856
3568
31671
3084
44448
38337
12853
31002
35159
11316
15545
30845
16773
10443
37879
5978
3617
24005
40750
35016
35915
8820
36019
20814
23321
46786
20904
19741
32229
15359
29859
6249
16083
15820
36925
13386
22860
27978
40299
21204
25429
12642
10992
48384
42848
701
35774
4263
48133
41566
13933
22163
30764
47419
13301
22695
44878
34844
47063
19765
13568
40220
45954
37914
44568
13336
27855
6171
46081
13670
32707
16746
25219
6849
42205
29650
35120
30507
46398
8893
46049
15206
21695
826
16171
33280
11280
6105
25396
43705
12719
35981
19288
35325
47862
19501
28340
30043
12659
37330
7624
26115
29651
11018
26883
20041
10305
9459
31996
16898
37541
19421
44106
25882
31383
23670
897
11674
48847
19701
7669
23613
23571
49884
15262
41034
12086
48937
10001
37766
8117
10564
32156
35376
35361
8139
12497
37132
19885
35664
47946
1881
29643
12997
15510
39516
12230
32108
22936
26348
33704
37374
5170
42281
26985
26483
9744
41271
46466
36865
20466
43356
13415
33188
40112
40373
21228
30756
16452
30484
26814
30622
35871
28799
28779
14903
883
49580
47107
32555
39669
23187
19889
45509
1064
12553
39327
44888
42624
9425
4275
37151
14083
6410
30963
29849
7428
33043
27105
47948
3148
8116
47735
26257
45222
35389
9046
49183
10460
49599
47068
27763
35717
27168
19743
33082
29262
20285
37886
12511
20447
21512
43192
9319
29772
37390
8321
31858
13818
3968
40542
36272
11250
39615
37057
49657
39966
6051
38302
113
48379
43447
11888
8490
28653
28681
42852
13494
38655
45055
41729
42832
18925
16798
9498
47206
23554
49443
37573
4352
3783
39744
34754
11156
30815
34977
15632
25483
41399
26714
32931
6858
4271
13253
41533
32135
26469
7338
28736
12613
48974
38089
1589
32335
16750
3119
25701
15530
48262
11903
3761
40902
5467
26439
20778
26219
39622
30053
21026
27360
575
20511
35393
38817
1363
20028
1862
48263
20974
7091
7272
8664
22349
39875
2902
39226
42131
1562
19465
23064
49566
1278
30644
15856
42119
48173
34491
43065
29246
7715
10114
25651
12020
10961
22711
1933
630
2853
27070
30024
8939
39909
12381
21955
37882
32652
34437
7824
31419
549
15573
36532
8513
35299
13520
42308
45295
14203
29518
22502
47422
26969
29610
47705
3455
45995
7771
1378
42886
31598
11699
46393
43681
42507
26345
19627
29305
22850
33289
42970
14263
5219
28212
43913
23826
39402
40192
22459
5149
10866
9760
3760
45638
40648
23359
4854
18690
32376
607
26739
14544
38155
16195
40851
40489
3450
37913
27794
14535
4065
37361
18931
26312
42713
12990
40508
11700
49970
11388
9462
3304
42838
38056
33030
26264
1315
10096
28869
30696
44560
2996
42555
19343
39066
14811
14619
6508
39106
13128
26907
1459
22609
32272
41282
35252
29822
3978
45317
30761
9874
7136
25943
49352
36724
37149
23230
37071
38389
48362
26899
38232
22173
41162
22471
6278
39670
17630
45616
23581
9393
18385
44688
6779
32650
14403
28158
16324
44643
35318
25372
25100
16879
20508
45533
43947
10777
17274
41440
46186
49576
10987
14269
20405
33862
11790
35610
13872
1190
39110
16884
4604
3940
2965
32152
1264
4979
1036
30736
45462
10907
13847
25066
49332
12986
42039
15914
23918
39487
42420
35886
11379
243
9810
17818
4903
5982
30738
31396
12608
26148
12114
32231
47397
33601
14991
41497
42188
48516
20959
26140
30294
22093
41694
14870
41460
37566
24814
39287
48068
28006
10174
6901
44757
5709
21004
17376
42922
43777
45670
2240
22186
10598
15306
33506
8354
33269
45220
45197
383
36689
38496
9630
44030
3456
26987
8667
10809
32872
15069
29873
41501
21247
46947
47393
15165
23933
16863
44998
30851
7821
37609
18723
2955
38025
49997
173
23765
18979
4984
3434
37448
907
24968
10718
45840
26795
1529
13910
15643
8093
6447
5579
44907
34573
27928
31364
16854
27610
29130
34874
19896
34389
43745
23015
33685
34291
34016
45554
28900
20307
5012
5238
35036
48805
13550
13118
330
39346
6207
40759
41473
14004
37592
16890
2405
10605
7019
1025
42627
32834
12777
27436
17511
45148
37105
5897
29517
28253
7350
18234
44246
29273
46443
26642
45848
22547
6027
16620
12045
34656
34839
5268
30197
25797
42819
15242
18764
39741
9887
41686
33246
8291
43529
26490
12877
40303
48158
17525
37847
8132
30589
27185
23756
3176
12167
46141
40621
21987
16518
9911
23672
31190
5398
35017
12252
32727
4514
48322
41030
28929
22010
42506
37781
48057
24772
27809
26711
10979
14620
23650
18937
31387
25376
11036
7693
29329
28748
45606
39677
43884
9283
45736
29083
19355
470
26813
45793
12019
11984
7063
14781
32117
1213
15310
26402
44108
9224
46483
13703
23218
45229
27363
45457
31509
20451
12018
28350
12184
34322
42863
13420
47176
17654
27412
3509
10397
39092
9293
1796
44176
29150
35249
40414
29285
30393
47795
16575
49689
11669
36916
21242
39968
5417
79
22912
47791
1173
13535
7468
23135
1871
3604
11661
46489
21691
40958
32857
1634
25737
33900
21900
15285
39464
49666
34933
5315
41248
46983
49699
41961
22152
45061
34213
23630
3149
6137
18221
45856
16761
28496
36984
38586
38613
38579
36205
13486
28987
46593
10023
40390
21363
13015
43560
30189
1121
27797
19206
17000
30205
20789
12266
41570
4103
18160
11684
11486
9141
24528
19433
32589
48737
45321
49844
26933
21620
32590
11141
21970
25685
49457
44171
10294
31824
4448
49050
36527
456
27659
43783
19289
21833
41860
33803
21389
42327
28245
8863
27973
43842
46923
9668
37524
49283
35939
40696
2285
29310
23770
24033
23882
5673
26015
35258
14672
3472
43755
25494
7445
9228
35755
33296
43107
22972
25702
49925
14880
16414
5955
39885
44295
19285
4684
48168
49589
42580
19002
23168
23213
27125
18484
41618
45128
1440
42353
29471
9038
970
19657
17467
10778
30961
33257
23039
43458
1539
46584
23711
5879
35327
13092
37214
9983
35711
20683
48062
12647
3636
14248
22366
9170
11466
34343
14563
31536
20052
3943
31063
48940
10373
48760
25030
31057
23017
2036
7689
7619
32542
22578
9341
16495
43231
11251
14987
14309
23346
17179
19919
16183
6837
31670
30229
4657
8850
35187
18452
18176
36912
40114
2757
24073
7220
26338
34632
21500
1488
9446
47182
42614
10526
38095
19667
46876
13258
28963
25395
44120
38974
22443
17344
17815
42529
17137
28749
33768
20380
43103
11147
15453
3214
17998
6986
1031
29078
46387
49293
19174
12629
45275
33599
43088
5521
25500
22857
8322
40048
4768
25004
21764
38878
9860
44537
5161
7586
32712
47209
22267
46627
25902
33948
9274
18015
7040
19451
40993
39632
11244
32295
48899
12656
25832
11980
22309
37178
39498
40836
9759
27686
32528
1063
27458
7686
41788
30928
8258
49461
5651
2291
7232
38678
35405
48510
33984
42960
42139
10125
13630
8867
16328
45484
41340
18283
24088
29690
16205
27514
20460
12978
38285
38812
3452
11754
46656
45873
38502
35002
34659
43769
2650
17941
18535
1406
32472
39377
1849
7944
33968
18791
26750
43437
31580
36621
35291
5365
3803
41135
12994
21074
29929
10490
22975
26541
43608
7709
19734
2004
10487
23009
20446
23315
34121
17558
4438
35746
33386
24440
41615
48868
44864
25312
20230
39316
46733
15912
33634
33553
3652
5269
6440
47978
20744
38010
498
16945
22109
30947
31767
9078
33497
38422
2347
33883
37169
27986
48647
6353
4077
27648
45079
35163
3513
49974
34889
37185
41723
39041
12694
3246
45727
112
23978
36104
27588
48924
25370
29145
49950
25414
3375
4703
3669
37923
45493
21972
27695
23256
45972
23531
9092
28164
10774
46795
42390
10434
3277
46260
28167
5401
9628
35729
18358
32019
11255
17355
7111
4892
4907
19821
40257
45830
43773
40770
23605
26304
14536
31656
23940
42961
44866
4246
40225
8904
15379
27846
24314
2838
3907
8707
24728
41628
6885
3534
49262
7846
3665
11118
44153
42227
9979
42596
32263
23787
48779
19721
41067
936
994
27800
22315
26295
48305
38100
4148
47501
39113
37356
20652
36560
6417
21795
43754
2618
16180
49209
30515
40380
25957
2065
20448
35471
46103
24609
49660
2679
6958
16387
49861
36361
27471
31933
27662
41253
38953
24587
17473
48066
48642
42439
38450
15932
38929
42661
42176
43349
41648
6917
7940
4593
12790
37224
44359
6329
37072
22797
15358
48878
24603
10830
29716
35008
35031
38987
20443
36731
15754
22183
8883
49593
43728
39138
45710
49431
18851
29429
17300
30448
724
14259
19712
19678
31597
40835
8284
1720
1813
33207
1816
42895
6661
23966
21606
14668
37942
35765
17336
39619
43276
14833
411
35191
16624
6907
3035
37518
14734
26864
28947
26889
41365
35942
39432
20525
33956
42214
3795
18004
356
31665
4872
47658
10333
43668
4712
49523
45298
14453
34614
20890
47513
4144
33587
6247
25191
13695
33087
39078
40277
29254
36708
1870
43536
8368
16513
35700
33777
19088
38307
13719
33266
39006
37161
49798
35320
36966
38458
10005
6412
27361
17343
40133
28880
47038
9
16802
10286
4538
4297
11119
26052
47278
5070
35482
30779
11642
14674
47889
5845
20826
48088
9842
36976
16243
20078
49021
10589
13885
43200
5744
44545
41110
14602
22834
17339
24946
40191
33137
19807
42485
46527
25609
27345
48093
31773
49805
14799
24758
43323
19489
12409
1834
1994
41610
15253
1920
21891
8274
16265
34403
31330
35444
45293
23366
37977
11552
11483
32281
32466
3809
16570
21161
4112
2915
37217
25146
4589
11771
23209
19513
5522
28240
9176
3249
32310
46097
35858
28332
14962
31816
3956
24105
5448
19015
38118
1232
35800
43798
42890
38718
20492
15689
28685
546
1803
5891
31797
14564
39162
6739
1188
36857
4983
25462
17810
19636
48411
24966
11639
20440
40250
36331
20640
33700
28059
3867
1560
48775
5634
30770
40466
33211
23481
32764
34397
4639
29672
23
8081
32701
33980
49570
21945
11458
30877
40146
26492
44600
34744
30287
21752
44921
830
35766
49730
49506
47284
39850
1514
18043
25547
10386
40979
3806
38556
21534
4259
33867
9306
11087
9256
23023
9742
34894
24266
39731
22744
12493
36325
38091
19354
14068
37821
22480
42226
39031
2568
1880
3167
34140
10580
46082
8998
13154
17231
33627
30331
36397
8067
30796
10089
14431
45223
19126
15166
33539
31935
6582
49749
32604
14120
33050
4887
17825
35654
22968
24979
35703
30136
33763
37241
28119
46896
13579
8059
35119
30449
45325
12281
34900
24331
24599
32288
8796
23291
31625
14492
40325
33384
15557
17253
20702
37081
18393
24441
7358
14028
621
1194
22110
35134
14228
37225
20951
5097
25291
1893
19637
6133
30270
21321
14931
34237
30096
31256
4814
20995
49235
10482
37070
36632
3594
10633
42299
40010
5224
6705
17808
30206
3853
43350
42844
2129
39305
40514
15958
37568
47049
34024
8857
12030
14821
32687
28003
27294
19079
18078
19361
25474
16551
12051
3861
35046
7920
44782
16526
39491
44180
16934
12760
6280
6540
10562
44608
6182
7778
16451
44850
22212
8721
3942
17295
35751
16170
39014
35065
9014
28905
28156
4740
37425
3558
15425
47230
1176
22554
25455
16700
43062
8716
9564
14742
30467
14363
13496
21022
26120
48128
1239
17186
15318
31170
49571
45122
4128
4828
3356
12547
23282
734
49839
6525
43005
8791
10325
15674
46886
39213
10356
16862
37046
23948
40647
29985
41235
36767
38417
3463
29400
28998
25296
32814
40235
5191
39065
44308
39470
35624
40204
6694
9579
38199
27732
43077
30489
5646
32806
7864
17761
6778
8700
49260
28809
45176
24118
37000
35148
32024
10932
18743
48420
23185
26614
12090
16555
41849
38984
28676
7288
9755
25398
42918
20891
9766
22859
36468
34604
25485
12673
45550
12577
17383
34141
9445
13764
4280
12470
15726
10713
14618
33411
40935
7808
46177
31664
24848
19061
30093
15311
27841
20555
18011
22304
45711
7790
9856
4668
43149
31368
11990
19845
1721
39655
19600
36789
17857
20441
18201
36485
26744
38159
26934
35102
45167
46957
35806
24517
45097
14506
34352
4883
10897
32897
48746
13490
34895
28178
20026
32670
29380
8429
2583
3491
12999
45140
8182
7782
49536
27478
40309
41827
18091
35857
27579
46744
23035
13512
33131
22348
4860
22389
1090
36120
47297
45799
16819
41687
2063
28246
17204
1258
39817
20365
7495
45415
44619
48741
40124
39096
44516
38409
45917
4013
30958
7027
13091
43178
45592
23877
30588
44231
13221
21621
21611
48292
10656
7436
37206
600
45453
2543
46669
21274
17332
8726
10989
9685
4304
37005
23369
47767
9048
11882
7795
1170
12757
26004
40292
14670
45252
1112
24066
3711
29123
4004
12182
3094
42181
7178
37020
13212
40405
45432
35999
32619
17621
5368
7626
370
8387
12346
13713
26675
45689
21732
32406
21501
39564
16933
38582
44538
34602
19760
14295
45832
39548
1157
29010
39219
46788
26022
12976
45137
45258
32262
39358
24130
19294
27423
11525
38714
15322
398
27901
43879
259
27857
27045
14239
23820
18198
749
43843
45359
9188
4601
37042
46969
23852
10229
15898
31822
11623
2050
3590
28833
7170
9159
40841
21846
21600
786
19787
10816
7397
28037
34218
2638
21057
34685
43328
19965
18039
30117
23335
37982
4195
38117
18179
33942
45301
22220
6838
38530
13553
21727
46016
6862
39917
28417
40337
20148
46125
4292
40417
35211
40372
10155
5119
21556
12358
4799
12562
1273
6604
17457
37168
36998
4156
42894
32534
34836
39254
32121
13159
33561
18054
20582
33906
47113
40477
35099
13384
37099
37371
9094
40861
5477
10489
14988
48113
6138
31435
24585
37671
28076
42531
23372
22546
3138
10352
29474
227
6650
14241
13309
49345
47283
4558
1333
41386
2158
10812
31135
7237
45121
28289
12289
13098
8775
26908
34065
25305
37375
8212
42920
46410
43368
11808
47784
10493
7990
42874
30747
10552
17507
28516
35364
47750
27297
48837
46281
11896
35173
36445
5120
9574
38844
2926
26615
48580
38990
4279
17071
24354
21463
30091
11216
32630
25167
30898
17721
22890
45219
17712
44727
5562
12256
5373
37807
12996
33213
21464
17572
14867
43958
28783
41589
42132
34021
19181
8487
25906
41252
27416
2319
34268
5712
11110
14804
42440
40254
48615
33367
35917
23452
39064
1118
16417
37079
17622
21741
26090
19089
44716
31609
26608
36345
16500
21656
5433
22684
24831
32508
17057
24970
43466
23439
2023
11712
11905
33195
19696
33051
15870
23278
43690
49943
29673
44570
15227
8805
40661
7773
47760
30052
46277
31255
40168
29151
8334
38660
13105
1171
37089
42939
31004
45677
4839
44756
22682
13604
23912
45688
39214
13028
37905
21036
29269
4607
31158
44379
30708
26349
34097
30873
49677
40474
17863
20228
16296
41712
40639
15671
26751
4816
27364
16960
42068
17302
21796
47542
18824
38178
40021
21531
11462
4475
24805
31128
24846
38940
6671
48115
5750
33134
17489
29368
48372
26364
5990
19469
36321
16897
17141
29056
39189
40470
15900
32648
31506
10499
29827
41856
49639
3157
5357
11461
7955
20608
39386
31314
6431
21383
49242
42248
36517
44052
12749
4560
32169
3635
18593
36906
16285
16706
11523
5278
18730
3623
11853
47462
2980
28782
277
47638
8601
43127
11672
25688
28033
1572
29422
22721
18150
14057
47515
33350
12108
34216
49000
21912
4313
39967
45476
8821
6777
30590
19308
39057
19132
28579
49007
35636
10863
9218
5227
47375
7408
27324
35455
29504
30114
19122
36957
6746
39505
15504
16006
49028
45002
36421
9346
45005
20161
46708
38524
9211
30268
5707
43353
7450
1413
42348
1757
35298
11758
1152
22592
43002
2637
42011
7994
30462
44953
26125
5612
40933
33441
49110
8879
26368
43136
31227
41096
48549
11346
44179
42029
34103
29476
3651
46244
5309
13219
14809
3254
34202
20913
14278
4868
18913
6177
39963
4184
29213
36167
12444
3145
41571
8359
36304
47736
19704
21736
49
41374
41288
32228
41709
26228
35745
13647
32083
1074
12014
1946
34508
37101
34692
17116
29832
36594
39463
42995
48441
36729
14882
25915
27518
3293
40436
48756
8925
38960
29418
29120
46412
264
3348
3619
40044
19771
28887
18070
38715
24544
4266
33756
24346
20457
48568
16623
33771
468
34014
11519
30834
33413
15603
18037
23973
49724
2278
30817
6889
18387
24064
48715
14464
46199
21991
41956
25814
7430
27255
34810
7560
15764
23594
44802
45368
2835
9719
32913
31468
27882
18245
29522
2301
48768
7720
36652
11301
17531
4171
5042
1353
1426
43124
42491
8554
47930
40686
3535
41125
1481
31213
34277
33492
24262
15714
45303
29225
2748
15209
35795
42428
29538
22630
38435
28601
20938
4910
13214
33461
28832
29868
20002
14831
48785
19388
4162
19275
26646
39979
2908
24874
35902
10245
45555
11218
1475
20578
19199
15694
25749
16380
29644
19599
34757
41507
4941
17147
40822
11799
9955
21312
8250
27998
7644
21455
16108
43414
25723
8767
5989
24760
21680
35221
41556
2210
8227
9336
43927
27365
39628
36630
3025
23410
13293
3443
3505
41513
24664
15287
14761
33434
40467
26192
35375
43594
23611
14042
10859
9675
394
46987
8087
11113
17638
520
5208
8145
5512
13450
15646
46156
46857
32944
45004
15950
49369
35647
8001
6499
26132
6411
15286
22749
1952
12787
19342
25533
6117
19395
547
3689
34956
14284
34903
43249
48031
31219
17406
16351
31853
4032
25587
22750
7564
23406
37514
17091
37248
43885
19806
7410
41582
17516
19699
21097
33129
15005
36741
42539
10537
40837
28609
15702
45391
31514
8097
18134
43574
20839
34391
3228
2015
3771
33595
15634
1807
44917
31548
23742
32435
5092
20944
46250
30558
10132
1174
727
42611
21367
37372
15619
4132
34809
13796
40503
21509
15596
21157
20084
19987
46268
29763
29268
12963
47711
37770
30420
40796
23813
37908
40490
17685
15826
47267
10509
16073
10040
12004
12730
46249
27033
5390
48423
48
18945
7046
35014
13005
42564
32460
12173
22604
103
12328
28413
31920
19317
2917
45113
43435
14056
42930
27404
18247
47164
38467
26663
30531
42190
45672
4762
20966
20948
45111
44733
4688
20782
11911
41099
25918
48893
8476
26529
46591
14130
7000
28146
8971
28595
806
30179
31451
31921
28757
49128
40385
25999
47617
43406
48061
4371
36545
39589
12185
23337
4394
24665
4109
17641
17512
32601
23476
29463
49586
24442
40749
9434
32331
17930
2152
24297
10540
39119
22585
28420
2904
45811
33590
23095
13387
33959
22170
11989
26344
26620
33494
8603
7741
47025
24026
13937
1255
6550
151
18040
1739
40321
33481
1434
6058
7520
47211
18342
2964
18536
32734
28666
8686
11531
43722
48881
9713
41160
8841
18392
14282
13724
22764
36129
4207
28642
9312
20023
41920
11868
34859
37644
28969
44066
32909
41773
9436
8246
10757
42835
25712
40413
23732
47553
14762
48836
17707
42899
22796
18032
14927
29492
44749
28871
35847
33926
30584
7721
15332
28336
45120
20059
31074
7525
24610
7324
13918
22949
3265
14449
38331
44825
30408
7599
39534
2408
13416
35292
16602
24150
7872
6202
32436
25363
13871
8351
2476
46131
25523
1611
41451
13146
1604
5085
32235
16481
33718
23115
39996
46116
49309
35370
47905
8641
8438
14979
28526
35255
16141
25286
3973
12083
42572
36020
4527
538
27198
19833
47221
5591
40974
36941
27318
5137
7902
9880
21290
30573
9893
40173
40499
48873
25498
26433
2267
13892
16968
4516
25419
45481
43085
35669
43500
15877
16281
24505
48060
44389
28173
29085
26255
22068
6732
6489
594
49862
22477
8380
10887
6212
31743
15041
24853
25145
25243
1224
10316
17058
35914
32122
25280
4256
15699
41967
7301
37142
27154
36458
22736
25018
37148
280
9286
76
34846
41757
4381
2826
35424
19788
9249
25347
16988
40393
49843
26701
27682
3077
4328
21168
42059
44669
46769
27999
26314
28379
45235
34153
43236
20245
30829
14346
22612
6231
12247
45898
37858
18157
27217
3769
16680
40689
48666
44717
11874
19907
8205
16386
17387
1792
3763
16070
16474
7559
15089
2107
12254
21429
16271
6444
21505
6306
7204
5220
39572
9585
44187
20221
34486
1898
48834
20349
27004
37528
40061
1749
34968
38140
29500
23886
7007
6685
24259
41370
29646
34749
17111
27726
10349
43138
12275
31864
46322
10535
25582
49849
21343
41746
28366
8932
27701
7502
34085
6878
49448
28447
26662
43369
29173
15559
31466
203
22326
9905
652
10156
27736
35656
29577
14949
18257
6620
18873
1758
41315
14023
41546
24686
20812
4674
2707
40264
7670
47122
22462
28347
19379
6652
18381
11015
28469
29184
46041
30015
19934
27788
6634
13073
16792
2303
6523
23648
10786
20008
8427
12457
37404
17885
23829
9512
3050
10399
34551
39098
26688
152
30766
2062
1740
23779
1905
49398
25205
36459
23264
31614
24650
49459
40494
2601
42284
26398
23516
44184
33363
29154
32118
12438
21338
47026
17371
24477
32927
16944
10187
6451
37107
40137
48653
157
21644
14238
20501
13233
18626
6657
10523
14588
22116
37260
36181
1506
44422
19586
43654
16041
17895
21335
46681
46221
23456
26825
16534
22437
3073
38617
39517
40432
41926
2914
8017
25627
45118
4901
35608
8922
3089
8064
35139
27278
13709
2061
46614
3292
27299
10071
6594
20064
31814
28733
28934
44195
34927
44916
9096
48883
42046
9338
35009
27397
25023
3020
30320
40422
17316
34818
6811
11939
17554
1482
22308
7519
19270
20151
36520
5623
40744
2941
20873
19551
26869
39278
2668
32885
16557
3088
32417
26156
40182
25331
44627
36640
22018
30601
15022
31183
35995
19950
48432
4432
40972
6316
5983
15695
25046
37110
13445
44876
41132
27775
42416
22087
16674
29734
7446
47359
46849
34713
45208
7216
19728
35912
11014
47812
42464
48806
31566
43644
26165
7277
39479
3837
1342
10951
17365
43881
44577
16098
27796
26031
1350
19545
533
16677
36296
5507
8852
46409
44605
8678
2896
11305
11832
20562
20713
31083
16267
47761
14450
9569
33705
8376
2342
24993
36600
20600
38789
33242
27845
46149
40766
15678
34422
47287
40752
45316
30776
18599
16616
29274
42419
42879
8512
21000
40087
45267
25348
28429
48967
45100
29294
48727
42954
27787
9414
15167
38911
47139
18460
13327
32966
39776
27687
4145
42273
11693
5851
7608
29266
6287
19923
48525
44796
5225
11199
47896
19453
46362
33319
19056
14850
11555
2805
15168
41681
35269
45249
42985
7655
5115
47991
628
3213
42001
44096
18615
16841
23041
22819
24236
34147
38695
9872
15970
35349
3708
10051
48117
34527
43814
39218
37862
13718
39171
32691
15788
36169
27602
39858
29981
22569
958
6969
19655
37157
30913
43059
30993
22648
22460
4501
43351
39195
15463
10208
45418
32637
42962
15582
22027
20146
4276
4846
22790
10310
14050
13372
36417
19695
19017
11481
20115
11836
26948
18192
15949
20226
26999
4273
11049
35181
27703
36464
49148
48622
49595
26503
43469
38319
17540
35029
28594
32479
25117
33261
14673
13708
40172
44948
14256
47519
39910
18639
31037
24531
30207
32350
22580
39450
29122
22083
9594
35365
25215
42306
14965
11008
30486
9200
42549
20692
8561
21517
11762
28959
20123
47629
24247
9469
21053
25630
36700
15127
6672
10612
45642
49227
18279
33989
15575
38283
49633
41722
30535
17290
3687
13944
28168
6579
43147
10474
30027
27315
49602
17292
11140
46378
13530
24581
18479
42692
1558
30647
31924
43613
46993
16713
41753
43916
49654
18815
8481
49327
5202
34378
10202
2209
17691
19940
615
11820
38807
18286
49385
23893
27848
15082
9897
4229
40391
8696
25562
44971
32162
31781
37849
3132
10615
14411
38637
9657
27216
20314
33382
40223
1210
19594
3550
26379
36254
4999
6407
36637
18475
33731
16599
14527
36850
21486
1546
42824
27431
13231
7333
32327
6304
25699
48646
7859
27237
48675
38116
46295
5273
27064
37175
33022
2609
38414
4693
11875
11281
4368
32757
14456
28208
7112
46852
43201
24930
49004
28932
6286
36393
45479
27444
10154
5404
40031
13569
31491
31360
29629
39592
18495
24793
49851
19019
35497
31374
30826
1837
49403
21760
46013
27858
48679
266
31272
30323
20490
31017
47830
31018
8156
35931
24363
18370
2388
20618
2343
44424
9454
19023
26692
16449
11105
4679
28973
3511
6389
37501
47743
25696
9401
11254
8439
34132
31683
799
38555
5963
4822
30568
7666
35874
13775
36495
9584
12535
36723
33014
8277
39908
10417
19725
24317
34670
3694
6215
48962
32865
47496
36529
30691
17078
7335
30223
18030
26095
44149
18378
17791
13469
1508
43744
32658
37745
45849
40742
22521
22709
1875
34236
15458
29647
17183
30611
27107
40577
32082
39886
26853
2482
24623
41145
2882
14113
48989
38902
5731
36172
16057
30902
18545
39521
8742
9539
21255
22809
24595
47895
16130
46085
10439
12370
3054
3603
22393
9132
1643
12758
27417
27525
28808
43463
43101
33775
46036
33121
41367
19616
30790
38201
24304
21141
32980
15202
7877
6126
21996
42739
10799
33184
43485
33351
962
8206
6897
33642
7304
41551
33896
26247
13899
19675
39196
9363
20801
21688
471
3857
19838
38564
18977
44438
9429
38084
24403
12172
3697
6929
11410
25182
10649
47449
22534
21192
25761
40421
21853
20238
32043
22048
29124
2501
32462
11873
30013
35736
22649
19684
49607
18802
44847
19198
46960
30441
47007
32843
9791
7974
7711
42166
26859
20320
537
14996
4364
39359
14354
2827
27137
12688
17161
33135
39116
11856
1237
31177
14342
25225
35433
37796
10124
20142
39321
11641
33306
15303
17902
10583
21093
1105
42022
8637
16159
5649
9035
1691
13419
16442
10808
38935
4016
19472
1957
39752
41224
4217
19309
17475
20083
24920
11228
44852
17012
27434
10553
8607
48034
23192
32346
32959
9749
3279
18992
22501
21934
15190
818
11997
46918
24197
6966
5952
16823
34142
11691
6669
23175
21616
5908
12822
13502
45566
36240
37868
6048
14524
19010
35388
22733
32334
47115
4193
27819
42637
48794
41528
9273
45702
35739
9871
20815
45847
37900
24433
6346
9527
14254
980
85
4575
41393
16427
23856
22247
27824
9968
35587
8084
37272
6700
39076
5001
18771
3650
29050
42802
46955
4745
1826
12261
25861
33302
14317
47628
12380
27250
165
44701
19956
48405
16554
47426
49162
47256
37759
2958
41057
11784
18155
6163
12817
49421
30569
19677
38129
30200
28717
6547
40209
12069
20988
29655
23388
27814
13873
21325
41361
28884
5916
33330
14110
27572
15723
49499
49769
43795
16128
12095
15483
12700
45781
15771
7797
1271
32096
12234
26835
24372
28482
32264
5596
40298
39808
40267
18956
36374
28519
15207
29210
40675
49228
31317
40620
8050
11606
14655
11956
30269
3079
7907
20009
26827
1465
33743
48476
7344
25495
29597
43987
43631
43973
47123
17678
19670
19036
40487
10315
30277
49853
4963
30977
31139
17679
27123
46649
16468
39395
38281
47303
8211
11196
11710
36519
6743
34647
18712
36390
24078
22265
4083
42850
3855
21954
4060
42592
19459
48558
16342
3229
41091
19994
48083
23988
23328
14463
29904
22197
44207
16269
32898
33090
33154
38273
8901
42522
29680
15265
36856
11927
23055
35563
12909
6062
3333
24989
31033
48551
32512
4289
45116
30794
33322
33617
18075
42276
13020
25130
29127
31896
34627
41985
14416
2140
46519
16117
42867
43464
21236
25119
23164
12071
8484
25914
8281
9696
31193
49663
7574
37833
49668
37488
16393
33651
1612
26684
48586
22331
38658
21251
14121
30369
1919
48928
31640
33604
4041
30357
7151
11544
9774
15181
46936
48557
38684
7596
37651
44008
17744
36488
33916
43488
40618
7366
24270
8665
33256
35332
13292
4852
31749
29889
24889
4833
25086
20359
40644
12024
5379
42265
26497
47632
49391
8533
8610
9944
44450
5889
12080
33495
26488
2522
3831
376
3876
39081
21890
22636
29348
41126
23294
22264
19800
23317
37231
47098
29360
28125
47721
3821
8773
33273
39664
40613
14942
42158
32655
1983
39650
29051
45843
35955
44861
49744
42763
38354
42024
40919
34557
32771
27647
47725
43789
42983
5130
33652
5632
32511
15112
24265
25742
2614
32923
32817
8548
33233
29620
23985
12681
7356
26315
37893
8404
45745
15203
38466
231
49902
34055
41706
20795
8021
44667
40232
14760
43874
43135
13567
40278
16899
2773
35023
39944
17523
15650
21758
563
44914
34929
16430
11321
19452
49750
5986
47950
10611
41261
3525
30960
48244
16811
45189
20835
32144
35771
19276
7691
42480
28184
4243
3732
35529
27409
27388
28378
12255
10826
9251
40488
44265
906
48701
26271
17492
48773
14176
37768
5609
22256
29604
3224
1625
4659
2517
12847
5407
10834
46670
23682
24969
8391
23311
39411
30305
24235
42532
17254
35483
9432
33440
46154
5336
49334
7918
4314
38536
13903
3423
40512
11974
21214
17030
33045
5252
8569
15591
6826
29601
40518
37583
37771
28137
45732
44772
13882
17440
16110
11380
26232
20337
1937
6683
33138
31184
9586
12345
38220
6253
17532
49561
8492
21395
23602
4242
10665
42619
32253
38624
6764
9646
6524
15199
40932
34302
48726
44114
42433
9317
42106
44421
44879
16775
40148
14014
32516
37713
22759
33130
18190
13632
48927
35238
40896
19897
10222
4732
43203
47644
10223
31188
25369
14108
10293
31015
48809
7150
401
14838
1447
27055
35555
12482
19264
39277
39530
42602
14952
8781
45071
14211
29330
42040
29411
