21359
16705
17822
4013
4447
6420
26425
24658
38868
24758
18219
38244
38079
38644
32258
17539
37279
39125
20144
10816
3693
22257
5498
29365
1641
25186
27871
44603
8646
12735
29799
42906
45047
28724
18443
8988
36573
30893
5330
330
30803
10022
19753
30222
24234
3001
1692
14142
19957
48439
26010
46975
8803
25764
30956
28942
12699
44102
38914
32835
48308
15950
49798
10730
36426
38095
49485
32352
38098
41709
6207
42223
42896
38128
16126
32040
2957
27861
33995
2006
22006
9400
11662
21741
10055
4505
28236
4325
29571
28470
16309
15670
47181
14385
48456
19851
26666
1004
26154
4311
5728
18239
1878
39954
19213
42338
25004
28829
28270
21713
31909
31331
28518
27212
3439
40089
41639
10114
5274
11337
12340
25209
15360
33873
17037
40637
23645
13563
20829
6605
10149
48071
27826
28858
13848
47080
16655
30865
10096
48622
38185
2745
35947
988
13957
36865
356
45121
39979
25203
31000
12078
15386
19652
20297
26006
40607
7768
19781
15036
2330
6524
45342
9914
35130
4526
17180
43131
21366
43897
48408
1704
19665
35751
13645
38805
44437
17625
22689
1603
15908
6401
25990
23647
19256
9019
28939
19705
38521
6560
32132
49890
28087
10233
46403
30310
30188
6680
10844
17347
15663
5937
5588
16867
27676
47618
18531
11394
39143
10867
35708
36623
30099
4354
45362
9718
36559
44236
1760
41567
17396
4795
4193
40185
7182
6258
19907
21358
11572
1354
49225
7309
31079
30563
28354
19284
44057
11617
14855
45048
35161
20547
14059
16765
7154
12920
47483
37661
34908
42928
5439
5852
48798
20487
36704
20805
11164
36974
42187
10418
18390
6215
37623
49050
35900
14715
41881
10573
11567
37717
2550
7286
20289
16483
7795
34417
10969
32994
18396
23113
6548
24161
7771
29122
36429
27831
33232
5509
17970
35585
38803
33831
12883
16278
11819
16182
47708
7188
37780
23172
17563
19061
21751
10117
18372
23610
41077
32598
47041
20232
25421
8581
49579
16243
8165
17900
37037
46988
11467
6187
47704
6357
25983
20305
43110
31513
2647
29217
13773
30199
8538
26129
38477
4947
36784
15081
1874
1932
16254
5854
22597
36214
11128
48663
47325
29546
37305
4702
15135
28601
11562
20015
19000
20229
10523
8124
14668
40709
6522
15237
13215
13264
29481
11668
12670
2687
19772
43602
7070
6662
1800
10018
23655
3332
17405
21772
32280
48479
27208
5122
14566
12097
24305
38601
27155
44786
9767
47243
32592
16555
49799
11087
21165
27727
11944
48105
39400
48617
37123
22440
24183
28720
22786
30394
9814
8095
16678
22916
31842
49994
22814
40946
38357
23762
7373
12139
33116
23039
46714
3871
15775
3581
49833
19723
47634
21776
24448
38838
33492
28732
8950
21997
6757
39241
11681
40368
16535
48930
22619
15536
2514
22340
47007
40403
6899
48002
420
9301
30533
47024
11345
18909
37137
49341
22527
1840
2856
3904
9377
6905
2695
37441
15547
46472
44802
10522
4705
37721
26020
14398
25005
9339
37127
21911
15039
2418
39983
18886
33126
3451
8343
47214
43612
4726
9801
906
16264
5030
47787
36293
13492
13408
11379
2995
13956
47649
25735
1315
37066
46041
20467
29750
33771
45920
30646
42287
8788
19584
5032
6587
49403
11859
44668
13528
19201
24523
36683
18598
15732
31699
15607
691
13826
6300
47365
25241
24984
29624
13633
32812
49144
19971
24751
48073
22112
13079
16901
21206
26906
18670
43833
4126
46737
8507
47482
29513
48012
34023
45252
17156
3363
21725
1200
1936
37366
8901
6315
13139
46965
27555
6311
44924
46758
48475
36228
13711
21106
12737
47248
40062
22251
44502
34044
7844
13381
23959
33500
33566
49883
46208
17746
49699
20580
43147
13622
43787
14854
36279
41388
18152
9860
43562
21896
20435
23521
19988
45996
32888
29746
32236
20774
25726
21549
22697
36215
10011
22178
38353
3206
17879
22546
114
43848
45384
13891
36205
30111
32593
35302
7040
36604
37899
32936
12716
46635
1407
284
41666
30528
22848
24502
18359
15438
38444
42191
21736
21971
6646
23089
39798
41938
25070
13837
49369
40907
17496
37391
35059
23950
25477
7730
12579
27082
39454
28802
30470
27584
44106
16474
47880
35813
472
49355
48531
12854
35068
44669
9617
2177
27537
23712
26149
8675
15358
47026
25295
1331
17875
29768
46169
31447
14516
23701
21515
48971
48527
38073
39344
11640
33845
44570
31937
44078
5130
42012
46663
29527
8271
3918
34876
30305
10987
21978
3493
31320
23846
18649
31217
17779
14475
34795
9480
11072
4940
38360
46147
5858
6658
12822
10751
17120
3285
24563
26668
39249
33760
30224
24009
46348
18970
895
6217
521
6087
9340
41798
9202
43597
33017
22354
3632
41218
35893
21326
18698
48983
39213
13684
7613
31247
5562
15657
9271
31474
28367
45862
9106
3522
41295
44811
40303
21979
3320
35870
6610
2938
19808
30068
22232
11123
13774
29591
45539
33413
40003
6727
34592
34759
37162
37760
42703
41264
26030
13212
16521
18875
12192
12590
25333
45127
3647
1023
19550
40117
22481
46979
18402
6969
5393
38533
35249
24957
14410
29354
14261
41111
49776
40629
14756
11759
43900
11648
24
9379
43996
15871
23531
41805
2261
18627
36060
1352
26400
13441
23932
1108
17029
36276
14249
41487
30484
4403
45257
41300
30782
369
44798
33414
25188
35453
10091
29911
22650
16491
40331
17398
980
23715
20320
15044
37301
40400
31986
7814
43039
4034
18100
342
45247
10416
16856
37639
40968
35276
34126
18519
44170
5441
30257
29235
2231
35402
44367
624
27512
33066
26361
907
22477
41515
45978
45118
6086
40179
26483
16680
40459
44876
49479
6781
16862
47545
30236
25966
14074
41178
1777
42176
29450
36952
48588
27731
25602
20937
37570
43742
47564
775
10921
14682
6830
7746
35600
27869
5986
11520
15737
43790
21512
28227
44868
12722
9248
28163
25169
13795
25690
4703
44965
7103
20790
41886
37970
14233
6513
45742
34273
21410
16136
32309
8425
20880
46090
5202
28140
9038
28112
12170
42944
36756
43139
36688
22443
7968
3714
25146
27192
16393
48945
18006
30392
17547
19456
43471
276
16688
14746
28992
17957
26601
1846
23965
375
42028
9095
42702
28610
46310
39138
25872
42146
41014
24295
1598
38081
22221
41018
4729
49104
29879
26367
28562
26000
37081
23030
12796
4958
29466
43315
44449
7375
6221
39141
5237
36483
30239
13
9383
33158
26057
10910
21011
11334
42232
14014
29226
16400
15049
41421
16452
38207
6403
20680
36243
5696
10413
7507
25615
2014
3511
10167
10896
46347
10259
25066
13612
41985
22430
10516
43205
46967
3899
39557
46999
37321
40211
42006
43187
6937
33632
41755
32387
16422
36366
4943
35371
15845
19195
9522
29323
1066
39146
39877
37178
28924
44755
30637
3207
26013
39408
28849
47259
44978
41320
46689
11626
44944
3808
25214
23899
7975
5712
32476
30559
5197
34885
6645
47709
21374
37211
4763
11408
34569
16366
18241
36357
17338
31764
24120
19528
17607
10437
41488
1572
6871
34626
6444
31371
38387
25650
9774
21783
38933
31745
20461
12059
16540
26916
18664
17392
49545
38710
45535
7986
12899
5962
28380
44949
7523
38751
39262
14106
36080
35849
35657
21645
34364
9210
44930
1457
639
45206
39975
20020
22745
31725
37916
18399
2718
39529
44623
17774
13244
27805
33234
3169
9314
24503
26958
36137
36365
27419
8590
38820
16319
8966
10065
30012
34479
39385
41920
42456
39004
45205
35242
31307
22720
13010
28064
34366
13322
26868
16995
6698
41144
15445
25747
27159
49223
32627
41154
45203
35379
11216
39867
16917
18423
2213
15136
6052
11113
22858
24759
41685
26228
4433
40582
10899
41006
27835
5810
49339
38880
31601
10726
7520
39510
44152
26472
8384
4295
34458
11755
20006
15205
25123
5381
34489
48196
277
42279
19246
24849
6018
46673
21448
47912
19599
13468
11376
35349
24128
29282
48910
1441
33832
10111
28698
41703
19585
24805
20027
24966
43401
18365
48989
43878
31489
47871
16179
21337
26036
40924
23925
38266
49576
47408
2109
1322
35834
17044
27184
34052
27937
1920
35887
33740
21657
27365
25925
22692
7717
21672
30158
30454
30049
21789
46968
49269
38393
34716
443
28192
9782
49150
46771
33076
34552
7015
25154
19930
32462
24554
15519
42868
256
35611
38531
9907
12341
18819
31205
29772
49274
21667
12807
31016
31545
16463
7073
8745
21079
36062
34810
18225
28355
35984
4419
29996
3132
31380
15887
49940
38362
4402
28148
18952
25096
11166
7635
14176
27178
31083
31493
27931
48680
37007
29859
16106
3546
34869
46753
30506
44964
24177
8107
38850
23503
43699
29921
25948
4460
43591
4521
6703
28259
28051
41632
21178
7686
8674
1138
48796
32768
47291
49310
20370
2937
22478
37709
41590
16080
33749
18853
23011
21421
29907
48490
13647
14592
40104
27423
26061
37557
16143
45074
44920
13542
16200
47406
4431
30146
35065
43992
23973
47523
41950
11793
35217
3687
18144
7456
35722
45311
15759
40239
37622
33881
33495
34840
24054
21767
15476
11705
22683
27348
32586
35807
41157
17819
32811
45134
6923
42821
36886
9747
7760
5773
12849
39266
4453
39563
41622
20649
27017
14537
32595
33297
20916
10936
48533
24824
20569
38551
33139
25452
48791
30913
39672
49711
22780
18861
47312
13148
26688
24484
30632
16685
2966
15311
22841
33720
6641
17941
27832
37207
44765
11544
14523
30925
9642
35303
37225
38770
44715
2461
23469
46289
48450
39302
2485
11942
22423
23151
8965
28996
5776
16039
6251
14238
49448
44837
31076
22484
1293
33805
47770
31420
9839
41058
25212
8254
25251
11433
28883
48789
28278
47244
42290
1836
30813
28372
2043
28959
19275
30447
5248
22894
12293
4418
41761
28481
4355
14140
18932
24091
36296
1529
24340
24648
2505
26329
12627
22872
27622
8274
24170
22835
15537
49876
636
4119
41578
16890
15455
28204
35927
37350
13292
43120
9286
17299
38197
15375
23489
32130
24206
29127
10491
16519
26102
33626
40293
2170
32770
42632
22367
35035
26805
1658
25510
2636
28374
2572
31831
13842
32765
36198
14122
31947
6455
29616
7100
5464
14861
45456
41854
13341
7480
44767
17219
30462
37583
33427
27296
10941
16594
1865
33179
38532
35612
5382
13151
23253
911
22249
43694
15433
38827
8910
42816
30513
18460
10590
47719
38585
2238
27079
20706
29830
24045
2685
24652
13136
14723
38720
13803
41875
38448
33295
20135
14681
24309
6616
6155
28570
13100
4116
45178
32643
47126
24516
11043
33803
17074
18955
17162
28884
45790
19004
41958
32327
43312
40361
5421
13597
6737
29155
47956
8143
46386
16549
46914
13682
40586
3498
42038
42179
11930
48478
30724
15261
27157
6186
6806
22642
5764
16347
10305
12001
14107
43199
41213
36253
20142
6931
21931
36986
13133
7360
35530
33383
7687
41739
39761
43860
44199
46060
26354
37337
35525
19200
43779
20308
10961
35705
32673
2023
39774
36695
40941
34072
7088
42916
15401
415
45421
13321
11671
22063
43715
16683
34245
32141
6697
49810
10705
21867
40803
40107
37573
48609
31436
39067
19790
13308
46231
42937
25098
24891
33890
40886
4301
27345
6620
28255
33761
28388
24094
16527
38078
13613
6324
20348
49954
7934
11233
482
45340
34883
38562
3845
6218
26839
49580
29408
48321
7181
17982
49113
20717
3006
12574
42157
11354
27856
47813
36911
7492
26356
9390
15256
40126
9697
3531
17980
32430
396
8806
20793
8622
39124
13562
38932
38826
26131
4094
31887
12
47084
48629
41051
42492
2012
7211
2467
32290
35857
30436
48712
15645
41149
11521
38736
28905
31499
48585
32675
10824
20738
41404
1816
12280
45570
3226
2279
4735
43954
7264
34244
29378
37254
41636
10287
16820
35840
32239
11963
43360
34223
30738
44491
48254
4762
44455
5859
1672
33518
46174
42388
3626
37997
47603
33920
37325
13739
40636
46077
39765
13620
39182
20505
26222
39331
8812
32528
44129
2909
9461
31386
34770
38272
17076
28435
47843
36437
32537
8144
21151
8883
39990
1136
45003
19462
32073
19887
29836
23496
49767
13691
11790
43703
44820
15678
17581
36355
2253
35482
10830
18298
47320
32950
20526
4369
3715
38622
31533
30324
15838
35335
21897
9988
7588
3762
20987
30396
8278
28807
21101
36569
45497
8126
7199
5345
7682
41216
48975
15489
33870
31357
11352
22659
7203
10738
25498
11268
31396
4695
23391
19537
47133
49512
39733
47722
28806
28517
36073
41043
38032
18735
27654
10385
27136
30776
38677
44839
15000
7169
24275
46729
7971
47754
7745
35067
8216
6481
2296
38493
42592
18795
30812
47394
46272
10678
19996
42062
28464
47379
22315
14920
39339
3218
40716
29180
20375
44435
19689
49405
48785
29595
17809
12407
49921
43521
28722
35445
40270
7656
6895
9344
43812
36291
98
41214
49397
5869
8942
6649
24127
23177
40412
20497
8297
40682
1503
9763
16538
5151
38358
4279
26782
13394
2403
42185
36129
3516
5666
16660
14411
5082
26999
16289
9324
1148
7829
20471
33591
6861
47056
37821
20752
11920
37563
223
11786
43984
19322
8661
20218
1318
8715
47459
25385
25289
4307
7403
24415
10922
17974
5561
45228
23115
9756
34284
45401
779
48242
18049
48109
32015
9720
22464
42389
18544
49669
20939
46579
15030
19261
18028
13103
10395
21403
29152
37290
12312
35842
44864
7043
30316
27942
36552
28815
25817
44334
24296
15963
8923
33308
13887
19118
11449
15868
35898
24620
4737
15202
44863
28174
28009
26930
32231
11134
2186
20901
1447
49026
6815
24933
42647
3299
30085
42851
48881
33538
40102
48884
10210
36378
5379
10451
7763
5947
14289
44004
23634
15647
10404
32183
6044
12070
16958
29066
39207
36206
45767
28506
30198
47164
42507
34814
18295
25931
44505
14745
48568
6385
12646
48272
13512
34523
25087
43488
14196
25500
8116
47957
28146
35908
2458
611
32461
31962
48677
47607
21367
32991
31154
16523
20495
3388
43090
14182
10578
5230
1968
5316
49413
47746
12441
7067
19077
14032
577
21577
49870
12203
46052
5996
19066
9643
42914
43531
26536
31732
25113
386
25720
35456
39354
11459
11201
10457
13095
43067
47506
22066
40358
25161
11791
4738
15573
1765
33401
43623
15479
45743
44252
15554
31124
8797
36465
8727
28563
5089
2900
39493
36194
8987
36299
36976
41691
22565
23312
17019
29095
42925
47808
22025
27581
49750
11402
15564
14133
45373
46021
22972
28908
48438
19337
31068
46750
11618
35164
44683
49152
41279
14558
12908
6106
20330
45183
17954
12536
40680
17111
47093
22181
41427
40634
28523
46442
5042
45238
39645
4231
30009
41384
8601
46317
49350
32877
23058
27310
5499
9311
15203
12930
10807
18288
32225
9810
31399
38520
21973
3897
4681
39604
32623
40748
12865
17065
20287
39121
22185
37902
11439
36714
4536
46457
19507
9029
35219
9447
11147
31189
8178
45945
37420
39194
16019
29199
3298
23949
7337
46014
31997
46401
43956
34563
26402
33356
252
39449
4793
35513
336
7382
11848
12142
46676
2853
15742
25363
29172
53
14161
3470
6467
43548
46910
34616
22013
772
27201
15648
5692
39526
36777
20478
6294
43403
8330
30285
32469
29697
43314
48486
33605
27206
15309
15153
24864
17715
47487
31800
7605
18503
25430
25127
18848
44600
1732
39239
13533
34773
35711
34425
35401
15099
30127
613
25296
35693
38729
48635
33909
9000
24200
33822
27578
29612
37436
25801
12594
22851
19881
45273
18297
45522
10406
21825
16050
17485
37216
30974
1601
24139
7531
23927
4321
28711
39003
4115
15940
32497
47281
47668
10666
48218
23361
30197
22537
20577
2493
8533
49822
39674
14759
48902
12176
31159
6067
9490
5265
46304
12836
48207
41246
21822
36584
21232
7036
38023
38818
44096
2440
34761
34081
32527
7666
20971
2670
8402
17451
49272
39224
27244
42985
1015
27990
16985
47187
19514
35974
42300
40394
25978
26513
18603
22846
28232
3879
7811
43047
2528
43157
36519
34600
30352
48499
10814
2777
12866
7374
30280
21921
2554
18896
29350
25367
47330
13038
7325
26854
41620
40213
44439
26792
46050
1828
22903
38737
27793
9460
21552
5055
2561
9036
919
27797
34201
3737
14245
46141
31741
46931
26992
23895
9969
15093
40944
8838
2532
20536
26364
7477
5358
31140
20558
30647
12943
1277
17093
16457
32846
49648
48060
42628
16586
8767
31939
12900
4175
43129
29526
21486
29102
20638
18104
19041
35886
31506
37194
13680
44134
24026
6869
47489
21900
10209
33864
17914
43381
3180
39998
15671
6814
30277
12919
3847
32814
31844
1709
47556
33866
37928
24808
13088
19249
29512
38969
18385
33912
45023
34950
47976
43668
537
49735
47716
9739
16023
34554
3153
20929
20740
33907
19305
36840
8085
17109
34432
23214
28344
8970
49840
7522
3741
26529
24596
37459
16119
17139
15262
8356
13105
4059
24189
15085
25422
19578
18287
45739
32924
5657
4584
23120
5903
1741
12328
23700
12676
38108
23054
13243
22454
44913
24030
31856
44552
48654
6135
8595
5328
13763
15323
39843
26892
11121
8545
29132
47341
46397
30774
26029
30839
10574
26072
4021
36267
12905
33301
42626
6870
12842
37343
34059
25531
25672
33349
4977
44397
7151
16191
23873
37913
42022
37621
14778
8230
9580
1286
40399
33736
42129
15951
10924
29072
40608
26942
22884
14407
45155
15066
10194
8020
29541
12149
28348
22245
14717
11131
16689
31047
46088
49271
7334
5840
12823
41299
27564
48488
38193
33327
47222
5915
34145
26160
45088
37057
29701
20085
42182
49823
4783
26167
24108
33983
38390
2300
38441
3333
12719
5413
12343
35933
29457
7044
13566
8176
17589
13453
3058
2988
47170
38659
42989
10712
24111
22604
34771
29605
45402
35880
27726
5489
1949
36259
6333
18767
26510
7669
34670
33342
46157
23057
49773
21636
7528
48564
17402
8680
26413
19868
6103
13467
4097
12352
31265
41194
48580
16914
47011
41074
47920
45574
3436
15832
49854
45919
14467
40069
48807
3761
4942
22234
46443
11679
24692
43849
16407
13062
14213
6506
15565
41086
17883
38260
27667
48766
15514
37074
19924
39521
2595
27728
40373
16637
2282
32843
34419
20465
15079
34283
5313
48997
20153
20432
246
18635
42825
49344
19855
40648
28742
29297
22210
39463
30133
33346
35645
7937
9709
1064
48512
22471
26360
31492
42715
30538
24198
20998
20725
49781
19023
6497
10425
45415
25100
20743
20169
1162
11586
11407
4086
45317
13015
34314
36166
9149
43453
3525
15529
36990
9257
19776
6872
19260
14033
16172
37304
20782
2836
20013
11209
28979
25024
49779
26371
18858
29662
15271
35119
30784
48203
18030
16239
30709
6235
29793
42102
42019
14899
41972
44239
22435
35274
48956
18564
46871
31081
33136
36649
21404
39126
46909
34372
25963
26771
10409
10294
44028
15533
3683
1556
28749
44249
36234
6951
12187
39051
13593
47113
35471
31841
33554
39527
30532
47652
13875
23643
3996
44111
26981
43179
21219
25586
31620
33071
45900
1504
31169
6638
9164
29915
7819
19920
42820
29535
4569
24064
49765
4639
46789
1105
40661
35116
4054
24201
36595
32802
12583
48082
12731
31971
16215
32447
22446
1409
42304
38209
37474
40940
18628
34585
27073
9524
6057
1300
7655
45152
28412
2978
47870
46802
49567
5402
7160
46081
10906
20679
14826
11265
46699
28805
7155
14027
17437
9099
25394
24622
24195
24368
26643
2920
17253
203
95
15927
19140
24414
33693
21913
44575
37630
41021
38230
15125
19296
1005
3031
43425
14793
42681
40760
6484
25101
35521
14455
29425
6083
11651
28672
14728
8365
2639
28162
21963
34040
564
46124
42947
25795
21811
36664
34594
44339
15021
20230
2864
33113
36412
46207
13690
30295
26635
11720
14355
35237
3240
7917
7111
38257
22408
8510
20407
6113
33365
11207
26884
21504
35044
2438
34990
39537
25553
32210
49184
41904
49915
6286
25757
9579
1209
27609
23519
49614
870
16368
4769
6437
9354
43916
34919
36335
39582
21321
1622
34079
1538
40804
16204
34092
1289
45194
24501
42281
32891
43907
33454
25688
45078
44934
33034
13719
44133
28868
22259
32746
45179
14255
14850
26736
21742
48890
5074
47602
46469
46452
11880
28969
31295
4946
2141
17759
10340
16414
22465
6473
15804
11869
45975
38001
8512
26015
1736
38049
33697
30055
43532
11390
44461
5117
18007
12543
31182
25803
6040
11331
33233
32294
41674
37033
49995
4368
13867
24650
31008
36057
37718
7689
33734
34524
3720
32572
33677
32479
43180
38592
18121
5766
13572
37795
48598
26559
1166
37820
33053
25092
3974
26024
40134
44855
5097
41412
14555
27846
44638
26880
20721
14239
19037
27176
26531
13160
9504
21835
36878
10020
3922
33067
19311
40718
1985
35003
47210
2655
11165
13781
6260
40534
18009
10248
42631
48044
29359
34482
6059
17432
39473
15672
29288
49170
38439
32354
20222
8083
12508
31409
36011
6934
49281
47374
26494
40830
501
11030
30591
44947
47417
2866
3882
33963
49787
24589
4755
3137
2269
29000
47177
22302
48386
32047
46507
7338
15361
44714
42856
13446
20907
43184
49929
22912
32384
31967
49460
39608
28466
18823
46181
44517
9352
39412
49848
42209
21396
44473
28427
42180
43444
46332
45674
17942
43504
41102
42432
29263
39710
37449
11584
35333
1436
25114
14271
87
4928
16631
45925
18921
36513
15267
30771
46875
34408
14194
37067
23960
225
3866
4378
32769
19043
10436
35703
44065
38356
23508
24373
24587
9850
14378
36394
36935
39309
27680
22633
11744
14288
39018
8685
3825
6597
14178
34396
1536
4619
38428
15506
6337
15869
8473
41071
11208
27188
24422
7649
37628
32364
27391
20012
10343
2692
5453
48483
486
44775
7311
19185
23439
47641
414
12506
34255
17070
9389
11914
42334
35853
10316
44862
36301
29451
24735
8578
39159
34574
32228
43893
16766
22652
23755
49894
11243
10878
32649
9567
32705
27243
39810
30911
37397
45117
37867
34313
47081
19081
29725
7204
38961
47057
35554
32874
5080
37532
43816
47900
47915
19965
8695
4805
33773
37713
16060
35022
21281
41448
18956
41865
49106
46290
14343
43128
49953
13224
25889
9117
26312
18730
27491
39335
40059
5067
29837
39130
37796
43632
46833
12998
37601
18409
10593
11722
34694
38425
35785
37048
29177
17810
10805
27228
29331
25656
410
13104
48477
8772
9120
26011
15563
5573
29276
34176
27319
11911
19150
31768
49998
24743
8820
18707
6521
17862
19821
1671
5533
32522
47274
26749
1647
39389
16715
20636
33229
2925
11174
10044
8364
21313
16551
38080
42288
8211
30948
2590
12569
4131
44050
42624
27620
9398
43877
33746
46548
520
30424
30263
29780
40853
373
32672
274
7855
49036
4952
40590
43824
39394
29757
12376
32045
2251
4820
13981
22526
21596
29045
46336
33256
46019
20275
2167
47460
23402
21730
45893
34857
30398
11566
1815
9863
26497
49931
24359
32215
8641
29932
25969
22242
23109
12534
33182
49159
9531
22268
20458
13040
10703
40867
38896
16314
42127
20286
23195
44908
42348
2398
1290
20995
4684
21234
13485
12559
32125
35272
20629
6199
6032
46941
33378
34261
4605
42090
46766
18857
43440
38074
9137
34136
3350
18155
49630
15303
6767
33197
8783
14805
48552
39551
45991
30747
41361
2717
8443
28902
13129
37461
4142
39630
42219
11912
27525
12113
16454
41239
17701
30967
19968
376
29476
8201
7495
20903
19553
40681
15351
29097
21327
25941
172
24972
15450
4668
19760
43468
40140
37149
5545
9926
5186
40584
28625
22026
34595
554
29648
41982
35347
39899
42905
41790
35508
43326
23232
4157
43550
3938
38205
16062
14930
44285
14909
29372
3360
38263
34370
31722
11218
17968
31867
17632
12570
9692
23630
16061
42037
9653
41332
19912
42903
16598
2076
42078
47643
13913
29514
4627
9408
35892
29800
14084
45636
36948
21288
15449
43262
9259
10598
15395
4987
43760
30906
23179
25854
9143
34139
24428
13459
36341
10568
37698
27020
38423
7713
39546
21196
27879
45303
37061
3035
14992
7431
35567
34399
8345
23707
7104
19977
11296
16117
40340
9848
1976
861
10186
2174
36850
8467
11247
22344
16269
12402
19916
27203
19661
15975
41481
4171
8596
24306
41744
14937
47964
2443
48087
48500
31175
5368
22365
44466
24135
38056
16258
164
41109
2010
25682
10034
13608
35761
38987
447
47267
28847
29322
36055
36587
48520
2262
21712
25945
36422
46615
48920
28674
5555
22522
943
28118
1036
19288
287
3873
4401
31397
17963
39253
7544
49757
23648
39390
25640
30695
41294
20954
45714
23051
1130
35864
31550
31323
25789
36516
38593
8635
35301
41658
26043
31328
46407
38591
16741
49401
2630
25094
3877
6995
27734
28978
32927
17997
38781
30103
23859
24478
12940
21115
37080
28710
18381
5132
1027
36834
19583
46248
40688
12193
28175
5542
16871
13783
33692
18931
29658
14428
47275
21936
3430
46204
25979
12875
31176
31526
25262
21829
492
34818
43298
15031
31361
38388
39870
16675
40262
1785
6
21158
49
22011
31938
4559
11042
42963
8998
41289
46534
10201
12562
28071
36431
25486
40198
18386
40406
41529
43138
35056
12942
1264
7982
39766
14414
48957
24229
18414
28277
1806
23662
16694
43634
39238
17001
18147
32961
36250
45283
5106
25279
45988
12787
42408
32928
22632
30624
49167
34698
154
42547
12948
31574
13262
42765
38321
718
44542
12276
32301
32440
11016
39926
5385
33928
17297
16589
33616
3273
23337
2129
30810
44333
40751
26267
36958
32099
38990
21603
3521
32709
22045
30852
46025
9309
46921
37309
25885
2823
28070
14281
37676
6281
29565
21462
28927
4583
45057
43805
25637
452
21167
12632
6780
39263
37082
5616
21652
24181
8543
18197
19961
30704
2228
48115
12911
41813
24597
25058
7371
27143
16424
47401
3797
29419
33900
39895
41240
37045
4725
27941
39994
28328
5982
29843
13909
5257
491
46439
11879
38916
27988
25045
7363
39413
16487
20610
49804
9332
34211
13073
7258
13668
30969
4058
14697
29914
12445
259
49858
49133
35223
27733
40696
21726
13479
30494
32502
19744
43867
19664
14088
7295
5572
12907
700
7130
33539
9572
41879
9265
30759
14351
43240
17099
26421
42827
17795
20362
8088
26840
45098
48549
19450
21981
19951
3338
29053
24897
2558
30418
37722
36332
31508
21709
40829
19052
4975
11064
46591
49378
23991
15134
25021
44698
34981
48177
39957
26410
34322
48683
92
27118
28276
44381
1604
41593
33160
33813
11085
34507
6976
12497
13096
47497
41784
22578
34109
19309
15855
36186
10056
41530
31564
13966
1291
8769
26504
38764
30485
41719
26882
49581
11821
40842
16533
44019
22508
39098
49408
38565
9999
26633
24883
23887
10525
27321
13401
38611
28136
15357
10985
24846
46526
8089
24409
16402
23396
11833
37815
4206
19561
36903
6922
45759
45231
46262
26769
19750
27171
48889
39585
10195
190
29004
49706
31594
31843
35639
22636
39164
11518
48758
45671
40566
24263
37812
8158
27627
41959
11159
7879
29532
33361
19423
14691
10900
7420
39552
16547
12480
38084
49319
46589
25964
25937
42697
5649
4974
32245
33772
23350
18680
24534
35792
48542
35258
28846
7398
45072
41687
22226
8687
49414
42798
24389
42044
43831
13758
3328
48027
32926
1306
27829
17287
14618
13872
1336
31854
41428
25746
29825
35915
23793
24809
22358
13822
12709
15502
11079
34264
8552
24930
35105
41251
2041
22145
1938
13374
34365
1196
19735
23450
35156
44136
30540
19099
45019
10220
10377
43756
13900
46393
22193
3291
39227
26572
26035
37032
17918
34196
40348
48335
25275
10655
24175
34084
3995
45569
7143
20820
9201
49189
42064
18410
46817
17345
23247
42368
41033
40912
21682
26177
30697
25820
28584
14602
4393
12091
22805
45534
42722
20059
20049
2518
44267
36334
15406
39172
47388
14034
497
18845
33498
22282
19307
23966
20775
15962
19151
33319
10036
32707
35485
15480
8913
6144
49871
7217
47329
38136
41130
16605
31835
19607
49659
33778
1812
14447
16583
22136
1080
34056
18012
36800
29644
3315
15567
39158
285
29426
40525
18998
16975
44957
23751
35070
7307
7735
42217
16983
29930
29100
26966
49657
28903
40355
45882
30371
31755
46508
39259
14901
7056
33039
34873
14365
1140
43405
21444
14036
9022
39441
16677
29182
36499
9023
37883
11100
18560
44084
35885
5871
5585
42392
17929
40800
5521
32188
35774
30145
2358
48298
16932
36827
14432
42805
16058
6308
11317
30736
13573
32363
2391
43465
45081
31961
1521
34402
10934
35503
43565
18925
49331
34647
24258
26301
21157
41845
9450
3620
37367
25632
29442
12268
8704
16351
45286
9939
36498
46892
1580
18107
42997
22504
22990
30507
13634
35691
17501
39204
4372
33672
38675
12297
4199
18657
18624
24673
39443
38343
32178
9168
49700
40067
25380
35956
40882
5300
37778
14896
40758
20115
44657
4246
22915
4893
44072
35991
22951
34381
35883
30128
16097
14927
30074
26845
44578
45432
49359
8648
35293
33814
41346
32908
36371
25137
16733
27387
31022
16446
36484
34971
14174
40706
6458
44565
41304
1268
44284
46096
24375
49172
42431
18199
45660
37602
23010
12346
41913
15637
12738
18027
9994
14766
48028
33587
6958
44202
96
7229
31343
31011
39287
25850
7596
3101
42352
29020
14794
35432
4733
1096
29391
47185
32427
29420
47867
33285
35436
7521
5896
5589
34466
44780
13266
26980
48844
3254
39586
6162
41423
1978
39572
22952
28899
15632
8268
7113
17333
2492
3129
8155
33481
16145
11891
30405
49127
26333
22660
27906
26446
38059
47039
19764
23673
40461
17548
37437
8006
23988
42123
26165
34039
6824
25973
43870
21301
24981
33043
16954
36209
30701
16563
35322
41348
10748
38334
4252
7899
7619
29247
47891
13456
5550
34913
46549
14167
41902
27598
8849
46433
27002
5806
4130
23425
12252
34160
22322
49374
17129
16379
9392
11647
37296
13618
37156
14400
34923
36833
25828
4029
3175
10331
27343
34405
36657
24915
27011
1587
156
48366
23252
16949
13764
24184
29289
44554
33649
23171
40302
29533
27340
26244
14171
24747
5828
1869
43585
9416
47886
48425
49721
11913
37963
31914
5944
31608
21295
7156
7404
34946
7470
19608
19067
39061
42979
45756
13396
6483
44700
41528
30097
39876
8319
2474
9681
38890
4923
40387
22402
39987
18974
17597
39817
48952
9779
47943
31582
35168
24480
3336
38070
18902
15722
32246
46185
48292
16928
27765
31417
1294
36693
411
20361
4936
15322
37006
35028
6755
33846
28289
39482
46520
43639
26623
8480
17983
25398
14157
21764
22394
46816
34672
11509
12695
47404
14022
43981
757
45305
37153
16108
2455
49217
21256
45396
21260
3248
4248
12518
12619
35733
37855
43254
25784
7475
7320
49048
17409
31705
12815
7692
9003
38776
29206
25410
44841
48015
31708
43165
35533
24347
2466
45167
18776
22492
36787
20007
17
45038
17445
10242
26216
25579
34487
48100
29464
9066
7144
42621
2576
5905
13281
48634
40749
30692
33505
2409
1559
18454
39747
46044
46810
28699
44509
2339
15731
7376
41789
29036
12279
37724
29225
16275
41266
23840
25455
24760
25934
7172
41758
29175
28436
12266
43427
5697
7446
28869
33271
47252
41531
19436
43475
15894
34463
12645
41635
6196
17150
3201
35777
16818
16726
5941
4840
20613
45649
196
22240
18320
23046
49330
115
7883
9124
14659
34501
32165
30279
45725
34018
5204
24116
3942
28164
7750
32724
22165
3466
33028
11699
16717
33933
2369
7657
14159
33389
8905
31839
29650
12287
44666
20284
4253
38615
38497
27789
48509
31814
31415
21246
3093
6124
43018
43294
22441
48223
8373
3558
42860
44553
22755
17801
12397
15622
11540
2212
27808
28782
1530
18210
9206
42448
14687
8617
29982
13362
39698
10199
13471
27066
3859
34392
2098
4398
15300
33220
13696
28692
47765
23174
36934
36308
45623
17336
23858
48846
31930
15727
33207
35587
5010
42744
28593
38096
25326
9109
28834
2311
48322
39844
19960
40797
41616
23078
22223
1122
1507
25033
25624
11010
37972
4316
16055
39481
4957
42505
29057
43318
10098
10776
42603
14623
47178
9491
36626
18807
10391
16387
8485
12066
22159
24463
20187
31050
38384
42313
36592
18314
16827
9648
35680
39523
34451
16161
20817
6544
487
38859
37878
21539
18674
41867
45297
6119
46938
31797
37736
2169
3235
18802
5591
33019
18917
30694
24544
49169
49109
4604
39484
47907
38559
30400
21466
34137
11549
42457
33821
30768
49712
2128
35579
30861
22409
44574
12801
34828
10575
47525
19610
10698
22833
3448
38340
16081
29922
21341
25465
45559
3482
21155
6435
6573
10007
16735
23804
11185
22866
11346
38500
32740
2176
31199
19797
20303
34031
19361
22513
29715
44615
12150
13058
35178
17789
14191
39945
44782
3024
11975
28013
37516
19731
45212
13864
27868
24074
45781
20978
19782
31194
1371
31192
31943
44834
38748
15968
14451
34045
2926
12625
25651
30005
6355
43394
16930
44464
10932
35348
36428
31917
35121
12483
38898
38512
19678
9008
24609
25417
35647
23029
17235
48972
14912
38198
29444
18746
10227
15790
34678
46284
22420
776
12089
25383
26775
14965
29596
22078
34580
40507
42883
2835
887
4810
58
22485
48459
9679
39291
30986
26655
5308
37977
13126
16222
13740
19501
4450
12151
3781
43728
1188
41948
11650
12129
17271
44743
45067
5250
11132
17108
6885
46373
38745
12017
39240
13122
17995
9148
41850
28262
22549
45932
8792
43007
36734
10138
23458
36091
47508
7322
8111
44741
44852
4650
39372
45230
17958
12134
40404
40356
4617
4784
11086
28443
31902
49673
34087
31090
23441
17731
30867
40756
32466
34143
10066
14744
46951
30675
19816
42440
33294
21696
38481
40789
42144
46912
19336
42774
24592
3861
23235
6837
24706
11551
28540
21609
49398
20065
13375
44888
35542
34974
24520
27103
21432
16724
36535
46626
43526
39520
39293
31162
47768
18208
49436
13424
15763
35109
20749
10648
26352
12038
9515
2746
18954
8881
49903
4477
34899
8122
34299
20474
12850
1069
18632
17486
26042
35675
26620
14727
3984
29553
33341
20469
32644
31158
44139
41777
9146
10403
8967
33937
47788
36536
44716
9803
28643
1053
1410
38102
26664
6255
47377
32218
2323
42473
37539
4140
17934
49947
34790
20767
47735
3864
1186
5486
44384
11834
38457
40498
315
38431
43494
28663
38162
43121
29367
7736
40493
14311
21907
31837
30449
6065
19798
16536
33859
7166
28250
27182
27637
48734
12023
27650
29377
15296
19002
19601
23920
37923
4965
32793
17330
4487
30877
9320
30164
9593
25826
25138
31458
28945
47814
31306
47852
19489
33884
9979
22361
43316
39145
37599
9313
12494
36916
43293
9944
25159
16185
25622
26514
12891
16617
9002
7029
39070
49162
1399
35118
6088
41473
2413
25445
30570
23305
39082
43889
23709
47924
31405
29093
46243
25030
32342
24561
29820
29443
4593
12479
16881
18212
6920
43214
48698
42548
28644
1595
47894
15576
8079
5956
20033
20276
40693
47004
26763
9661
4222
6261
16
15232
9144
33997
26605
23807
12383
45590
1636
37723
127
15627
5144
25905
27336
48390
49724
48018
12514
5834
15010
38345
43063
30412
13804
26718
49651
28497
31772
42046
20619
38986
3895
8640
11928
32691
7256
38637
6048
7685
37009
30609
34037
4894
3590
37293
7992
48311
4666
44150
32170
23507
15140
49623
25967
17277
2026
21939
42498
37741
5678
124
39120
30034
3126
32120
4744
47098
14214
27060
15802
15215
3887
48201
8572
34700
19008
43382
31313
885
38443
9238
23297
9126
37514
6019
40506
21452
4283
2980
47188
47043
8863
20872
35336
13172
10929
36711
13717
9322
10639
6095
18364
45016
42746
17936
49298
34456
36238
9472
24690
8738
2478
19814
18876
1151
40242
41321
45163
32918
27451
13508
22804
41650
6635
36183
28499
20252
19618
2230
43528
4506
36302
43691
31714
42845
35672
17560
8750
49510
29552
15307
48949
42070
40715
46357
7974
14984
5518
5503
8063
48401
28929
12235
45555
33085
18341
27307
26253
6808
11893
14914
31728
33196
40577
15373
3816
33491
43950
40260
38780
41781
15084
5472
18439
8800
17769
36213
35007
22336
18421
21683
47744
16837
31646
39226
40421
35688
43437
28762
49412
8613
37237
49606
31460
19358
28772
27420
36570
26696
40180
28525
21848
9664
21502
35183
47302
26621
40619
19092
36797
28820
36945
10386
25128
16337
49505
35201
40905
12892
11597
27479
38852
23085
2348
34519
22802
22602
24630
24357
21607
4568
18380
10080
17448
43797
5846
39686
26872
46068
657
36362
41576
31754
24783
12448
36971
2992
23370
16299
21654
18721
3045
28469
25249
30357
39832
18515
11492
44410
44980
21186
23368
15654
39152
29621
41028
45312
45924
48934
7803
36156
35314
46449
23548
42103
24851
49622
31334
22764
524
42167
11669
27110
2198
28203
43400
11222
27167
36216
29046
4185
7101
44762
4761
36190
37733
40700
22468
6790
354
12887
5497
27091
38018
4599
44116
41330
49297
33073
21458
48544
2646
42445
45126
44604
38164
21957
12840
15895
11641
39666
13057
22431
3286
32844
37052
1793
40710
49860
43883
31113
23327
34142
40945
4858
48377
18391
2797
40006
34178
35185
37530
15037
6502
43239
21817
24729
19233
23365
63
40087
12386
15088
45358
3322
34340
32878
6943
20751
26588
33675
6964
8433
20371
2759
30024
48611
38797
5660
8053
8236
16358
36374
9317
11397
7663
12641
28667
475
25917
1750
44793
31546
44414
22793
38934
47623
31029
30573
27755
19084
20368
35859
4715
42600
28516
19
40627
20098
18877
40265
1606
19116
5532
17477
9032
18526
44197
10197
28973
8000
47212
20327
39401
22643
10775
11563
15592
16801
29441
40393
16165
23127
33968
41145
8326
18608
4570
37401
37160
3384
13257
31877
6565
37013
45159
38226
24749
48093
7054
9936
20496
38643
36753
14616
13229
35721
20647
11951
18310
32374
47761
25956
11199
42226
24529
33514
11256
20397
40861
29160
19871
7235
8323
43711
2618
45680
5744
21715
25149
32882
12326
29663
34135
28210
9228
46354
48402
3763
1347
33535
25446
11991
1385
12688
26902
28676
407
5664
8603
1420
14256
8794
21045
38897
47435
820
30655
41697
4934
47335
42353
10696
21161
22328
3600
30615
43759
43072
20653
43818
35961
46476
31529
26274
1193
25047
4043
49655
23099
43061
8561
27009
42251
37510
36363
43430
41716
20648
37201
49242
2463
39328
14630
21141
39516
16984
49695
28167
40047
27958
29201
2263
22550
28151
25440
22204
5334
28356
29385
37297
38724
26025
1549
49500
17078
35257
8154
41591
5958
45938
29333
7285
15924
32377
16198
16595
18338
9153
1497
29401
5842
48871
13853
5058
17923
23398
530
872
1280
39781
35076
45752
4310
49455
32756
43647
35136
21074
25673
43045
30531
20739
10843
29538
44584
35019
10695
40490
43677
40055
17348
25988
44881
40487
37092
3578
36746
39078
3128
20010
787
8969
6270
28828
18678
14708
2526
40030
20966
33841
7517
35215
12058
26972
36922
2694
24717
29413
10949
47351
19180
24242
16078
44044
27548
17285
48852
39783
41230
12217
21463
44011
4161
44279
3986
5702
17181
15786
38129
21561
10953
42227
28745
35861
42823
24727
24490
807
23449
36064
6436
20188
45318
11908
4794
25071
2254
17938
41309
21947
14702
35663
48167
12976
37637
46632
10369
14078
28652
17510
40827
9559
27519
26225
10724
4815
140
36739
288
22021
39728
7053
29186
24827
8128
2216
6577
1648
31811
14079
11870
35489
27362
49093
10170
34628
22672
30504
27881
11308
29158
38311
15561
41838
48805
21488
44298
14587
41283
10025
9150
35427
40504
3998
44693
42077
873
45891
26148
27314
33253
28331
47622
30395
26408
30920
42245
46031
10225
44293
47391
39836
12308
37456
45724
2506
42720
43197
11858
37486
39871
37893
15168
38156
31736
22001
22031
33944
5253
412
26186
44768
42215
33709
19959
31595
6195
33679
34280
43151
5027
26512
1437
16480
25301
45390
6460
13975
45182
49649
26898
2224
25626
26758
1018
46808
8333
13756
16753
41545
48801
48652
18129
25831
28712
29479
33847
20881
29328
13970
28777
23750
18323
15485
32943
3478
26517
3834
5198
4932
22984
44476
24316
11852
49846
11109
22647
28350
35566
394
28229
517
29761
49082
18882
44527
33097
18018
8597
26215
24890
37168
22278
28216
21651
788
19191
3108
24722
36225
759
1236
39427
3310
18088
10968
19031
15224
310
23056
1483
380
49279
7076
39417
38434
16163
5830
39755
48704
33897
9457
25617
25562
30189
3357
21916
41725
3313
11162
22949
20459
13342
49744
10536
32059
46468
22092
49563
9674
32230
27253
20466
49928
4701
4979
16781
37607
39256
33004
33701
27798
43025
39875
27706
34892
19047
40095
49819
23285
293
39955
4101
45223
3579
26746
41775
1824
10256
36790
37352
27827
1253
33438
46531
47161
29935
22634
34665
22124
9218
21173
24464
35994
23974
8191
37846
15653
46838
9883
29179
38843
26372
22110
40737
22321
22132
45043
23443
18236
17203
49600
13860
9112
26649
18505
42546
22982
11330
15736
31512
2427
9940
41400
23747
39148
41999
32576
7213
38150
5406
34082
35407
18451
29198
47019
2433
23908
9877
31528
36745
17777
3880
3067
27281
8040
4900
282
44658
7597
39480
43420
34491
39014
8547
18393
47981
44549
4296
2812
20967
4580
36558
11592
37152
35305
28321
33261
1550
12195
48189
4620
36358
16537
45648
48931
31125
37686
41038
24333
32370
19187
12982
7766
44354
27150
44972
49802
40851
27892
2564
12471
29428
22330
9346
20523
19666
2470
18046
21993
17557
16333
45354
25870
30745
26640
5175
523
26713
16699
24909
19515
30757
9888
17812
46311
29474
42465
26084
6005
8846
25572
5835
45232
44583
44010
12862
25213
21763
34165
20402
16043
40284
49379
46075
42308
24284
7488
38524
30689
15054
25371
8825
12263
3830
49640
31569
34069
11170
48824
4073
2703
13794
26593
44277
40497
22512
32772
34939
23075
30423
7440
3097
26196
27787
28983
37704
36490
19282
34062
10158
22668
38398
6442
7291
14111
1259
37596
20067
8702
21729
24032
24106
38740
7260
7030
2888
36814
44205
14598
2387
15484
2932
49155
17930
37671
24041
32873
8802
20019
764
4814
17834
39961
42674
43368
241
17361
46477
28918
47687
41526
46945
6989
20709
22386
4425
20410
45998
2679
49742
47805
47069
41844
5593
20431
11232
17434
12250
16158
21283
48912
16665
48559
31868
43388
5056
9078
49358
19351
29415
47224
31875
39782
13704
36982
44599
32263
48180
12984
8117
19588
37944
20934
14077
20117
33588
30027
45213
1644
6975
14317
40916
42962
8304
12715
9347
7290
32291
4499
2354
11863
32075
5976
1680
41241
29685
37244
3361
6730
625
38097
28637
44915
6153
29960
27737
15796
34843
34345
35444
27753
31614
15971
42888
36222
43604
21356
22291
2530
169
42080
25786
38722
29934
38464
13434
26376
10155
44494
4603
42613
41965
7294
19204
37251
748
13089
48714
41337
16141
48659
10898
31427
1577
17332
14578
42247
15043
46183
16364
39075
27528
16382
14627
38495
10193
34888
1118
35197
15444
24562
30338
6257
44382
2541
24278
25307
13314
11307
49932
11386
3919
41928
323
21440
32686
1199
14678
41342
24304
3826
36832
26047
47207
13176
20737
28708
20917
14718
24399
13960
33251
25280
32794
22142
6952
32957
24740
35724
10920
28387
10589
31212
3343
39759
15027
31796
29969
33951
819
982
46891
32108
18940
10794
46646
20313
13952
31828
23374
15550
7207
23833
46161
34422
19922
26993
16411
3890
1047
23108
6014
28874
35254
23744
14515
3274
15929
33252
1782
23498
9655
41779
3469
36256
10026
37408
48715
7987
5118
40645
48991
22981
13395
41695
6026
9195
40099
16253
43278
13200
23914
9219
4714
22625
41556
10784
21252
11580
2641
2828
23935
31678
15619
10995
46989
38242
37921
6890
12965
18023
16848
22815
48035
29900
17829
20318
13493
12200
18182
21447
26803
26693
25678
43551
16105
36039
25235
15029
32038
29135
25152
18286
31649
1696
38795
46824
35356
41981
34357
24433
44288
8813
30495
7484
11491
8081
8748
9849
21297
40501
19438
12730
48117
45720
17577
10556
41372
13553
41256
47060
17069
16924
37540
33146
30480
1961
45796
12447
8475
14169
3709
4264
36295
46566
17310
10477
36996
21092
48810
5281
1796
45173
17952
10931
18959
25533
29976
12067
3060
41688
44757
1350
35959
16056
11436
6143
48637
27270
23756
49944
33885
41702
11812
3014
6829
14065
2774
19972
15745
361
23964
30641
23933
23338
32302
30219
18259
26578
49314
46297
36444
9160
2069
38915
7650
846
24143
12011
1373
15916
2710
49112
48151
38902
30555
33248
39785
31251
47728
22628
8931
5100
33936
3143
45865
35906
15696
27489
32172
2690
19513
13025
31941
42121
48447
41895
34666
49304
17802
49252
30598
13741
16042
37558
19232
29346
26299
6411
20111
28125
41945
26205
22299
36641
25772
25420
3443
27935
39453
37880
41520
13606
952
28791
10074
3509
15297
48858
44143
3699
25636
46974
11206
24803
17153
47533
48104
44719
27866
24863
34613
8204
45028
34363
14970
49492
48485
46165
41135
18790
25218
42250
25350
23216
34166
20742
1384
21670
32034
5663
48615
5917
20704
18263
28316
43574
18035
4516
2469
47710
47293
26899
45580
22228
19697
36430
46399
11513
2162
49394
26556
41497
34533
2073
19223
42239
28741
24941
3168
32107
23160
29569
35741
22308
2591
31487
13460
41888
49793
43811
28016
4731
5136
3492
27780
26748
49055
4004
40109
8600
28729
42533
7838
24328
8799
36770
43434
20599
2919
19885
11770
44120
14822
30471
37455
34068
29643
43467
478
44256
20913
28786
48859
45383
32762
5092
28904
10974
13293
26141
12316
18083
45728
11590
39611
47421
28200
5319
49060
13922
44295
8121
47367
28558
16770
38141
32265
25613
1330
49399
25607
27999
39071
28726
2024
3303
31880
43998
9171
9432
25695
21340
21666
498
12937
8664
14143
46946
39540
8483
13930
32893
8303
38010
39837
46578
29098
40192
5674
37231
40061
35222
5279
40719
34083
37184
30250
43723
9498
20691
9823
40899
40363
7546
385
44427
27903
6296
16524
34112
15380
1
20891
3355
21303
44717
36523
24894
4590
13093
20686
30525
12298
34119
20947
1707
23138
8765
27730
42252
36869
17154
19104
40635
23321
12674
25009
45719
9192
47889
34219
47941
1020
43498
40123
26650
32500
12030
11632
11810
35603
7438
10569
43770
21633
44992
29986
28284
42994
19076
28633
34714
9100
17199
27053
25155
30605
7878
48398
26221
5271
23070
4022
41930
37103
42491
32916
2622
11175
19339
28501
37683
20861
5911
40264
8870
27809
9043
48409
30642
11574
32164
38895
28106
48399
27812
37142
41335
42810
7872
9431
25473
30135
42438
33
25740
49596
46070
42818
42664
976
3960
11660
15984
15534
9650
40080
1771
7370
37096
21581
42747
38430
44892
40384
14870
32477
37856
16905
22657
37758
49465
30516
45122
36666
46102
26368
37610
46136
9554
2244
26391
47558
33501
4777
27041
34560
5994
15095
2386
956
9828
43319
42057
5863
45827
36208
3743
44893
43462
37443
42005
34839
45017
22536
21483
10084
19933
1677
11073
27062
12254
13537
11311
43629
749
14327
11983
43028
32145
20592
40346
33386
21871
37223
38163
30204
43605
18052
11608
11710
28546
29230
35037
44902
21990
44568
4921
20310
38507
2063
15634
11761
38158
1881
4133
13022
11105
14953
36153
5383
40519
13443
13242
27233
14526
24911
10285
4864
31785
25962
15294
12830
11262
8280
17621
6170
30264
8352
45887
28068
31253
23646
49345
11578
46362
22312
30453
27795
12307
41198
16877
49015
23088
34476
44485
10347
7969
17132
40445
16939
31117
46658
13965
20941
3079
4144
8864
39577
14563
13902
4381
6859
30464
20643
20843
13548
33849
10652
47327
21575
16064
25627
15713
32602
6891
34095
32730
8974
26555
44559
8498
31987
4342
12487
44344
8247
9834
9793
38067
2538
48368
47958
49179
26017
12505
44446
28574
27702
1393
42502
11737
25976
30261
31711
36373
34910
30003
47458
43353
29468
32213
7072
17331
1868
21545
27521
29347
27532
27695
20911
7473
37616
29222
20120
39880
46441
48428
46382
42116
1814
16360
36684
46378
13797
47657
41429
39570
14018
42099
35696
19506
20369
49047
24040
25057
20221
19939
9715
10937
49045
20282
32221
8435
35808
16799
35955
43051
15138
48775
19385
15047
28156
33631
37163
2860
14683
28058
31074
44869
48908
11340
4432
3953
38665
39644
946
35048
29962
45941
7848
37598
34138
39906
7165
12375
4088
1223
43302
39095
33188
21333
18739
22497
5867
23045
29775
48290
19564
12470
28245
11780
18865
39175
1890
17263
41235
5426
29867
41479
19736
15371
33696
45880
22153
28784
20234
8157
20256
40889
38407
18868
35146
34251
18324
39452
6013
17668
11223
23136
8733
39279
21519
22080
27109
35929
9173
10068
31874
29978
40226
7904
343
49105
25451
12795
35626
22596
18150
41474
33788
29838
16408
23668
16219
8487
32642
38853
20131
4613
3284
29449
41399
21423
27499
7303
41937
11919
22825
19472
6776
44488
22999
26120
14513
30886
20677
40308
20110
32988
47235
30176
20457
39094
38618
34234
39512
38366
36130
41806
42169
5581
29485
41366
17863
7093
6773
38381
16138
35825
10682
4739
41055
25145
44390
24635
30033
15730
37756
23861
20853
43791
14179
271
19083
35295
46176
27791
19132
7769
27260
17081
36895
28438
14344
9982
847
7586
18165
4748
15045
29267
11539
41889
31303
26247
30653
36553
46687
25719
19667
21243
312
46454
38194
25494
37996
15372
47480
24532
12156
7097
33472
47415
40305
10332
43033
7356
4571
48904
16416
42895
43534
8406
39178
44110
42409
27395
41331
767
35685
34406
16383
49582
43191
20879
45658
44294
23048
42614
18818
5306
42055
2345
20808
7978
26168
8060
48530
33345
38228
27112
34115
28733
33851
1222
43638
17904
32314
5874
20501
24791
12269
26428
44594
47123
28991
10153
40184
3196
28505
49887
10766
21387
8958
38470
39292
33808
25373
36554
42871
48646
9266
7853
8531
47467
724
48838
21142
30904
23947
35717
11335
16076
33202
3409
29120
35317
4223
29652
28407
45780
33369
4331
7617
39008
1155
38400
28482
15281
5727
9439
27472
22587
49835
33978
35746
39914
35091
12651
29862
25927
30550
29872
30173
38007
43754
44618
5431
38635
47407
21724
17712
18431
14109
39048
27840
2706
34867
24736
35615
29866
46752
39472
48897
44679
48723
33855
9585
8879
10868
7835
13144
41711
36549
39513
41053
32837
9302
16883
11355
43041
36328
35958
45598
48792
4910
16367
4973
3604
33166
9310
16341
9822
47524
25294
2747
23483
27373
15096
6446
9298
42459
44268
48996
43328
3828
19488
49254
1827
14543
2846
1979
17471
33225
43227
228
12827
1052
25687
47323
40631
13403
39296
30320
978
18773
30054
41890
39447
28128
42383
37611
3528
2845
20935
11890
14862
39543
17252
39578
47012
22434
27288
36455
4645
17989
8683
27574
5799
30377
45596
33689
19164
23549
12694
3883
24688
47118
14164
3611
3222
18856
43653
4334
20597
25856
1841
3849
42910
3597
561
8462
21123
48017
8237
18759
47306
16743
15957
47639
24102
1239
34558
31981
48213
3174
8721
12792
22892
28049
26338
42738
35624
27724
22261
3219
16777
5560
31953
28641
49624
38949
32451
17300
29656
30778
46903
19728
29696
39276
28095
8497
29249
24932
15880
40786
22170
47361
22190
44273
48264
34607
5983
46973
31114
41871
22325
26641
2121
30606
15018
46083
13943
38555
21091
46976
42386
7518
23139
24117
14473
43241
20952
28198
43094
35802
11941
46404
1181
36472
32312
17053
43250
37481
7415
6225
1490
44151
12299
27504
41921
25518
49911
45717
14998
41397
15362
3592
5965
27575
13978
42163
3885
43578
28004
9804
43374
38709
41553
12489
22765
39934
37715
6729
23627
37269
10656
31539
7057
16879
15636
15979
37029
46245
37809
46462
43714
45879
23989
21135
7578
19771
20997
15824
3696
29128
46970
42718
5430
19860
2037
33650
15447
4749
72
33488
47530
43716
553
14246
23690
4754
38062
6056
16528
9732
2684
21302
17659
18810
35014
11620
30980
35514
40044
3947
25334
25621
8196
41771
24066
45643
12440
49950
6321
826
28731
31001
14975
30823
23855
23025
33975
7576
10010
24330
34152
21893
20538
22255
8372
28221
760
33169
34639
31544
2633
47701
3437
4306
35385
28036
5093
32257
5310
9639
20376
45424
6084
25158
13772
45508
27119
41804
33731
3462
11259
31780
20236
21177
22890
18984
21619
22061
28457
5174
13235
26897
32421
46205
25484
7705
14679
33203
30673
36168
5807
30811
40282
1956
35098
21511
36754
9505
13031
13137
36610
5783
40470
8166
3584
42936
25433
44990
24394
48396
9542
44728
22437
8517
49598
9157
5474
38525
24590
23222
27086
17011
26741
16714
37042
8868
28405
40365
44251
45495
5348
7039
30071
2977
431
13903
25657
24986
33403
35501
44696
9090
31668
48208
11155
17519
29493
29890
36723
42340
27601
47156
18589
19378
25122
41914
11727
14189
36963
22071
15279
23884
48119
16593
2715
10520
23347
3011
25547
39108
81
19168
32268
30041
28364
48684
13023
41663
29118
11481
13932
706
21537
45316
29067
21891
39357
20965
109
17192
28080
48915
29951
48553
40488
43469
41134
46495
8798
34765
29255
11470
19486
17540
6754
39036
22794
12567
34539
13114
7091
36866
45443
38402
22600
36489
24277
22309
42161
5821
29877
888
7670
34433
42477
1164
21299
15820
4265
24904
16022
9073
40342
9974
4137
49867
14996
31478
20627
1084
1082
31548
38232
41204
23599
26224
41217
13478
23479
28339
26233
3341
42480
31100
30654
20401
26920
23027
7923
41821
855
1179
42373
33957
16154
37429
33215
20299
47750
43567
16964
35241
9065
36900
13591
5688
20890
35031
507
19898
16162
6309
45066
16795
33302
18604
11619
49919
9437
4986
1655
30439
471
45947
37210
30104
19656
27116
29159
25331
26044
31007
24674
35505
40600
5223
8255
24578
39764
46773
20773
4134
9963
2133
28730
569
24556
43083
4686
2814
17635
3813
27359
19155
38603
4345
11987
28318
43505
39338
24866
20544
20894
11773
47970
38019
20072
4647
21211
23702
29671
38408
4837
14675
6051
17734
47690
3496
12678
32611
39777
30317
33353
16291
33742
42496
30415
11602
41724
45627
5234
26032
13889
9913
11981
11899
20273
33013
25048
43257
48122
41420
20722
37571
46565
29547
6672
5873
26326
31999
2303
6691
37907
9155
48626
19919
21629
8835
20343
7445
46818
25246
12246
18801
40532
45015
26677
18504
32156
44033
14029
36038
30942
32062
2741
22601
30336
9198
13234
15667
25874
38087
8168
5827
28839
29727
23661
29344
6495
17676
45659
37939
20443
9487
31832
3635
16938
43123
37858
11302
9281
44681
33824
43810
48657
2027
37400
48700
14607
21435
47555
28707
28909
5462
30210
48687
1928
46567
16719
42828
5715
31416
26670
42853
1706
17385
37831
46545
9992
27227
41311
5611
7499
16049
35155
18927
34631
20030
11577
14944
862
9413
7033
27956
40723
19954
30522
24819
48019
2950
36042
8310
27166
24190
16354
7599
12843
12214
2583
43676
37743
9945
4327
30937
41225
22201
19529
48365
381
41115
23834
11036
31378
4211
9434
41438
12867
48216
38732
39791
4197
46114
12785
15911
40148
19177
11137
45106
23565
29617
35024
7344
48261
20777
25129
1229
48526
16499
15877
47992
40522
15865
47561
38335
9673
40010
19447
9713
12665
13417
36687
3280
37221
40076
31377
18727
8348
32787
34901
16352
48380
4685
17020
41136
25467
2030
49675
20262
44962
12552
25085
35264
31664
35838
23180
7267
28085
18945
37122
13378
21085
12498
40453
7417
32533
48146
46880
16751
13653
12006
20566
25867
6850
25046
28091
38650
6413
41701
34033
3217
6288
2344
4391
21261
8698
14712
16560
19572
5156
10207
12989
5115
20053
39088
36882
13442
7939
7220
42567
37112
31085
25456
15769
43224
35285
17322
37219
29446
8930
13547
22895
22693
14514
40768
40521
40416
7530
38243
46886
44694
12366
49494
42443
24241
49089
31783
7525
27438
25083
24226
42083
34200
25569
26698
2099
23131
28489
47202
44585
17026
33943
35403
14461
47396
33259
2608
46853
42461
437
48358
42342
6414
21568
15222
10311
7435
40564
47771
2291
45585
15437
27646
41215
48066
4721
46132
337
37919
13846
14135
29874
2229
23694
16893
40707
45511
1405
27476
31053
35319
33800
1728
18784
25920
15621
1230
42242
49316
42470
30168
47295
15771
19274
9985
4597
11813
29495
45923
7886
9443
6948
27605
44733
24921
18722
35202
12421
32340
32860
15040
17141
37370
46738
7441
30510
35977
8132
24407
38872
30218
26277
20353
11418
42527
8865
18713
3148
34316
10750
23325
1201
24959
6833
45091
12016
30116
18987
1582
32838
1173
31925
31315
4042
5537
44008
11838
9509
41250
22883
19025
36067
5978
42970
11555
9362
7892
34272
15539
8313
36509
8886
29296
1178
40579
370
25437
6813
27884
36512
29364
20595
45589
44631
44194
679
17334
23320
35174
13358
20541
32424
32090
10229
11588
26533
17978
22715
28638
13806
14374
6510
984
12122
48024
22886
35771
9635
12560
26434
7964
7772
23505
23270
27097
23611
16053
30666
7787
27230
22570
29171
26823
12985
25846
32137
19635
37490
8094
46609
21143
24784
44626
20664
18494
47174
34924
28769
24011
31737
10161
6012
45549
33611
31133
20950
39304
40617
40146
44088
6705
13034
16606
1700
5444
38361
5908
2882
15376
7710
17450
9028
38492
39662
20606
9705
40870
8759
32871
46203
26500
20084
35983
34352
2051
25366
31786
29854
45261
42901
27595
15246
36627
21926
46160
17977
27462
19552
34889
29737
16435
46040
27361
5304
3971
44598
3270
3505
48813
23375
8713
37769
32966
14056
7090
33373
26511
29558
13435
38012
5467
40961
20864
13884
32433
41566
17967
24159
13183
2600
19978
23230
41104
19795
41657
27035
5720
44975
1620
2384
18307
42255
35917
19028
31853
46619
36476
44104
20578
19691
7224
8781
17006
43704
48417
32468
48905
39157
46144
2964
21566
939
47299
48751
34844
37165
48426
40169
25946
9727
38459
6774
4698
2240
28660
25541
18350
2832
13075
7293
11831
24695
35848
47784
7875
28015
28867
43866
11990
19834
28614
32841
27898
31612
25502
16322
25463
33442
31339
38337
24874
24985
32964
24789
14825
29076
32944
45302
88
39603
5515
49107
25658
14316
20559
1097
17530
7283
45982
24482
14980
18457
24998
15094
21826
38534
29884
43130
32899
6325
22855
24810
23881
27349
44076
41676
5283
46396
46996
36920
28197
37261
22123
12612
11114
2232
48667
10144
28649
19626
41559
9260
18562
21408
29559
4366
25060
47644
21977
45603
49277
3259
21002
32490
5574
9743
29789
14527
24570
25824
10986
46483
16729
4661
39999
44985
38965
39713
8937
9319
15706
3913
9380
18976
32343
3663
41968
29592
23333
46901
3941
2092
37887
673
44311
26369
40335
35980
27837
27771
18846
24244
46569
47100
34597
9676
28504
35484
35819
28394
8933
26818
10279
45685
15733
22538
15738
27261
22644
11795
8066
7646
26381
34512
20199
258
9950
1215
33062
2209
35292
45503
6434
28048
4416
5287
14963
1090
18502
2551
25105
48187
10570
30990
15969
33456
21217
39334
48163
15656
6584
43680
9166
39161
4356
13121
503
15558
11144
33867
1912
48498
7808
36646
11263
41271
45848
42499
42422
27516
47491
4637
20866
5522
49612
17341
39255
35029
20720
13675
32581
8464
8724
24831
40702
33422
7651
29892
41923
33482
19684
42214
42792
30354
40231
4048
49120
6574
425
12839
49498
11776
9703
27944
5193
13662
37180
28300
31129
17903
8062
19712
34017
16615
12086
9277
3973
31662
2570
7552
14181
31860
47204
10132
5906
1038
27303
24173
12449
3282
21525
21238
7050
27592
9831
18334
33685
21264
34230
24021
1821
33934
8395
11328
26012
40024
35928
647
17962
25704
32712
5072
25512
1495
19786
27751
41662
47266
8119
21035
32129
21159
9851
22783
43423
15060
39114
27456
33275
6575
35854
13507
49483
7173
14991
17825
309
29931
42714
8805
32106
19727
33425
39980
15595
13325
15443
49097
24952
11374
45154
14163
47755
14484
34170
22575
11708
22281
22213
26940
42323
1191
48050
17835
10826
43290
28180
11938
49388
9603
46111
40690
23490
48324
8954
26181
6570
18736
41360
38772
29363
40958
35598
6659
28480
34537
37689
12684
12036
35509
23878
2137
32016
43134
3692
12871
8963
10946
12898
31469
83
45532
33023
42128
16130
41660
40514
11794
28401
24460
32639
35937
30983
14957
37311
18842
9174
10636
45850
3062
31369
6194
34078
34906
11214
42719
14383
36282
8607
15741
9612
20076
47802
34353
23220
26265
9211
4587
24644
33598
27350
41721
14977
10838
35580
32358
11066
32266
17370
44822
48521
22217
44376
32575
7020
17480
1942
38605
35288
16168
8205
46384
3408
12545
13313
31252
17907
45698
40189
938
42150
45824
9057
24769
32184
32523
25768
47008
42235
33497
26150
17038
43626
6708
36821
23581
36425
21376
21426
25195
17013
15482
19316
14534
4807
16992
16109
40832
42943
357
30731
9249
37663
4498
26571
12173
11654
19108
15312
36393
48821
47785
8339
18549
1593
22491
11943
34439
45276
10610
19811
48877
8768
28693
44101
45241
34380
10004
19366
2431
20380
42147
25034
14405
38794
4077
14886
18315
48363
11083
35709
30325
34351
2511
15483
19853
35036
43406
39225
2865
6404
47820
5329
31314
21790
45913
12080
46620
40094
49768
41318
34985
9147
40655
8742
24167
38881
35889
15532
15008
47617
46539
34028
41587
26647
31231
7134
27124
23623
27160
34217
48959
16824
22324
27553
27481
48245
23272
18874
23753
41998
28961
36710
23372
35576
5
4180
5979
48487
38034
26926
26407
19755
12451
46521
43040
44611
13821
25513
11995
14729
26874
36170
18885
44417
2486
22724
26399
44472
24157
33730
23143
1693
28027
35467
45114
28217
39216
9359
9445
47301
31127
11067
16356
44735
41434
35759
1517
17987
44469
46636
36852
32870
30753
21616
39153
44035
24708
630
28297
39767
44171
36962
39438
25099
35633
11385
11393
41558
47712
26728
28781
16248
40663
7297
14961
13702
16349
32867
49020
11637
3407
28333
2321
8826
18108
49346
41193
36013
40605
46428
9527
20493
24907
21708
21242
39150
37488
30945
17362
34323
34824
31213
35375
23409
10298
12227
37489
20430
26130
43859
24371
18157
11323
48729
43974
13205
41067
45138
23044
14632
9452
46546
41325
45933
48251
25093
49441
16796
14116
47485
37594
13404
15349
47595
24744
8568
37054
7952
6954
46614
48384
46655
45404
15866
17177
8986
31717
49788
39442
39921
35214
49516
39062
16810
6176
32629
6470
29721
21098
25677
39047
27774
25304
42484
35203
15601
5311
34371
38831
20873
16345
25739
36805
45208
7391
28341
5502
21889
397
37584
3534
24841
6377
49202
17794
15954
11056
36758
39019
48286
20044
33961
9182
48282
34955
39722
23741
21533
40246
45256
401
30521
19111
5823
33320
41823
11008
38602
24924
9921
24335
41158
30801
33703
33717
26240
17806
5575
26714
47851
9235
7731
43198
36659
49924
29334
35279
41751
24974
45547
34448
22211
29733
4268
33926
33077
12102
31850
16451
38970
14680
41296
40845
27696
16501
25758
1487
7389
16806
11485
28134
38882
18623
18377
16943
29043
11496
15003
6198
48666
46116
18683
12117
29525
2040
33719
16953
404
39930
39270
33769
37453
8906
33879
49689
14530
2338
34794
2148
17202
32095
23894
39593
40511
37394
7556
47262
14834
10990
8692
15143
8981
37555
23898
25912
28901
41899
14518
13530
30110
9232
