31013
26228
27175
3077
20865
24444
16080
25161
42558
4134
38969
46079
31531
47208
17762
33534
26984
49059
3072
18140
32227
33430
26965
7763
24531
48221
33275
49954
25400
26135
22865
26107
2341
29806
37032
46986
25869
13486
41123
15220
18161
3033
8932
8001
606
24429
49763
49649
43552
45629
38050
12360
19718
15778
42887
25113
19282
35248
29094
43127
22155
38412
44653
29419
39569
14277
25668
11727
4490
20279
40713
26292
12538
18548
24841
38871
7313
3503
2877
37126
12066
46043
21482
24849
12054
3196
6703
6845
38661
19982
194
32548
30301
824
29191
36233
42930
19402
14910
3924
12057
22727
26040
21272
45931
28768
24417
22885
30613
45112
14591
38467
47615
35441
29632
27453
25245
13942
17911
8556
35578
17478
30844
27095
26864
42088
44011
36413
49559
41159
19775
1862
35554
13183
22801
28379
13802
43507
30050
30249
32656
47540
37851
29515
1573
19312
31677
44509
46767
28826
38304
3746
46531
13753
38772
36845
38955
12968
23468
26077
30210
23114
19383
13095
16029
12383
37499
47887
4516
33261
16163
13965
28667
22838
41801
16597
42113
25967
34587
38776
48967
49360
30334
20734
43940
42222
31930
20670
43453
28362
44968
42002
44352
10506
29522
9821
37967
2403
16917
23978
24328
6187
16242
6206
15920
39869
39698
17414
18967
42892
4696
10538
3244
44898
4294
20839
41565
36312
1881
6600
42030
11113
15185
37911
36869
25392
48978
23433
23298
21678
28438
31157
13409
33329
18858
42677
1983
39704
5902
22603
25776
5565
9872
22022
1151
35471
15210
43794
16925
44384
2736
31149
25279
22215
39687
11820
30555
26155
4509
4932
37077
7878
12048
19131
6694
9182
30185
48035
13501
34056
5573
6523
5566
45725
16102
6549
37112
20283
13740
15657
14678
6471
44392
18459
13370
23065
37543
15097
4807
21709
3341
21776
46609
15847
16975
10281
10447
31182
25313
39836
33434
25854
49367
25282
39362
2316
27835
45537
7022
26600
10007
38754
26001
11382
19690
7997
6033
33744
32490
23576
26207
27155
20453
30607
34054
22306
40216
47958
43492
39768
24443
30881
7143
30833
27565
27968
135
12466
16890
18998
15820
47172
5519
16606
10315
2049
4836
16601
41351
49556
41823
47719
7888
36261
37951
16355
16758
31640
40179
20202
37208
48663
17024
4909
35117
4267
42900
21023
14823
11610
15431
33513
17498
6017
44900
46236
29047
7931
19008
31282
27866
41447
15706
3984
11153
37737
42761
45928
42231
878
13545
3177
6084
19829
5570
47962
31510
49084
35704
43318
