17397
41881
24294
21159
25737
48425
31734
750
1809
2837
34302
11766
25901
4575
18155
39841
48148
18188
17768
16625
17957
16652
5202
40776
32244
33349
38650
44446
7151
44031
10376
43486
20872
46135
585
45614
21724
19798
27120
37179
28769
37120
26695
30680
34515
5630
34314
25540
1135
29577
18358
9831
48620
30967
17058
23020
32890
44682
17020
16241
15937
16236
13421
24447
921
33400
38434
18820
15522
17485
31964
23164
36863
25292
2641
42286
4011
23309
1029
33571
49878
1929
19194
29790
5551
4579
5002
28800
44294
7288
12785
13130
38517
31162
39051
18827
15966
31948
32462
40151
