71
22
60
24
88
34
23
51
63
31
12
7
69
23
59
15
67
86
17
85
50
22
98
94
66
78
96
30
62
8
10
72
93
11
43
52
40
83
47
92
77
37
88
97
78
35
9
98
45
26
11
10
66
81
20
82
75
80
97
74
82
2
91
15
49
35
64
38
87
91
76
1
99
30
44
83
6
89
22
3
50
2
80
70
1
17
90
34
68
74
1
76
9
62
38
71
27
6
45
54
41
46
14
51
73
59
32
57
21
58
25
16
46
89
59
29
0
55
65
52
84
55
26
95
77
27
68
42
54
79
72
61
81
40
48
92
56
99
37
91
66
38
12
47
84
71
79
3
85
69
61
53
92
4
5
39
2
56
37
89
47
43
93
18
80
95
32
46
75
53
53
39
19
3
33
8
86
23
17
63
60
58
86
30
44
31
50
41
0
11
94
28
61
83
73
16
36
36
28
96
7
14
90
63
43
48
42
74
5
25
77
78
21
55
19
69
85
49
70
97
84
8
34
58
16
27
88
39
70
49
33
9
13
4
20
29
98
15
25
26
54
87
87
13
45
48
12
75
90
65
19
64
79
64
28
68
94
36
41
5
29
7
96
57
52
95
0
4
31
72
82
24
81
35
57
33
67
20
76
51
67
14
21
13
99
44
62
60
18
73
6
56
65
10
32
24
18
42
40
93
