10065
40527
17957
25160
4011
33475
10014
48215
18267
29936
44294
41703
24573
44488
11747
1929
30680
18317
43023
39841
41400
44404
29790
8546
30967
2859
47563
26171
15014
49165
21222
5604
10891
34135
42380
27245
43791
29688
13412
1029
38300
29577
1092
36348
18971
27120
43433
42894
2410
5152
571
12799
19602
13930
2641
21478
30447
412
8461
33421
41697
22003
19924
5107
39051
37120
5481
10512
49878
27109
2160
19194
32952
37226
22243
33780
27919
3166
34163
20119
27720
25486
28223
7954
1869
13970
11629
33430
695
32890
12128
44446
15608
48425
35240
32218
36863
32497
9174
23393
18674
42913
921
27944
12215
44876
28735
7914
45106
1809
45051
24655
34848
36840
18827
31469
5777
590
5948
38024
31441
5021
44043
10174
10376
17083
48653
48620
15639
9886
5551
29707
22503
44378
37931
3827
34035
44500
32271
12187
44112
15522
40151
3296
26239
5883
39229
47428
4956
14997
19365
6195
31162
41881
13428
42734
2191
41900
7045
8931
31306
27340
42960
17485
42801
23469
23819
45712
34426
15250
18823
7027
49436
26102
23913
4461
20111
27868
31761
29920
17918
23987
32244
31854
7648
25032
4734
33376
28769
26601
16652
16605
3492
5364
30147
23919
16625
704
21237
15966
25901
42977
41136
221
17607
37473
41493
13296
47777
16236
48368
5952
41065
36894
39500
8120
1782
3932
37110
35767
25540
9739
12988
10894
34484
5686
2243
26695
17136
24972
22434
39466
32462
7790
9085
25622
31307
2837
10741
5185
17020
48573
15214
12990
33157
24161
29145
5912
31765
23520
4917
38650
3074
46135
27848
17395
2638
11446
15812
46422
25329
5613
15359
7288
29416
22373
44355
21159
49054
37717
35441
29953
43403
22366
21724
8399
28042
5392
25292
7208
28800
2301
30261
19252
23286
39272
37690
30543
6998
45126
34314
13421
43142
29986
49862
36576
40722
44031
38434
20280
18820
34302
7754
5630
19798
48234
35721
45304
282
1252
22876
31851
12011
34619
9831
36378
7658
12323
34723
17397
42286
8629
24914
38398
3736
18769
31964
19199
15937
33349
30100
10132
37169
17866
11512
15803
18763
19630
11201
45465
405
49719
30585
15691
38365
19310
44965
20994
31948
49541
13130
38517
18008
47909
17768
7885
49640
5463
16753
8666
2445
1135
5070
31734
5647
4361
43770
6344
2721
13528
24795
4889
18188
11174
12785
18155
3747
31984
19190
24294
38121
43486
44244
33563
49348
669
20663
49373
7151
16706
9337
47006
34882
9138
45653
21276
34515
1638
40776
25737
2369
32581
4579
3313
28188
16797
40359
22990
35831
27355
2759
46547
40309
27331
16241
47713
32917
5002
32710
28591
16433
43904
18358
38774
32063
49153
2273
23020
43364
9010
36045
4748
32869
46073
16245
20397
29726
24447
5900
13216
23228
4042
11766
13231
43663
35305
4442
20763
15917
7907
12105
28964
4517
49971
44802
36433
3041
6522
15570
16092
585
42635
45614
16079
48148
42324
37944
33400
36342
8500
26322
18033
5202
31138
1568
38648
12271
37179
40595
17058
29005
14898
19219
23164
4575
16975
750
38409
23309
17899
32603
20872
35055
35901
44682
33011
9798
16900
37453
33571
