72
65
2
57
37
14
56
99
94
89
1
61
5
0
93
78
45
84
97
69
97
99
34
60
36
24
53
87
88
88
91
71
95
19
35
56
45
96
49
18
81
40
87
41
73
86
83
5
49
14
31
76
66
96
17
6
8
26
3
33
4
63
15
76
78
27
39
70
63
2
55
48
16
84
4
12
77
47
25
68
85
23
51
3
82
75
1
16
90
54
89
81
62
24
34
42
93
43
10
22
46
61
95
31
80
9
74
58
7
43
59
67
67
32
90
28
40
58
38
10
64
21
70
55
92
12
51
69
25
82
59
50
13
20
6
30
44
98
23
38
39
80
20
68
72
18
29
42
92
17
26
35
54
62
8
75
44
13
11
65
79
0
73
7
46
41
47
36
29
94
83
53
86
50
22
30
77
21
57
79
32
19
98
66
91
52
28
9
52
71
85
74
33
15
48
37
27
64
60
11
