32479
16271
15311
49041
27368
27587
4712
4811
10326
44080
1190
30531
33384
11630
42661
3229
43754
3867
8205
35191
2372
14278
12491
9633
19551
5122
8733
15232
9628
26659
20451
14602
46960
7468
45655
26360
18022
42276
25340
31049
24465
6929
44998
2831
33662
32734
9149
35829
15265
26675
41758
28666
8227
24141
18531
18621
13630
43124
23281
45864
45391
27595
29960
27193
10293
30043
21652
4593
20684
41574
18469
37849
27278
29508
45863
16120
30756
27668
12608
22778
8225
19303
49807
46219
38025
15445
31574
36011
20683
38984
8922
1207
44403
40605
40250
883
6276
33330
32139
13380
