48041
11523
17931
20679
30466
27634
45489
45124
11663
26636
29838
32244
42448
21819
45948
9149
43922
11667
47951
24321
45217
42389
49703
23313
17469
4260
28662
4487
38975
16829
39426
1988
11358
32662
845
26386
29372
24320
41734
14772
25464
49095
23661
14615
46320
30143
1861
28375
5506
22645
3290
16757
32221
17086
33607
2935
22494
47337
17805
23234
10625
7083
44062
37328
9936
2836
41555
49611
16570
8107
31763
30396
26486
22100
33739
15328
39933
36822
6910
29373
10513
46714
18047
31024
558
35672
35978
29175
2518
33470
42001
20938
28851
13514
45502
46162
29041
44075
38537
9432
47644
20227
37243
13463
10241
33485
31394
18059
30978
40428
10121
46814
44859
35421
43311
21600
19401
2380
34340
7217
9025
9371
41771
16156
3821
6009
49713
27495
22926
9126
10157
42749
10962
47350
37399
35673
1605
37220
47741
8979
45904
5700
33979
42812
39004
31633
3669
38677
30282
35779
33746
11196
44595
30222
34877
81
48436
44625
8432
4876
26042
5464
30915
40673
1335
39198
29196
49145
13572
32726
27357
41037
23807
35979
8393
11683
33025
6170
4417
43765
43849
18989
44437
3545
16148
26544
25507
42422
35704
28622
30611
40133
12961
46923
34156
24810
42008
18751
18137
26831
