32262
12274
43613
46930
12726
26460
15212
39264
19782
4217
32871
14497
34956
6982
49434
35393
7329
19884
18180
37038
15286
14404
25480
3082
47064
22457
12051
31582
2231
15208
39614
40660
11172
8651
23619
2664
43184
11657
38717
11621
25920
6769
11660
35266
47756
23280
17874
40033
16814
6551
1935
4846
10333
1534
33402
14708
18435
41133
10709
27752
7012
35501
11790
9334
23874
45384
10334
46085
20868
19202
42567
3336
14090
2646
38451
47269
34739
26397
12459
6359
9749
49706
539
8564
21180
9005
15621
38192
12922
6026
21952
28271
49651
280
9948
19380
49667
41570
34487
26813
48415
1320
44298
12716
319
5796
36286
29525
1285
21170
48163
1108
27931
42940
48770
24216
41930
8858
24034
5347
19926
15977
26169
15845
16344
49449
39277
15648
41915
13032
9748
43126
30461
6421
23331
44625
38789
42541
14800
45132
14640
49718
49129
2420
39137
36135
15279
44594
42549
26086
29070
35951
27595
38806
49377
42000
43835
43274
30842
31916
22443
3926
22374
48429
16727
21236
18258
28368
36420
44257
47012
19282
27896
48719
44588
3615
49628
6247
36307
42148
18810
38081
6602
18718
14185
33853
19682
34139
30437
49000
49975
30508
48484
27019
39723
14826
4362
31492
12489
45818
43538
20646
37877
32002
37129
11804
25850
10891
21247
45022
23651
46516
6920
28864
12403
36774
24045
3272
9747
513
22773
6765
36852
46546
29809
17202
35203
25316
45008
1225
27172
9985
49853
40789
15196
39317
5924
26067
43263
46312
39629
4493
7173
12372
5812
8688
10471
10713
38385
43313
26430
23150
46980
34865
14222
44596
43499
24103
33829
17746
47244
46127
5651
23522
5002
40923
41472
35688
6260
36292
38490
8364
16803
29677
18856
31675
49421
39013
8386
20804
49444
192
8866
41469
11402
27688
35440
6450
36257
17067
31688
10635
28733
4214
37780
29598
35105
41485
31519
20217
38450
23252
48384
22629
12342
37712
36145
44501
16480
41087
43392
24130
44226
27171
27467
4019
16439
24361
25156
21187
43827
28116
8256
12216
11364
16457
35119
2291
626
45161
40481
31099
20263
39292
14801
12093
28652
22776
48225
36378
1059
33942
41683
30729
46011
46715
20782
34743
48911
44015
9469
32094
2033
39399
30805
32688
8212
1221
14665
13748
27630
33510
34833
38228
29681
25949
34448
32645
594
40002
4967
36180
4331
39095
48308
48051
18954
15850
26231
5225
47679
48464
38445
46515
39149
35520
15304
10097
23539
31557
41139
48780
22867
48946
43141
37819
10425
26584
38314
8316
46619
33557
48967
36021
17396
46049
17851
48520
43495
3860
24475
43633
21039
2348
11703
45115
2143
18416
44999
33746
28256
40049
22711
21135
24509
15195
15197
43545
21625
31985
40343
47231
7654
49100
44287
26227
21511
25127
660
18849
40703
10527
24205
36503
3013
37080
10459
4142
29794
38360
10544
18914
18855
3682
48134
50
1092
36075
8570
34817
30520
29281
23378
25129
14872
19717
47940
32096
15780
47393
46034
9287
17815
23220
34378
7707
17987
28754
40438
44892
40509
45554
29458
8392
35197
37396
13755
33752
19213
37097
1397
38519
39855
21407
39551
26864
2105
40992
13901
16791
13271
42039
19981
43798
7761
15512
6354
10082
21023
24465
38249
26096
22141
16240
25067
10427
20984
47184
41942
24100
29840
29323
47964
40199
47903
37041
42161
9900
32468
37350
25742
3962
43607
2723
980
29912
1242
1993
37987
28722
8511
42584
28661
16387
18805
160
2044
30231
18099
17472
47373
43866
13723
1449
11026
48839
33495
27002
1515
26443
30028
40085
8170
25856
27288
12174
44821
46012
18601
43497
27195
39256
13084
12660
35308
2802
14280
1521
26664
3545
39613
30248
36052
467
10403
18292
15970
35006
11285
49205
37138
47707
15360
33151
27492
43701
49645
2470
11173
3291
19188
6890
43470
33385
6470
8477
24717
44224
27433
36439
19463
33360
2541
37734
25085
38685
21353
35255
21291
44286
1679
16386
22724
17706
20235
9728
18025
32439
2344
4974
12054
19375
30980
16788
21682
18431
49036
46417
19085
24622
42727
26392
9497
12581
18171
4858
16513
48392
11494
3301
36843
34780
20239
48986
15062
25713
24187
44704
26935
39031
11838
24952
26337
29780
2666
28418
8669
49116
37982
42478
19339
1675
10074
24751
27281
18636
24221
18896
49149
48718
22787
45070
34623
49279
41779
40493
18247
48143
26798
5197
13183
47610
33123
9281
45185
6996
8836
37740
1299
9181
46928
45298
37926
3521
15895
24603
27472
29216
45363
2216
47155
24010
48041
36055
43817
5563
34740
5040
14840
45860
22498
11392
45879
37793
42321
31717
24368
5272
14124
7143
32687
49177
33902
4807
46382
27620
21766
42518
11590
43389
3461
26670
2495
39482
26676
9465
15650
16833
28825
14270
49597
32475
21624
9631
41041
4140
49397
18450
27890
21419
37393
3898
9125
6196
15097
30064
43864
25780
597
45992
6380
27143
14460
9070
46971
45014
31777
21387
47224
48932
19949
48800
44651
32420
21040
6149
6330
33068
43364
113
25102
15076
5819
15361
16843
33824
46338
6189
14672
35747
41023
10227
36848
25797
34171
7035
11850
16922
32725
8466
37626
34869
46778
49984
36366
48262
27860
10971
34310
11968
46525
22229
5569
49868
27884
10886
26293
35060
6590
2049
41920
23871
14894
38333
49659
8043
1767
16125
13965
14345
20076
46500
8374
22263
19480
19721
8471
19720
27168
28488
1591
25704
33327
33105
49672
41916
43031
11410
10332
19473
40063
47298
10378
1747
11074
5488
11333
933
34671
36802
19561
45158
39889
12476
26686
49897
47098
18295
34747
22469
15006
28996
11036
19283
5005
46820
29908
33553
5789
29990
44907
45064
303
17568
15010
39792
12558
35511
22981
11745
26479
45961
1236
23672
42965
26123
27173
45958
29375
17763
24748
28993
7963
37557
40472
8482
37782
46479
35327
44513
28282
11049
971
27512
31550
47709
14932
28770
4304
43994
17125
49292
40292
13361
25944
33018
36580
8235
26727
35575
17734
13373
24218
4918
39765
7423
7009
15877
3835
13227
35333
13172
15527
10067
12116
40122
40397
25082
44859
42104
34957
49333
32761
35744
19546
14768
45842
47011
1958
10949
37007
26707
39585
35699
43037
10059
13663
7975
4470
852
4608
28682
3889
2370
13803
6143
4119
20551
12533
5525
27399
31563
17357
13722
26859
24197
26601
14767
40066
39190
44189
30871
33865
47868
14611
27401
13533
22813
21874
30941
44300
23893
6416
31375
9426
35712
11651
27473
49427
47143
26556
41334
45531
40475
11652
47685
33631
20969
40260
3088
1546
20146
40383
38551
4065
27924
45191
22861
42487
9568
21081
12156
40174
12332
1239
35411
22946
43881
37235
12884
47688
22960
44556
36436
29828
18606
25400
11379
29880
24398
37189
31958
16657
18985
38941
21950
4430
19350
28917
20346
11681
24683
25594
11030
17098
10946
13244
17507
44160
18307
33634
47847
8626
12444
14793
30596
45690
41935
41075
10669
19156
12034
43531
21051
30701
43350
5885
19161
10295
27836
49410
5601
9373
22666
18314
16630
35122
37146
48893
18848
34840
12466
25154
24134
46026
44221
32095
17627
10142
48140
31160
42968
1622
9595
6012
40111
40466
47221
12729
14523
38460
17725
42433
116
34886
12569
41712
40432
6147
22660
34439
1513
39958
28093
41576
27464
49357
358
21673
45937
46551
39659
32877
11979
14534
23213
12329
28880
983
47535
32779
33776
25036
6222
45611
25185
42840
6853
32569
40956
282
34543
6905
40090
22512
32950
7213
25157
47427
39247
5278
18894
17804
14474
21168
39797
24307
28207
46129
3130
22912
48096
10458
1917
23630
30529
35926
5695
3254
22873
4434
45969
5193
45779
11872
33372
17437
43799
45549
11126
36995
29776
9072
23330
28081
10629
33622
43693
5196
31255
41103
46682
11521
35879
21457
24037
31026
19053
401
15136
26379
36842
23393
23125
40427
11806
28193
45540
45448
14225
15928
34135
10492
23934
45068
30755
29412
454
27567
20937
43106
18310
47671
42144
30679
42493
5152
39138
31800
36086
7439
12699
45793
8305
43111
17332
8810
12599
17808
30447
14735
45968
29881
11875
39002
640
27370
48723
23114
7700
6896
12200
11084
34309
44091
15766
43203
34757
44244
28003
24941
19994
23927
25460
1872
34988
3671
5539
12597
44383
44837
45518
3656
23952
35008
29510
6637
28407
41451
6844
3453
10428
1501
5095
35058
16027
32750
44402
21830
47902
40610
37803
29930
16494
47946
3039
24563
6760
37595
13517
29136
32132
33576
47857
15299
39569
2597
29684
29804
26073
12003
16725
16271
15592
28721
15524
36658
32966
9168
36225
29170
43304
44138
20661
29931
16329
40878
5741
5583
13622
38574
25291
26449
23872
22338
39273
16405
24226
42266
26561
22188
37237
35523
34278
8058
42063
2054
353
6409
26309
41661
2465
20987
19781
35218
14389
29878
38780
41839
31623
6045
12519
37106
1779
25471
10268
6377
4785
20472
4423
13228
19291
7064
22114
45656
49737
22630
20603
41489
13431
49339
4517
45771
31318
42942
40371
19866
20945
422
11726
42568
41083
10304
43145
34093
33216
23855
31012
24903
21823
24154
49040
8405
23079
25957
15026
47100
43071
28944
43287
38521
10937
31978
20554
32463
39923
20826
14897
28506
24835
4319
49004
22335
30201
13976
4077
8635
18746
24016
12975
13574
18271
28290
34253
12464
40091
16623
41723
23250
28643
17949
28901
7627
21305
47913
19902
12373
13738
28642
38878
16024
22881
43754
20367
25976
17369
44318
7377
29249
37885
33700
16268
7711
27246
42295
37308
3343
41679
35771
6948
21893
14516
33825
3369
131
1205
49941
35969
29351
15122
43421
24702
25326
26698
39981
14051
6270
46215
19896
20571
38340
37616
1949
31347
14444
23507
9289
33179
23698
48219
40339
4484
28455
45704
44108
19058
47682
42128
7896
10497
35279
17461
2167
47070
9834
18699
29773
24611
45933
31575
43181
24891
17051
47041
45975
8575
37902
10364
20218
223
26075
48342
2405
11226
682
23383
13463
35554
32570
38163
39313
41642
37623
49533
48688
12224
43391
48513
1952
29997
42817
42573
23820
47157
36384
9960
48548
4705
8084
33643
32014
29463
20842
42106
4794
11203
45556
36706
20301
1955
1916
31866
25625
47634
35703
10934
2590
2161
14237
27236
36319
30192
47558
37141
31983
42818
20258
11271
41797
39804
47561
7815
31210
39753
29195
26803
18276
40677
18463
1283
30576
41142
26722
42164
33609
1753
23857
38286
23056
3544
35472
139
42585
40224
20161
10040
18207
22112
13106
21570
16636
4653
19693
18500
38499
2449
15441
29176
11134
48229
4983
37244
32006
12196
4953
30682
5710
35642
46458
40851
16860
12697
41002
44959
40688
6385
27481
33482
41963
37166
21627
6969
29478
21652
12797
11174
35902
48724
33058
17886
10330
36531
308
31139
2300
31947
11133
37351
18156
46672
34825
35543
49787
9973
1231
2608
31120
2984
44103
28532
6978
3467
26621
15240
31784
5149
22570
30758
28064
37903
24638
24656
26130
32200
14269
30184
27126
38550
1241
24056
13065
35421
4415
18436
17527
20555
43194
30522
547
36449
14011
35973
3576
17547
32703
490
30894
47575
18359
2694
44480
464
49970
31659
27118
5440
33398
11909
10404
9694
13046
4594
6719
17397
18425
44589
26343
4763
31501
8410
13660
18361
20388
41804
44206
39918
13335
48527
23648
5969
8721
28972
8459
24975
28828
34744
11731
20675
37057
31622
28489
27731
27490
48603
4518
2041
14991
4556
34336
30917
44988
40952
25965
4359
24211
14166
40084
26526
28760
7756
24329
5259
34432
2684
29312
36279
41945
23061
18420
5619
27702
25017
15870
16529
25438
2427
43980
27695
26351
25350
39322
15774
37054
20834
47445
9804
2330
40598
49062
14049
17102
3398
11230
16130
38993
18750
13989
45416
20892
12929
35906
15493
42634
25029
46737
36430
8301
21927
38624
13447
48849
17393
35691
23503
10035
20971
21357
34853
19345
29128
31158
105
41596
24452
49361
2567
33312
45002
40418
1841
17696
29529
29503
43003
26809
36161
21605
24239
19129
21156
12449
3215
6025
19238
34043
3857
41582
12896
25026
45360
4007
23147
39776
1871
28672
12672
1079
45443
28211
18958
21199
32708
26081
1882
25101
21680
9806
32
22725
8970
10316
9340
33846
38909
9219
1206
11484
9624
22473
43115
13098
19100
284
38221
18159
12993
41957
31343
18617
28684
8906
10633
25519
40139
41561
4587
805
40991
14673
17033
41059
38453
39060
35162
1421
18341
47632
35975
49469
36473
3350
36297
37975
1821
6493
24261
29697
26772
44164
7046
26600
40435
10723
9669
19980
4744
37273
42258
7025
11857
32598
10644
25150
42024
17522
47785
26142
35205
32375
20703
31345
26482
46323
45666
37333
8394
1445
33526
24932
25203
42596
38298
49832
45682
47135
15019
22716
711
48817
19429
6329
9970
4826
11409
15997
40302
43325
3005
29940
24922
22530
22024
33114
28660
43962
7432
41834
28545
36539
6801
4946
26870
36133
45759
16988
3353
11244
14787
16626
22279
31444
10283
6586
46664
7666
37240
6998
32298
8825
18847
39079
25298
17801
46107
1349
47909
44372
45539
22823
7613
40913
44674
10496
38116
16512
31782
25124
18635
5179
9569
28915
33391
25926
19806
41136
17526
18042
33831
31531
38165
27686
17153
49134
25999
42806
5057
7277
3648
38769
27251
15469
5453
17163
7509
17467
3447
32810
24320
31357
4562
1965
25496
829
40305
9975
14713
47515
5479
42055
16906
27443
3421
32504
17822
28321
26537
5474
20552
48082
28992
48987
43355
46445
43135
21161
19690
19696
7804
18051
2227
44918
32801
3739
13647
33043
30735
46520
18346
18530
14901
41685
426
17660
36527
35749
23120
42665
37947
33450
20565
38053
28274
42027
5772
14127
23604
15102
2373
27777
27921
25960
27422
10721
42080
44294
26966
14550
14878
16129
33890
31696
41655
44403
10613
37686
47960
26188
25796
46712
32753
37289
37453
19848
12324
18925
28121
32378
976
18794
48200
4368
5971
22753
6271
6554
47641
10300
42337
28240
26770
35348
45414
10338
46439
14418
46029
33976
47565
3373
49313
23467
43985
34641
3591
19751
41672
21343
23864
43016
13914
31877
15014
636
6344
26268
10670
29597
29477
3642
23385
36199
5103
29942
12030
13160
46155
12874
43653
10273
46596
38541
23394
4673
43699
13986
10046
46762
25071
7054
33438
43069
14468
34782
18313
47412
34895
2277
18865
9116
41246
3158
44940
1599
12771
49230
32769
7122
45093
21751
16090
12604
16997
7495
8449
36352
25383
16800
13119
109
33704
14477
42972
27788
11534
31928
19030
46099
35991
24984
47048
42680
34282
23554
34707
35280
23973
15249
21907
28561
14446
32699
32166
31632
19862
39554
6050
27973
31512
31463
35476
6952
13934
38414
42496
5019
32015
38940
31133
45048
33295
22471
6866
17704
29885
40640
21149
11322
22297
27882
31208
26390
27408
24278
20734
25873
24414
4073
20055
2410
32978
24541
29109
25136
9333
48289
48240
25392
22764
40326
48896
3783
21005
41844
49017
33565
20794
28886
9689
47115
43951
17567
24849
6122
29499
28641
36369
49484
25669
13092
46172
1327
3805
42472
29144
12934
37821
44495
40854
44007
47444
22081
14923
33098
16548
29289
14201
19864
45007
14936
8066
45806
17747
48175
19731
38029
13987
21456
9233
38087
8180
27320
12959
1138
31138
45378
38184
47179
14285
19845
4494
45767
1249
14535
32016
11016
43809
32964
2832
43943
4414
3840
32542
30044
38400
19176
37175
46405
35328
26918
46803
20540
6722
16641
21165
41302
39549
18297
32462
26367
47067
13728
1608
3871
36502
25741
5604
9372
36069
9461
33337
2
14210
24708
45265
40805
48071
22588
41252
21027
40887
28716
5922
39143
38015
43056
44207
49028
6258
20095
7924
36073
13231
19727
27999
46876
15799
15454
23552
26286
19573
16191
23635
49922
8960
21712
49691
36694
40869
3121
13598
8584
41875
23335
24719
29036
7301
46197
11665
13708
7570
5030
34659
11949
37657
12143
15437
18988
24086
41908
6357
33106
17434
38161
12784
13683
4287
3371
10894
45805
44865
24935
83
42696
5587
44411
32986
44889
13082
7129
26060
18981
5025
4529
3091
41380
15390
40189
10863
41112
45783
41392
29185
2506
18224
28017
15152
37807
11454
18916
13493
43134
21691
16077
7830
39896
48579
20349
1469
239
49763
48941
27158
22172
17969
47304
2941
30958
7062
47881
16122
39531
41088
9396
8681
38547
22166
24863
6922
44913
41734
39606
40906
35804
33542
25552
34188
26640
45110
41360
8971
47953
11881
9041
44483
15511
35500
26581
6175
49187
47598
31814
24062
39077
14306
13067
22872
23915
26200
31070
13752
1312
3917
19959
29172
18503
35643
18083
34416
5909
34286
32485
42146
31668
20611
10251
10433
11199
3240
26102
31574
44591
16035
37701
40079
19521
1874
28226
138
25902
33744
13194
10970
5185
12432
36636
4469
20183
46377
17458
25311
3131
20616
45162
48062
39092
20053
42500
35133
30918
23958
31312
15578
11629
9972
2490
19275
42618
38190
34238
27359
49293
17860
45873
48860
46614
14726
33097
35164
15368
965
23963
23334
1725
46567
11045
26447
22252
41691
28133
23556
6381
33986
15506
49101
18253
4861
30473
29581
35055
41913
29661
17097
26519
21052
32597
1903
18775
27660
49532
37042
29043
8527
46912
17006
44875
26970
31041
47837
10960
7304
19879
7950
1655
43347
13246
45545
37353
22298
24877
47653
48555
19817
39736
1113
43823
46268
46402
7909
11141
46431
3891
48922
43689
42234
17638
7455
29476
3236
14933
43199
10703
7734
34048
3877
10318
30374
14619
2841
611
25405
762
261
31192
10399
25589
47452
32086
21279
16107
34540
8211
38591
31169
28816
12897
31389
17490
20943
3738
40915
25231
11176
8614
13490
8120
37928
14676
42519
6676
2548
26590
12793
733
2819
6233
27447
41498
38467
10816
23633
3597
17017
49589
17257
49561
34313
11132
17918
35825
38127
16023
45615
9872
49099
37055
28559
1752
14156
20215
8059
9487
39209
40639
29310
2891
36919
49441
27599
13356
28629
46352
26326
4038
20415
24511
11017
29610
15887
39294
29030
25654
37026
43930
37096
39198
37705
23712
44722
40344
28406
19394
47385
24248
44031
44637
22142
793
8424
27132
17521
35528
32137
27735
46462
42470
46555
17310
18429
23901
12186
35695
6156
43002
25305
30085
38240
5566
11994
46842
9347
47546
16731
30600
19112
43117
14678
20216
26544
13438
26113
9197
8417
40301
11625
10654
9596
35200
10826
15302
31325
16007
37375
49496
31648
16432
44077
30438
5740
49502
29527
10904
21253
14956
7149
25931
24943
25977
37771
30561
39747
27975
7125
23957
40453
1050
8158
38746
21932
12028
44610
21293
7755
47104
42369
11789
33175
34067
23520
45559
28739
7050
13534
2428
491
20084
22865
5611
14540
35977
8362
35562
18086
18900
47603
48614
41832
9278
36483
12176
28484
16892
11526
40299
37227
45619
44437
43331
1768
44140
23027
33787
7312
11015
33348
29141
38303
30919
4879
29187
48150
11882
25222
41305
17203
23595
4667
4605
33156
31148
43273
18692
42828
7087
32020
3085
29433
39789
3510
5447
12415
2822
26296
43293
44247
6308
49118
44181
44196
49224
36334
19465
49137
42263
25864
4823
28442
28656
33929
33701
27395
9284
25538
14227
6396
23988
47089
36888
44814
43958
93
702
410
33726
12932
4220
32880
44505
25705
44440
4053
34177
47374
32220
15308
30614
15074
23535
9248
5824
6052
27486
12484
2618
15277
42743
5672
21060
3392
4959
10121
15753
17118
30690
29891
23573
17953
11198
36284
47591
32668
10602
24606
1909
48713
8165
39189
26547
18853
41660
33546
848
11335
33298
40128
20735
6973
29638
45246
35051
49526
4686
48722
39989
27067
3468
44250
66
20738
5260
12374
28888
3146
6854
41821
34527
43903
15637
13333
26321
9068
39987
26848
35196
48056
6011
21991
15757
22559
11855
1537
6868
18547
49231
2311
42174
16565
2627
19892
28098
29360
10351
23362
4162
47932
41230
27159
14088
15032
15984
21659
36228
24403
39098
39732
48804
22801
7843
11993
33313
1031
31896
14228
19586
10490
36865
8126
5628
30709
11499
3647
47277
46789
40574
46968
13487
18200
779
49146
36328
47095
11265
21703
3535
13610
45970
11356
31381
9498
8650
4402
22196
42770
48743
14337
42733
26904
38800
6662
34962
47249
651
16261
4137
10515
26650
48913
39550
42821
22000
7171
25170
21977
41818
7853
43435
18619
38080
18656
22216
42896
23596
47007
14195
22731
45192
13707
14265
17648
37744
10026
31565
4894
32813
4103
45133
23541
20497
20285
20904
3341
28108
40685
17936
37188
20136
5889
16775
14529
27807
44427
22390
18407
2239
7882
20297
45922
39025
27661
41363
14577
10588
25048
15127
42274
22183
30775
10900
25836
35638
4280
25200
18278
21941
18572
25319
221
38918
28308
3971
29532
22162
45708
46058
48339
2488
17114
26659
9967
4446
40500
31779
856
38828
30697
40881
33844
35998
37959
47623
21440
42675
1199
29428
9555
1891
11304
6349
6603
15996
23673
32962
5709
43729
48315
37086
29235
6548
10961
26250
14838
31436
25041
42812
12336
27313
43277
25649
15715
26709
10825
23976
7608
37890
8927
21423
9617
28396
44282
44878
22895
21716
448
6981
5159
899
12197
37840
8074
31940
16349
26609
25144
45289
19354
8629
21926
4054
5743
44529
19762
17227
23700
36363
39439
22887
3733
24496
20907
5090
42740
28458
9353
46828
36576
3384
35073
14706
9045
1332
49039
12344
21801
41118
3767
6240
32946
36627
37282
16821
39999
47357
17479
6263
6251
26834
15981
19336
7941
22969
24571
48712
30967
40362
45732
33758
37157
16517
30453
6899
20589
46948
13605
38488
42763
4182
48111
37713
20356
26304
41831
10208
21870
39121
30164
36724
43373
28718
4061
21355
18182
3021
47998
38932
14279
10224
26812
45701
32816
18388
11986
33891
3912
38676
44717
36656
24772
16685
46182
13419
561
5951
6790
17294
24530
37669
2783
32231
16790
26597
44336
30401
45595
39034
15081
15295
10239
48246
14957
3905
2136
659
22816
28536
30415
26780
42393
957
22664
10174
31276
22317
20280
11427
1078
38216
49955
16148
47394
39061
19628
35346
49715
18939
49765
6388
49215
23479
46745
24436
44193
14925
2845
25155
5730
5375
15725
2031
47281
10599
9777
30880
12790
39416
6916
3372
30182
1819
29239
827
17053
43655
49267
30011
23074
8499
12546
44214
12622
49073
8777
33730
33873
40796
40650
7930
10415
1771
45636
6397
30104
47519
20922
4906
43925
20897
35120
26543
18078
38218
40794
13212
45434
13381
39985
36353
35182
2338
41632
39030
22889
36000
44930
41278
36968
3734
38725
23787
40423
30325
27302
39672
42168
47260
18038
27416
35358
43251
9918
46559
12909
37777
4075
37165
26615
6407
46174
29153
28181
32252
20325
19523
40446
46401
27278
26423
46350
34959
5636
2934
58
41218
11985
20533
18684
48895
31077
35142
42656
5022
40581
19708
2325
37414
20069
33481
11252
48925
24736
12621
14029
43688
48554
31401
42291
3140
29946
20761
7017
29169
32047
30860
35748
49516
44213
8924
37397
27659
42670
27274
34230
24069
13035
43756
30631
54
7176
3607
42324
6826
8491
47222
25209
33322
3097
14596
2429
38231
9557
47108
36309
40104
5976
10031
41196
1901
48431
49777
14996
47495
23303
21663
9355
33784
49303
4110
28659
37185
10240
24295
26239
28619
15380
2764
15173
42609
35175
2218
41826
5127
44090
42443
25273
21242
14544
49560
30449
45908
38612
23705
25166
8973
9984
1137
33506
10243
49524
4533
5645
11081
39639
375
35693
11377
16192
27540
9935
24262
12917
22452
19714
23877
6332
45327
15057
10421
40880
4000
23201
40158
18579
21971
10829
44916
7052
31043
46408
9608
32715
19031
25987
30329
14231
8220
28259
45258
25435
4770
4027
44163
41584
40356
7594
19289
25109
8714
35931
36018
8757
4438
47869
48869
17036
19643
6460
37534
38520
6080
30791
26439
41460
15890
30354
10920
1986
22080
30482
28862
47851
8153
42558
26453
7945
22539
25804
12609
32839
21700
27950
13537
10266
40563
45325
46355
39709
20509
22899
38204
35234
14977
8456
4891
41450
724
98
1316
34599
41347
42627
10652
46217
45410
20444
9326
43100
38343
19186
26627
41785
41665
1823
46955
15002
25975
41259
11628
27289
13301
20866
20428
26196
41338
44851
46098
6413
2907
40883
4666
48280
37115
48068
31127
7156
25632
38341
2847
5204
33868
17037
21837
2632
45377
9888
38885
14671
46894
31714
39677
42557
38731
36317
17783
29849
23971
18549
40506
19174
9718
38971
20715
37725
22501
36759
9551
41554
9994
20605
36790
456
35702
39538
10070
6401
23765
48446
17781
12893
5622
6328
23640
16509
9543
41415
16239
36936
6018
24583
39101
39810
19872
29760
3604
19384
41137
47173
75
38247
14427
571
29475
4504
3066
17236
14886
8079
3178
5167
16135
1672
41043
47970
29457
46039
48097
35925
24392
6139
18576
26059
36535
22542
43719
30565
44719
35829
3500
9674
30122
5418
36728
33272
27066
4808
28320
30054
38454
13471
18519
28477
49091
9341
28740
14382
24438
6513
68
23148
4071
36591
31415
48737
32072
49576
49648
40232
43050
1621
5640
45269
16492
37357
7949
47511
32145
26896
21829
5486
27666
5145
24988
39309
10511
27508
3495
41150
39625
2108
17308
42726
48077
7152
37204
29308
26044
2339
8554
3582
21884
828
16225
19796
2215
47436
44131
9685
8485
36782
18464
16703
15842
40041
27819
1772
1339
40491
8478
41535
43059
26617
21939
34932
7291
13254
1934
47282
43708
16895
40985
10711
9582
46069
18490
35134
25346
8255
19730
11777
18145
41496
42520
5877
409
21324
19805
17825
22097
10069
33135
41141
25049
29374
39044
26126
34195
14426
39977
15172
28570
1576
31931
33232
28568
37365
17773
14538
30492
21464
46644
33020
42332
20613
3882
19157
39942
47085
11517
5274
17055
42677
43407
24367
6476
48937
45479
44697
46730
7639
29409
21860
27221
22438
32799
15120
46105
34490
42211
25943
12751
12687
24170
32011
36801
46040
45841
5763
49747
49163
17034
36700
14922
32784
5045
33318
24428
28727
32555
13077
38143
24998
44731
14213
27048
19843
10028
13121
19548
3819
36024
46626
23484
13412
46509
47237
17143
1700
38273
30585
13338
10656
12013
45637
47
40214
5543
13372
25328
2636
36276
1326
49136
25541
13798
15099
7357
19496
25374
27506
31921
48268
14293
27877
2761
35836
30686
32351
19506
21976
39601
2356
36573
8292
1518
10942
13466
23811
18249
47562
18030
19477
20177
21333
44381
27114
17948
6577
23894
44259
8262
49968
25451
22101
36419
18512
27784
2769
42982
49624
33202
15281
2121
32254
3417
15248
16923
46708
49779
6144
14692
175
36677
8087
22537
8048
5559
7453
15556
34907
46477
36275
47738
1693
12754
38755
42924
19745
15888
34376
40170
43696
49218
34879
48525
6000
35070
5975
18031
24715
28310
14502
19850
41775
20902
13531
10331
5564
18390
27363
27911
11606
13515
34211
23274
43157
25970
21376
49108
41593
49848
12350
37869
19619
26481
20873
32399
25423
28112
6946
37507
10696
4713
5050
36664
48717
48362
11257
2958
26220
33514
40103
14764
25534
40419
40280
4618
29903
34823
20282
26787
28117
7835
6029
11945
11078
6154
14994
19743
12918
13475
18769
22223
11531
35085
23832
13686
41394
40396
9155
4630
12772
44620
12524
5768
27354
41625
7299
19957
9683
44688
22146
5231
13818
49128
36943
26644
8288
11346
15827
16857
13830
30574
1790
8837
34601
17400
2222
47613
40349
29579
6621
25772
15956
30125
35974
34170
22179
39780
7933
29736
18707
49759
19961
31272
28774
48187
2553
36504
33747
14875
44359
29186
5545
16969
5806
45340
9803
39173
26761
34621
28278
28591
22992
24666
16
14912
38485
2278
6832
45406
20259
37867
25967
42450
30695
27681
17717
22421
2759
13875
21733
589
24655
22022
3177
16756
35084
39473
19740
28806
11348
29459
10832
31129
6032
17193
24913
45123
39954
17315
4005
37884
44208
42667
4531
12414
8376
34866
18009
6392
545
46646
13342
17795
31716
28861
10089
16133
3383
16206
30910
22290
19488
9327
27936
524
40657
10739
20129
22305
18327
29079
30233
23891
5023
12670
6169
41349
3155
31867
1096
6782
12413
1167
38952
28621
16308
20066
42007
22743
1717
27038
31549
12101
18409
16596
27429
39212
11376
5355
35237
9711
29363
26065
6138
4585
3316
7034
7308
21338
46061
48243
40680
34143
37880
36195
44917
30537
10312
23679
45890
41359
43502
5934
6227
6203
7414
3972
9579
36671
28731
45489
2575
48117
23049
13250
43326
36721
15038
37034
38301
21840
49005
15056
46865
14056
23488
11079
42871
25107
36996
709
10523
16749
44322
21308
31233
124
33664
7822
48385
38553
1493
9741
7487
991
38095
4350
25303
24454
32712
46658
46412
30051
13793
7448
35441
44005
41762
45011
43757
5315
41468
42156
8585
42019
16876
2459
25915
21299
14295
41316
39521
19798
39154
321
9764
34494
4913
32405
13573
21533
17041
12750
40827
17606
48396
4571
33091
30743
108
6015
20503
17595
47844
18058
31810
46519
4869
45847
10835
43049
36259
25938
1920
39997
3652
638
2899
24243
21567
11947
46434
19800
31092
4881
43624
19235
21054
11876
20526
15848
48854
28994
30107
5661
5235
8544
40779
20830
22475
8247
15787
33000
14309
26987
31056
32852
11519
3639
1743
36066
43730
12475
23243
31251
18595
46093
16378
37147
46148
25749
36134
28450
5505
41722
993
46007
6714
39134
47361
24764
41519
10122
18451
10022
1086
43722
15634
2661
22860
39311
15382
10158
32778
47127
21055
16880
17351
12995
22170
25641
20692
44079
40395
5298
4480
48365
14401
40513
39880
10125
15964
24516
38503
30828
3763
18513
36811
5058
30830
6958
20930
31493
18462
17686
26595
31812
11138
22330
40266
37868
20946
33883
12942
32204
23173
18744
11568
33214
30609
494
5010
30808
9433
19422
1543
18193
1488
49284
33332
21080
15429
25325
22278
39323
2534
1842
27340
11739
1318
46146
34800
39274
39068
5777
22871
4406
25814
46000
38100
5590
2069
16197
32380
12601
47159
36824
19722
43821
49817
48108
19051
22560
24064
39539
1294
44745
15517
24721
5276
12099
35781
39437
6752
19667
4855
1512
26979
47987
40455
32758
39391
40350
151
15702
1774
42090
12031
49539
26993
5795
29048
47013
41144
47340
19597
39968
26582
35949
20245
44573
41432
31214
31687
33137
27538
45691
9026
17488
40013
10412
27792
6419
28830
14880
22264
49719
4969
15088
24901
49679
29981
21923
46758
5369
24372
44655
22147
49625
33783
30761
1836
9993
17552
23290
6429
8361
44293
12758
35202
31586
49703
8930
24544
47460
23822
16661
30406
1559
10616
44423
18088
1733
27177
31525
3363
24171
5949
23221
28410
25362
334
47305
31420
49660
45262
24302
6674
35413
20645
33215
43950
33679
39903
30066
18535
13370
36875
2859
31754
3665
18754
9462
8385
19975
26189
46603
33507
37754
36333
23993
20542
14564
33087
9546
21318
23643
12443
12645
31131
8309
47383
20753
30710
5498
30167
49354
17856
30582
34911
40533
11312
39840
1077
19748
35598
428
26660
33672
34927
11213
10985
39502
2574
42674
30988
8154
23288
39447
36113
20104
24729
32520
18968
39281
42045
48353
31037
14064
42001
17628
12300
32536
27827
23939
48988
17241
47275
30847
33291
49144
6494
5074
13339
37502
12159
1522
34989
44370
28280
8190
49499
5956
19812
4842
25686
9893
27771
9954
15772
37768
11236
37089
34786
31354
32603
49795
26569
28218
39148
32165
47333
48916
49894
49330
16235
38672
10389
11135
11879
43323
46588
5337
27487
48708
39418
6295
20006
29318
41863
49446
6766
48848
35059
12985
15396
44291
1709
29941
30948
37066
27612
42405
36083
48159
34213
26738
27749
36012
31180
35866
23464
43662
22027
23626
8214
24953
31638
38926
20476
24880
19437
33415
5907
25696
28614
10943
45952
10358
47042
11989
28044
13072
20256
15066
27645
9202
46292
27000
47216
32144
24008
37013
950
29450
552
34399
9740
3799
29241
16408
14995
14456
21227
40025
29481
17312
1448
35088
39658
32530
48802
44986
13572
6707
11260
8851
4555
36392
27240
14175
25543
48642
47554
1689
11673
26786
48650
43905
38058
45519
32240
5016
33363
34495
16290
47156
25
49176
26643
577
43639
33887
2923
16501
19532
2093
1587
29353
34333
39249
8498
22916
14416
13383
39794
28966
41671
35129
44353
35647
39581
16059
7318
38613
40682
27149
38999
38511
27802
35367
19037
27821
32664
17302
45084
19403
49110
11064
17482
45102
35910
5370
23821
40642
26541
47112
13197
7388
16699
18936
28765
31761
47900
37499
35493
10671
34032
22670
4631
7610
35053
7424
38601
22906
45345
32829
23495
5997
46482
49587
20989
6259
44980
46773
17643
9443
15296
46885
1684
15623
32686
43651
39558
44751
9468
36517
23012
43842
9886
41151
10965
48127
16812
40297
48871
47882
39684
17101
46781
26760
17847
489
36159
47529
20521
11589
29614
313
25481
38402
7242
32519
35800
14174
6402
14686
18722
30657
39100
32888
47130
32919
26917
45776
1647
46059
13556
36123
19287
36746
38013
28462
9087
38546
44791
1860
33926
22363
38069
10210
10386
31953
23664
22575
17361
11509
17199
10773
658
33599
19516
27930
32594
18668
44738
6649
27855
44478
47134
11573
13229
81
38245
32540
25176
48383
42716
33522
23729
34324
9294
14766
1740
16120
44292
14740
32295
4776
42196
10597
22567
24917
40608
19877
5703
32920
17167
33498
13274
15677
17612
48126
30271
16318
4805
39135
5169
25043
32232
9628
21146
20676
16736
25375
49652
8138
17574
2191
43614
23103
2472
33153
33061
33326
35404
20851
16014
4896
34966
36808
41161
39768
28627
19315
15738
46195
48274
40802
11842
27817
458
4977
31726
31708
31546
1422
49616
9544
36125
32511
6042
49094
32980
27537
47931
25462
35078
38825
11425
8775
27181
20537
21876
7297
35485
25717
40409
15843
14007
17516
16104
47904
37252
32278
29996
1517
425
13398
9759
25830
14783
24215
5504
48316
40286
7332
46400
14144
45413
13413
5011
17761
24334
37376
10447
48751
8070
22738
34080
21575
44000
25956
25847
31576
2462
10237
5437
13801
544
37531
49923
45931
48543
8351
11360
21097
16067
44366
35759
17537
21709
6691
20649
46663
25930
20801
49179
39421
26874
37773
19280
49841
39187
57
5607
28469
10559
24619
22555
32466
44616
29716
43564
32763
26765
16455
7502
11310
6040
47579
19194
38902
13631
32363
22269
15294
20724
14315
48897
10790
23182
14730
43121
12620
29856
47605
6223
43820
49851
23364
16907
45716
29321
35349
47702
10076
492
19299
16905
17533
39255
2792
2502
24639
37468
12379
24514
42083
12337
17433
15486
41374
8654
8907
15669
10301
9331
2756
30152
33445
6092
31021
15450
3243
16587
27230
32374
46357
36141
10319
8576
46353
11352
7659
49219
40602
5940
35110
41077
19531
14668
3628
29423
35357
8803
28079
8465
44449
46683
30494
27356
20610
22668
4834
8006
20926
29802
18906
25800
32189
3403
14104
45027
18634
19753
32961
18459
13018
3012
7926
44667
37619
33898
8399
31606
46224
4412
35449
22939
19373
35294
39269
22646
32629
15101
34329
40914
6808
1396
10055
35505
46390
33948
6564
45071
29753
48203
8081
10660
9
22462
13565
37428
18047
38421
16979
46522
30675
11274
6408
47967
14904
40815
35481
11525
1394
8646
34615
45869
36987
12157
44528
34569
35113
30294
5584
8363
44027
18843
9174
12331
47914
15671
42163
34316
25206
21507
45645
7020
47695
48408
48172
13283
40615
19901
7331
22558
20089
7859
15700
8269
31912
26731
1238
19400
36918
29081
31471
28521
38159
33862
27797
47761
5417
5263
44170
30968
25677
35465
14022
10903
38701
29700
33532
35606
24084
36757
17152
15896
43070
26283
26844
38270
18625
43734
5500
13771
45781
26274
40999
41264
43332
2211
12875
29224
28580
16200
10284
45471
8797
19914
8550
10802
42639
2558
47407
27926
14031
24388
1766
8334
38264
47212
16141
19290
9604
39160
48084
6556
31258
42190
29016
17517
22961
9818
41442
13459
38822
37783
30820
19666
39973
13188
5494
22697
24513
36579
6838
20303
34579
10468
38611
6022
1729
18959
9177
33899
32667
30989
21542
49797
22832
22291
25544
1331
17341
337
32764
20001
7507
33343
15537
6839
30175
40019
18081
39246
1746
19392
20101
32229
37759
8538
20927
31076
36060
25678
17005
22680
38378
28485
4724
36223
9753
35733
43144
14938
22440
33516
15129
36920
37133
28835
34385
49531
48639
32296
924
11153
7704
39170
43020
23292
28574
30092
21959
25454
43448
36912
48685
11075
29631
25728
37381
23411
4197
18760
11495
2875
36254
37640
25922
48622
444
7763
4249
19542
37065
42839
14873
32272
33421
31775
11709
1278
18275
17196
9119
21307
34303
34901
39328
42652
17566
16650
38033
2800
2316
43317
345
48591
40021
5176
2607
36235
27415
47662
25525
4138
39618
114
41381
20665
36029
5836
12858
27676
27927
48519
853
34811
740
49315
14557
35497
37504
14704
13497
2565
46687
7892
29914
12467
32718
33012
7865
4528
9675
2521
12060
2377
24417
27813
35710
3171
17130
38158
43365
26837
6439
38808
43255
46414
5448
9018
25090
30957
3190
26391
22554
26135
40040
41684
29021
13968
765
41049
49639
41546
35121
12237
1102
20124
25341
32245
22190
34231
34006
40502
29025
48223
34504
12962
42051
39319
18823
29422
39646
24284
36850
5634
23826
41215
42202
16875
10779
22484
31601
49433
21431
49015
13717
24167
12786
33410
47036
20828
29535
9417
20082
24097
33276
19732
4821
9620
28183
16322
46533
22661
32182
13972
49251
8710
28353
36922
16696
28551
26906
36027
16535
10168
22927
35827
36433
9904
13115
46741
291
45316
34394
25476
3366
46688
8129
23902
2178
9196
21044
16918
32894
48727
14546
10328
30277
43269
5506
49093
3394
778
13959
8647
2717
9086
17701
47798
37259
44121
24876
43762
18807
40474
36041
46016
38114
7993
13917
46002
42548
42283
20840
49189
33245
6660
13571
21379
8040
34186
21538
2474
222
17854
27584
46342
35987
6653
6166
46335
22047
5483
24659
2272
29467
39632
40029
14100
22107
38689
13692
10189
32029
48458
42681
36402
32372
34608
2294
13545
35276
2424
8802
21331
17201
25789
15763
24701
46444
708
1797
11092
15489
24308
34244
10823
45856
16925
21735
19680
44673
4436
1902
49582
35247
21644
45618
30352
3518
12752
30921
6113
16145
22883
12505
1363
32424
33119
32970
29539
5532
15897
1157
6241
40467
10584
10106
45127
32486
19232
32116
40762
36733
38903
10467
12576
41944
219
49619
35503
3546
8196
29682
26732
14890
911
836
23144
36877
9884
37559
32113
45915
41688
49207
27544
20182
49369
8052
33573
29837
20512
46003
5377
16183
44471
18548
35192
31514
46989
15708
36717
24109
34109
14745
27089
12498
46081
47892
49948
13547
1207
38059
20744
7742
42847
35613
27562
35891
42578
33369
46770
34065
31479
31680
14346
16688
13924
33527
26043
15631
7960
33834
13954
49463
13132
36610
2192
45591
23759
42093
30864
43266
11728
18354
8741
9122
46987
33418
12553
19450
48325
34125
3572
49161
28031
6120
23752
48256
21109
34733
34612
4296
32340
29077
30623
49414
19571
26462
8396
20575
30511
12712
2530
7051
47483
19504
32124
40468
42714
23024
44882
6951
27381
1699
41702
27189
43520
28298
4856
40516
37506
8748
18730
24819
39763
995
30199
43697
48894
41475
40327
10388
13676
13636
48346
45198
16317
14360
72
46056
24786
4683
6879
33702
7737
34392
37142
26114
30158
39543
23985
5493
48980
34038
9113
49742
38010
29337
19852
26938
11893
40127
36647
38188
39261
9796
40755
40000
32482
24357
7798
16178
34111
15393
41352
21569
17906
32577
21555
43361
34975
17579
15011
18129
11983
19123
47772
15535
48454
19348
27435
6716
4108
46347
41841
11301
35074
24963
35371
35537
48773
3897
46336
35763
1135
42292
3001
41918
48083
13423
7959
49730
14836
3644
30809
18813
30794
35663
42176
3335
29642
16101
14061
3983
19699
36151
2594
8528
46230
38248
11518
8859
4407
35151
27053
24030
47593
24498
9071
38016
43789
36545
45440
29602
26148
25416
36783
1115
48015
37155
36634
46857
23946
48361
35820
31073
49893
7157
35415
49859
32142
6647
6961
25128
34542
47229
41927
40694
13974
2214
36538
31706
24390
2479
39094
31722
34322
33305
7980
32805
38064
11779
48224
42563
26632
47197
29910
36674
49370
29785
6291
6437
42432
18858
29658
5449
25803
4954
33094
10138
44718
45849
19657
15364
29562
13415
45065
33713
49152
34960
35687
17629
7794
8543
44191
35141
48647
37569
23743
35564
16849
17256
12845
16472
4155
21769
23066
3798
23073
7478
23696
34550
19196
41565
22181
31626
16830
29103
31042
9874
11982
8104
18686
14909
16331
3667
24004
126
31478
27405
39982
17768
13010
31368
42145
24001
9703
26629
23442
38065
30238
33574
31226
17333
8917
3519
49932
32233
36744
30857
16083
37059
7267
12774
1410
6261
21184
2760
9134
32545
28995
42572
26013
22065
171
5554
26277
42151
12514
30865
2486
21425
45029
16336
24543
12036
1580
8579
14340
30190
35853
4527
33785
29044
16108
11485
18596
3263
47037
10023
38005
4537
10166
25178
8766
40981
9688
25573
1324
21117
10572
31396
6506
23450
17707
33913
46598
46998
11582
5866
3349
15219
42214
36015
39943
28940
49045
21028
29870
2499
39265
46776
16094
37690
31406
6937
19807
226
4243
19625
44572
17858
38964
11000
47044
14902
34819
23847
36017
36834
7867
32926
27717
37757
35517
40414
21334
40083
7196
38106
17164
33161
40810
18150
2554
22253
497
1351
34108
37509
9101
30039
16430
6552
9096
6463
8354
21953
19292
9046
49649
38710
16142
13090
11006
19501
34580
16729
14660
39612
39293
12977
27285
45906
24184
48757
25679
45897
29517
23371
42122
24852
39112
27901
29064
44356
21727
8435
16986
31827
24364
48453
2015
16300
6953
45137
40847
37242
31789
17252
14725
26853
15446
44623
34056
44016
19984
45174
23181
23688
18825
40269
8353
21389
12316
4233
47804
7802
18196
19775
38649
29245
34015
22272
19404
5561
14324
33909
9923
49847
926
37918
12825
9261
20477
49827
49067
37518
5978
18790
3683
26064
25984
42407
5905
45963
32355
25120
17419
19842
9577
33805
10185
37279
4343
18768
19624
48566
26245
35724
40131
9320
15440
6643
17409
36303
14958
41985
43354
38538
12735
40309
33290
19809
5671
367
3393
38275
3757
46812
4004
38539
29050
19663
5624
10400
12008
14734
30759
45382
8568
32832
46726
48951
40868
49052
12433
37429
25929
20354
35456
1272
23804
2762
27312
9616
48171
19626
28990
44960
37345
11175
35194
4638
6878
34132
13961
9615
27682
43503
40577
21422
48355
12317
34149
22649
34199
28498
43828
36268
13196
33952
32227
34885
44126
38594
32878
13017
19033
40663
49404
43901
31906
1843
2079
47941
10895
36815
32104
29292
42655
12968
30763
15922
49254
28969
13371
3800
1254
28805
16649
18550
49335
3575
40860
37426
38214
19535
46456
39372
17760
34675
3777
44099
36929
36785
3626
21062
38425
4329
36592
35329
39389
24588
23232
27704
4278
4078
8368
10481
24467
23419
11050
47058
10498
18931
26425
28238
29862
46123
17050
45203
12152
279
10422
2358
36010
33188
13772
9846
28062
29660
34460
6479
33651
26755
30789
19264
36087
26921
41322
17398
13323
28167
35852
38332
48592
30816
1120
36253
31146
24780
41616
13833
36645
28730
43425
15339
32349
17045
45710
16808
28411
33201
8758
29405
6503
6370
8223
1499
29709
30170
17228
38371
49409
27294
49794
20523
1159
12038
47330
9481
18283
37942
34270
6006
29545
15651
39054
36306
29446
530
39917
26497
48787
24686
9832
5680
36152
44217
11760
49998
33759
48923
41038
31024
34917
20531
10163
16732
27969
5311
38726
26344
2048
1317
45529
12748
1217
22891
47150
37670
24453
21375
19882
47728
29845
11614
36558
2871
41747
18037
17424
25100
32111
10455
25928
37919
28237
10608
41070
32819
45528
17840
909
16828
29015
23214
24855
35886
8895
38108
32525
24933
384
43563
15711
20079
39843
16662
35548
44536
9401
34498
4184
23511
38722
25097
28145
34855
22090
32632
34996
6492
6792
16362
23929
24359
18788
38779
21426
43238
16563
23491
6056
23279
49545
40955
24750
27239
27570
46180
39540
34700
38389
7065
40442
2032
29283
27050
18074
32791
9744
37110
10233
1309
29637
44541
12453
20758
7413
1282
48341
49812
14001
35488
25052
10609
43032
21928
18518
28589
22446
42526
42995
38664
19319
22846
5492
22195
42599
5363
20839
9171
23612
20628
30405
29620
16416
32977
39664
25381
29847
902
32336
42477
26857
46332
37135
417
34401
44575
13042
11761
5142
49289
37673
8846
4316
8257
26958
11272
21992
41887
47386
44493
35726
3742
44677
6843
34464
22836
2295
19855
5001
30862
1314
34565
33801
43833
1020
48702
952
27526
32676
4051
1072
5560
41637
6168
49139
4545
15404
6829
18884
42421
9204
9940
48138
44371
23211
10743
49334
4123
46254
20201
13169
11943
20492
3901
24250
28448
6383
27353
37329
49535
3717
23782
6075
36310
9630
2248
44408
43748
43938
6528
35062
30747
15903
4658
29521
33936
21174
20120
19553
8414
46471
7419
14984
42583
41739
49644
26636
43784
14233
28486
46282
21674
13626
46209
29089
23935
19986
43922
20119
48285
25485
16552
27058
15906
19386
15460
12669
32288
39921
9286
11256
49104
3330
23083
947
46010
3636
8404
27697
37847
16437
4464
34128
17460
685
2436
1216
35756
46634
48824
23420
27531
27826
24029
44465
23625
29956
43516
6017
24710
41833
45484
41383
46999
18385
15705
33663
43811
49544
30446
26222
37378
20691
42959
38512
2639
39885
15150
13669
49858
25068
22503
35479
5382
27378
23273
26361
33635
2342
44297
38997
10247
30420
31959
10373
13215
33379
13005
44740
32734
7400
26147
293
9864
29790
9251
44122
893
43599
36393
15635
20674
22428
560
15880
25777
31950
20302
28236
19423
35770
31679
48061
43619
41798
11664
38185
3055
5610
49092
45610
3362
44061
20406
7069
48350
3718
36961
45966
46768
11400
12591
40273
4086
3730
42844
12818
5698
14616
39287
241
43974
8829
48358
30365
21747
28768
33780
47165
10041
30440
23652
16402
33023
9393
6285
49400
24698
19133
31413
43303
42660
49622
47972
31176
4167
9680
43692
43357
49860
31819
27331
46163
29395
31335
41263
40572
8398
13900
2823
14434
38137
7348
8613
47194
19651
42860
22411
4902
23967
4919
20896
28836
20328
48226
47589
3998
7021
32057
12855
21694
2309
11139
33791
16839
3382
19851
42691
45773
16647
16964
46064
25351
23155
24782
37182
48883
28922
4018
42333
41069
20719
6886
29670
26153
27043
24445
43441
35043
49156
35805
25517
25301
2098
35379
30093
12203
49843
3900
5826
46476
29137
2025
41119
10123
39798
15959
49796
40843
48220
26807
13093
40873
34152
20397
35655
29627
22355
24501
35658
32003
30038
33983
13144
34298
23426
4
9405
35436
49707
14191
35323
30442
10114
5314
8533
26164
25214
26212
20858
31244
1784
26322
44510
30098
32657
19847
5348
844
46700
17188
2193
46394
30885
214
45016
49836
26496
18935
21981
15825
32447
2645
10975
29385
7145
6721
10744
48944
20624
27494
15948
6268
32650
7234
17719
21881
2576
32230
10737
33775
28058
43133
7602
4782
35144
44881
5106
12578
33475
24804
9505
45408
34403
31156
11638
8253
32923
43113
33675
2323
31538
45422
32963
41207
20424
12625
27678
20451
748
7336
27228
42025
8134
32279
14256
6348
13391
45005
40247
47291
20906
35777
29280
16205
46823
17806
28220
36863
17356
19547
18157
19451
1865
46074
26602
4973
16003
41809
33213
17455
28876
10731
48153
18992
33483
19062
340
13280
47254
20672
40320
38195
20416
38524
40641
44439
37865
15510
35868
35353
32251
16260
36927
48996
4418
8561
10395
1110
47190
26637
20063
34076
32122
48529
33464
42338
21202
48416
2727
38179
25323
27351
12534
4965
49562
12460
30645
1265
26608
33590
46903
18374
33714
30118
8222
15704
8119
26534
15805
38277
44352
9677
44713
3773
38458
31081
22783
18772
8519
17214
14160
5054
5871
16838
20690
13156
46096
11941
35240
8236
5998
21967
41409
20985
5753
39150
30711
21310
20776
16403
6099
18569
6595
43702
32713
31598
38835
1257
12539
13237
14943
1104
36448
8998
41336
38459
839
40132
33521
6990
40912
24515
28712
18417
15663
43745
28137
32139
43575
19080
44491
38282
2249
3352
7643
535
12981
14769
45097
6541
11245
20852
31116
46696
47376
508
17493
28194
49317
44447
15198
37849
17247
29118
35636
14892
46186
17354
2990
32775
9936
47325
32887
34045
46457
34054
39567
12382
41232
2418
6296
14245
22695
19271
28356
33264
28666
14489
13552
43286
36548
7268
14016
12400
40833
5642
29578
29073
33552
36862
11491
41376
46633
22429
15251
39886
4323
24042
45077
7526
33288
1818
39487
10493
45604
8197
30483
18101
42789
14648
39349
25108
38099
46370
17111
5558
8400
7205
17591
47826
11686
36153
38256
49429
31013
37440
23980
46765
41303
34720
2913
48673
47585
3064
1232
36120
35086
40291
38920
48758
28628
36031
3454
45012
47120
22232
43154
40120
45453
32453
16278
38171
45142
33979
29430
36438
31072
45566
4802
13193
49143
27984
31108
33646
40253
26847
30074
26402
36155
17295
15187
18020
26393
13642
4348
9706
30887
36350
37194
44255
41222
33099
42842
18245
16694
2794
8162
9506
32480
1183
23266
9173
354
33323
31813
24841
21783
14970
21604
34937
49209
9303
33737
45427
35962
1090
48970
23914
28535
35888
3824
18191
33132
31665
9785
46411
2212
29998
41810
49855
2890
38994
34560
30373
36520
32276
45361
33920
8469
26778
91
49103
7346
10085
5579
41412
30568
24493
49386
49232
48964
13585
11475
22763
16496
13354
8268
18610
16012
12898
48058
6939
4702
35790
30651
16995
21215
36630
7649
38742
25021
1696
17617
37564
38111
8559
26492
17759
46528
12154
35620
5012
20687
23277
33611
42954
22351
6386
13943
13516
17348
4069
21512
43270
43019
37889
7488
28753
37851
18764
16320
8817
14167
15424
40044
7103
11778
42245
14685
7540
23286
49120
25826
46751
3219
21111
9854
32018
19072
25434
31746
22167
38233
2805
27223
47712
18322
5837
18090
12210
28973
15144
28977
46851
47775
36178
10958
641
21007
2071
6423
5578
1524
19894
3701
15054
13451
20561
3911
37710
3595
19038
14482
12642
9225
23111
39875
7399
27420
18124
15220
38592
22436
5823
38395
14366
36339
35932
28188
47000
19703
20094
46670
28065
38642
28449
32690
24355
8490
21982
39974
37544
35773
7596
45523
24078
40864
8972
21287
34674
9012
31794
36004
27657
45186
18964
43246
34198
40092
32335
42516
15149
30580
16334
901
7964
46632
29242
27006
34228
25338
26596
11471
3348
16572
2806
28159
48559
48414
31955
3838
33388
28201
11347
34796
39120
15951
29132
28685
41497
41018
38242
39939
25162
33259
233
24858
31553
23605
9223
39384
37297
11207
40590
48735
2770
35036
12647
12863
37702
34977
24442
2068
41473
25958
37971
7769
14633
39908
48065
16882
11910
29560
49738
48491
44839
31655
42468
25843
16909
41313
9950
33756
2104
42375
10325
42708
43781
20803
25587
2644
4820
43973
40145
29591
46521
6269
28817
40014
40270
42325
48841
42571
14367
22736
38235
39858
44621
13783
28208
18897
36187
19849
15447
37823
45676
22025
18539
45851
12179
20385
6181
45333
21405
17018
6859
34033
31802
18163
35976
9466
47074
45587
38373
44792
49372
8914
4895
29618
30849
42786
7650
47789
12166
35639
27553
5461
24188
37950
5568
11826
30996
31387
48471
47549
30330
18289
3993
35696
12338
21782
25903
17578
48352
36831
7264
42004
7010
6705
5229
45938
42057
3977
0
18069
40330
5665
35461
46787
37604
31110
26514
26352
39185
5501
46834
34035
7163
34771
42776
17811
45347
47236
45464
34935
29976
44729
45655
820
47217
9663
18745
39517
30906
42008
2916
28005
11334
42243
22128
21549
28309
39691
32621
36934
34284
38472
10219
27484
39340
23376
47490
7088
40620
37207
16033
41816
519
45747
11411
16184
37600
290
29928
43602
19139
10013
42079
39047
11999
13131
23817
9237
3211
25799
41279
37405
34465
40597
2961
28602
2659
6987
18365
11104
38506
46413
32956
16659
22007
25349
5935
49049
22549
12943
1219
26464
48965
37708
13031
40653
2256
29355
40023
13040
1274
7767
22108
28350
47208
11991
23608
13122
40692
34941
8445
3429
40078
27634
48676
29518
39869
30060
48477
21201
48439
31849
1297
36477
33016
4106
36079
43700
31395
19724
17932
46569
7986
15013
13255
34326
38377
33427
36596
35984
22955
34114
26913
18789
17170
33045
4352
46297
25378
8546
29506
41939
20333
20701
46542
8508
27388
40149
31541
24538
25322
5135
9531
16010
29418
44545
49661
1663
11148
17846
45063
6609
38310
25896
16173
41551
37158
28135
37439
7634
30467
38513
48425
31412
27267
12264
15682
10394
9771
8061
14812
33804
29174
42859
31309
12347
8937
40968
18472
28596
30543
4403
9516
46077
31693
34557
33027
16846
39051
12700
32024
24718
3929
46491
14341
3332
292
13175
22553
49583
46119
20668
44976
27009
3787
6692
43290
39378
29879
9787
36327
44384
41895
2588
8010
46038
20398
3400
7599
19369
3188
41938
1352
22257
49805
30484
28725
26866
15864
18703
34764
5206
38872
11011
5931
32436
2408
33940
19728
25031
6728
7063
36890
8419
29421
30275
34974
35050
49440
8365
49724
28452
26241
14183
29180
20918
1855
26942
26895
44615
15589
28219
48336
46239
12394
8108
8099
32539
45807
3894
14499
19881
27030
6096
7042
24556
41024
36555
30209
12057
36331
35958
44771
5174
47690
34649
31112
17471
45296
12222
46233
36028
12204
36582
36891
4254
2244
20047
6108
29265
3329
8026
40186
12830
31613
20480
43529
4146
17428
32202
38403
3063
31731
45815
21125
45740
15923
2526
16728
3859
20441
20752
8604
41266
4203
24503
16227
34783
11690
461
45917
16248
17366
34816
147
46475
12032
19211
12682
10095
20214
34441
38476
41873
19076
2018
10483
23824
35677
39046
38331
18476
19320
38038
47553
21038
32626
1875
19652
38848
16837
42461
1107
21066
15403
17240
3148
44218
31280
41590
30845
39350
35705
24762
26372
39920
6508
35547
7343
15442
27710
30719
29711
49323
26031
47117
25028
31944
9974
30101
38991
42643
23798
20167
7433
25499
38989
45166
30204
27760
16445
28331
15347
20219
41848
44348
22548
24790
39742
13840
30662
17653
41881
32306
17564
29959
22323
14846
37949
6867
11764
3129
23373
46386
44275
47166
19704
14098
45233
23881
21961
3903
37683
47993
37343
46090
38119
33446
41491
22026
36450
44725
25807
46571
41074
1028
40136
31103
25651
14990
48675
35114
33766
18895
18870
13454
10380
46168
33792
352
36985
40042
22740
29146
25161
48247
29372
30838
32146
9080
38344
24738
21445
23508
28014
32183
49076
32581
7989
16384
1145
41104
6337
19122
5605
22089
36424
22451
41131
35005
40846
13538
32395
49871
14040
7861
39970
32825
22968
43088
12105
35267
39697
27576
21190
30486
41694
41157
45472
17828
43236
40001
16743
25160
46654
17120
26431
28175
4433
35651
4783
44204
34276
42264
27055
4943
46331
46024
45964
11541
49581
10964
21171
33629
3979
13108
17288
31753
39580
28080
17245
32406
4353
9702
32359
46725
26610
43413
48466
40457
22006
13601
22811
34147
2173
46747
37456
47524
39698
38623
46490
28670
40624
21761
44955
31207
12285
20330
8995
17738
17063
33561
43280
48252
43374
8615
5562
21249
47049
24986
43774
12418
7626
17145
49900
18264
44517
48121
1441
25879
14015
8640
13806
39489
39729
3180
9292
28453
27421
46354
32940
21632
32561
38323
37151
45249
2269
32491
39146
10196
44119
41004
24450
10725
3776
17596
17745
41037
1594
3973
23598
16890
23920
1711
22896
8675
4708
8795
19006
44597
34812
39233
47644
40095
31909
31568
9390
16267
1453
2527
29860
26799
3668
4288
16919
36760
24073
38740
25477
40711
37844
7049
18599
8678
39420
6933
25945
27715
42706
10603
31195
49122
49762
43618
11168
3431
44095
31836
35475
22156
35340
23687
12086
44464
36750
30076
13766
43524
736
2816
34086
1780
20780
12470
25218
41958
14288
37814
17436
9336
34116
6611
14054
16854
32898
46378
8100
47747
46512
1502
39446
11478
13455
48684
47694
49271
41992
2445
7625
44943
47595
1863
19329
13436
48562
39275
27074
42456
2749
33103
41823
39946
22332
21124
35553
22059
15052
49613
28173
26290
42914
45254
2226
24888
33903
9127
14592
17904
2494
28881
48844
15649
29230
5876
42388
16134
26348
24193
7954
42964
6474
7040
4889
45914
32788
12349
44574
33408
7102
41545
3709
14780
22113
21032
44201
11572
15341
8342
26527
14025
42793
38853
40032
49374
28668
15193
7715
23019
16950
35531
37778
46005
48917
43694
41298
19997
35459
9584
42107
28784
130
24681
21443
42949
27121
40757
6761
42171
28534
13902
20014
4215
6306
14543
41906
33470
35183
15431
21520
6327
46720
193
14630
29
5356
36956
7431
27257
48389
30785
45388
32735
45232
19671
28067
39036
49808
48227
31730
3807
35927
29149
31167
23069
11196
5403
47842
31533
17008
12077
45415
39682
16859
22476
40609
19260
34466
13102
47424
8313
11752
4771
10296
47916
23734
38841
19770
45590
20429
14155
3053
1856
34133
13375
8486
45001
32022
23180
22043
37417
28337
7154
11421
45652
17478
26802
12488
21276
49965
6856
36263
30454
33054
16532
9249
23370
3756
40719
15340
4354
9978
22111
24536
6546
10875
3497
22424
47669
35864
6516
7996
15257
25605
46286
46925
32423
5071
23943
8552
13150
37931
13523
36278
623
43601
44874
17928
24426
4890
38205
7295
12566
31009
36494
42257
17631
40148
20983
18862
19242
46527
9827
19323
25470
21987
49247
24319
12215
43090
36063
38966
24435
27260
26028
4923
44841
46752
44885
27342
48202
36930
41346
11797
11712
15246
17814
27254
45321
5107
41233
6088
39791
16663
26159
45565
33673
37119
43464
6929
45083
21989
48076
3605
559
9421
613
27382
2559
20378
43744
45794
6908
31721
26049
17865
3181
24915
22965
6134
21289
9600
38181
46873
22261
40048
42341
15047
13126
49914
6093
47701
4068
1378
38083
8210
32737
6097
6058
27210
18209
37873
25012
34102
6343
31727
47845
39873
48979
43629
30220
13170
33895
23482
8484
16005
39617
49322
1240
6399
10914
38223
1202
9438
16228
44662
49012
31475
44570
36665
37520
41770
45567
49181
49130
18248
35981
32417
34024
37668
5264
32236
43375
36236
49287
30212
38781
41199
46508
23683
49053
25465
17274
24749
12572
49799
36148
41333
9496
11418
32828
45979
35849
23654
23786
37371
18286
19999
17535
44928
38437
9716
22584
37471
41257
28233
46977
18501
6453
10819
40337
28782
23350
1444
20448
46962
41843
26132
29995
35586
18611
2326
33568
28634
2392
10128
11089
7147
28750
6487
30068
40507
32469
713
48531
4689
17532
39165
46620
16983
36644
29748
12967
20844
41486
18826
31003
43015
48103
7749
49345
3989
12717
44695
9047
37856
12234
12189
6338
43630
35483
442
9016
43921
15612
19267
5292
40354
47820
38724
20664
26040
25546
34353
37342
10047
43803
30969
29892
18607
13099
28655
46210
25870
34642
41847
5246
14252
20913
18957
22607
45661
48124
26317
14811
5518
9158
22130
14754
35913
11860
40119
40710
25781
39128
39593
15121
46358
3689
41842
26279
34587
13219
3828
1669
47215
28989
16526
9217
43168
27833
38816
20534
21120
48021
26209
42133
12353
21679
10132
32518
5083
28102
40378
26124
25512
20383
21633
22911
46110
15333
9288
27726
30618
47062
14034
6784
47684
19585
43804
20731
13765
39811
10647
40917
16809
29291
42197
10684
10324
46322
47813
34450
32981
29133
9065
15536
4303
39766
48696
20695
37293
18854
34444
7031
42551
8986
29322
22665
329
38863
45555
19653
7641
5538
36691
16771
24074
39688
9008
28405
33082
44670
41297
8290
9471
41876
49930
23107
45342
33344
12015
36174
35844
4408
30663
49634
48649
4878
31340
40628
20299
7577
25239
8956
32689
25225
9274
27160
10374
12506
34850
11231
15434
13186
19334
33047
14455
18211
12749
10777
28657
20899
49294
485
3827
15800
32933
8539
4241
14103
5810
34266
1964
47527
3707
17905
45476
20821
26037
33914
45423
24258
45328
48421
43209
46372
39450
28212
22048
9843
27476
9944
8451
29751
23110
8453
3234
29741
25006
34792
23200
42862
49371
41835
36942
10519
19526
5829
6016
38877
37848
9161
2426
35942
35395
6432
11161
45365
38446
19970
34562
48328
28046
15143
23854
38026
37597
3056
20105
26604
1360
24981
46385
17656
48064
272
27406
19925
28383
3567
34405
34301
9638
1041
26025
15927
2431
16473
2345
18469
20054
16155
34112
48119
12724
5070
6530
22194
45715
18904
7212
6960
22609
19385
20722
25174
2745
8625
47871
40729
1877
18555
11022
19645
16822
1127
43652
42546
8743
1656
41439
49356
12202
12309
17740
36550
3874
44288
36040
40047
38556
41549
39737
11818
14907
20781
33954
19364
17058
19716
30993
30590
47441
47484
7813
46648
26149
28904
2587
26307
16946
25822
47532
8580
2901
6648
48862
1980
18050
24500
20142
1883
22251
33989
22239
46201
4530
12044
10951
33459
37020
29492
43077
15855
34638
28088
15595
26366
26592
23186
44561
9666
19479
26300
10499
16354
31119
29205
34936
7553
46330
29192
6480
30004
16956
48196
14082
47131
29003
39312
4521
34505
4457
30859
33638
4473
48884
29431
49060
15820
9807
3217
29361
39738
26444
25995
4641
25762
33115
3233
16411
33370
47178
14359
16897
2571
21912
141
4756
17864
6549
34678
14850
43711
10693
26151
42997
39410
11646
3037
4009
31766
14044
13979
41686
32988
5814
25848
31284
37528
37458
2778
17402
38387
20979
33761
47039
16629
12195
19301
30407
16236
42157
488
42810
27428
11632
49892
37450
5359
29737
27604
19168
43755
25751
21577
1575
12861
49285
39448
36243
28595
8581
33636
36252
39582
26883
5284
10677
21447
41045
32461
21871
37192
22768
45307
48820
11035
28523
19371
5156
4211
48027
30635
45308
13331
31303
15428
27087
39183
33050
36946
5354
38931
40943
23130
38671
23781
33915
37231
38530
13725
17630
21883
31410
42939
46492
43926
3309
23094
2153
5856
10393
10740
40200
4917
11977
19190
27305
25373
33512
47717
41588
25732
4678
45117
45495
9391
3281
10339
19641
26085
23047
4864
40782
40603
18055
23615
41754
10438
11128
13754
34352
47821
37384
10637
16706
1424
1770
12947
15213
32998
41175
23895
33769
35344
29735
8340
28152
26002
37591
3278
40140
17844
27355
16531
5237
8227
31283
22365
26681
46139
42604
27536
44774
11898
22419
33435
21363
48549
3315
47360
49388
904
10434
19614
38311
5326
9952
30227
45538
12894
45431
23500
25746
18733
10610
15520
4915
2404
19498
49521
39253
9124
7531
40894
34523
46932
44490
25504
13012
35442
43414
33558
9188
42764
28172
30176
28297
42054
22138
40272
29973
48376
47187
14906
6115
11974
27047
12269
7330
14748
25708
7236
16612
24574
32404
23639
3015
16528
41499
14408
14942
43723
27951
6855
45122
19853
24744
15726
34705
25004
4584
16714
30725
23198
41692
31089
11873
35965
36755
2774
36727
41728
12240
11063
30349
41896
46111
37570
23766
5434
20250
27960
27564
7673
40997
37550
12920
25613
14682
41201
44154
13842
34356
39444
45179
31645
41345
43403
45061
