10
69
55
30
44
16
18
72
28
18
88
93
64
44
55
37
14
28
70
12
37
1
47
71
66
79
48
19
34
95
55
15
97
41
17
93
15
53
62
25
13
71
64
43
85
56
98
69
46
6
92
53
60
65
25
73
35
32
2
2
60
71
74
74
72
65
13
74
98
82
88
8
46
81
70
84
68
51
6
84
12
69
76
53
63
99
41
51
9
83
15
69
97
57
24
96
52
73
49
95
62
72
25
67
80
76
62
23
65
30
96
39
90
27
63
44
48
2
44
9
76
45
77
43
42
99
47
72
63
90
4
83
49
79
27
9
37
88
24
40
46
61
42
52
85
7
45
92
79
6
34
28
90
13
53
94
68
26
23
0
14
66
54
50
58
33
21
83
52
75
7
43
49
47
42
47
13
74
39
3
29
41
51
4
8
0
48
36
22
77
58
3
97
84
71
91
94
89
58
92
89
75
49
69
30
98
84
60
58
38
34
59
66
61
7
19
0
38
45
72
38
29
48
5
39
89
40
94
89
26
10
54
14
73
94
78
75
99
62
70
83
75
98
50
25
34
89
14
35
18
43
57
87
64
55
35
40
39
61
5
12
59
38
81
46
42
20
17
17
11
31
59
24
12
5
1
87
54
67
79
77
4
80
99
33
41
92
59
42
39
29
81
95
26
30
33
12
63
56
65
80
82
68
91
50
32
51
4
92
27
57
77
31
23
90
16
96
76
1
36
15
15
32
85
27
24
35
36
18
81
36
22
78
20
21
22
40
37
49
55
78
76
67
3
56
53
2
84
45
67
57
21
20
26
80
11
30
10
29
67
82
64
93
50
86
83
59
97
33
91
86
50
52
0
23
22
87
35
29
87
60
20
73
78
56
17
21
47
64
66
95
61
22
27
34
52
94
19
97
62
6
75
19
26
28
3
91
65
68
18
85
77
95
57
9
4
5
96
1
8
11
54
66
16
45
36
19
85
96
10
37
86
99
6
71
16
9
31
56
13
25
11
51
68
7
0
44
33
5
23
63
24
90
17
58
81
31
11
70
80
88
74
14
78
54
86
93
91
82
48
88
16
32
60
38
3
2
10
1
73
8
20
41
40
61
87
98
70
93
7
21
31
46
43
32
86
79
28
8
82
