84
78
3
46
19
72
33
75
36
27
66
41
95
15
53
81
47
11
49
11
81
76
45
55
94
68
5
56
40
97
62
16
80
18
10
55
87
39
29
32
96
58
27
25
17
1
67
7
8
13
40
8
85
68
77
97
76
77
48
10
6
45
6
34
52
85
87
43
79
93
61
84
56
46
0
4
29
23
9
82
96
44
57
49
9
60
50
79
26
72
83
70
63
17
90
3
78
89
73
51
23
20
67
90
65
60
13
20
88
22
86
89
69
32
94
39
22
24
73
34
21
98
38
54
58
54
24
14
71
86
98
80
0
35
51
69
7
57
30
50
53
26
74
41
1
62
91
36
63
66
18
21
83
92
48
61
28
12
43
65
47
70
4
71
99
59
14
31
44
52
19
82
64
37
93
99
5
28
91
15
31
2
33
42
30
59
88
92
74
37
16
12
42
35
38
2
64
95
25
75
