10505
2387
34665
23884
21885
28402
18757
37902
33996
18612
11612
8954
10842
22202
48333
33058
23457
31198
7155
9146
16586
6989
5773
40496
42439
2302
29766
8117
1823
38277
39505
40378
25756
12487
40214
34768
47291
19031
38592
39283
26775
25602
30579
44138
27540
48601
19381
30952
8485
19588
38021
6007
38681
8345
732
20570
28524
12636
40171
19254
28663
40085
30143
35168
26782
27756
23910
33242
8145
36579
1452
6584
5209
2156
41316
12933
35536
41299
43787
26150
33819
49536
7290
43852
14228
39231
37117
4782
15360
28015
36902
1997
42691
26861
24684
5063
17602
27914
25841
47544
47348
39490
14243
17268
40660
16595
39115
16862
26599
36453
6731
21614
42510
48879
35143
35166
7375
9771
13890
1059
31671
1285
25661
44088
1229
1853
47836
24570
31132
30637
42995
7437
21192
30949
20080
2949
39775
27997
22361
11760
20752
46161
37363
42420
48583
12098
32828
2007
15407
42969
9737
45457
38872
24164
11354
33531
14820
39813
45472
17312
30279
27664
30464
24930
32807
10633
39935
27157
40652
22263
1189
23925
16146
46800
32337
23811
42904
47144
6618
1886
16302
30182
708
26176
6520
16647
47926
12668
44277
34472
30925
9809
4104
575
4470
44426
29742
29265
37489
45606
34272
23641
18032
33009
29802
29937
45912
37888
15084
48960
33744
7796
37129
12193
10084
16358
23386
45915
5281
5430
36546
48036
8875
3916
23921
22682
29950
42382
21518
40613
45262
30319
7323
10410
18786
39113
32048
16318
10627
31935
5360
16813
41522
3998
608
46322
18019
46714
47086
33190
22366
44790
27484
32359
33121
2229
16514
46789
40316
37014
19832
13267
14833
39038
2664
39081
13008
9406
860
12275
44829
38485
28432
25851
37912
36083
4195
10745
10124
45004
35312
13519
2463
42547
18663
26272
24939
30577
13648
2169
16535
31563
41630
21560
34915
15149
49418
38577
4149
44205
2345
43847
48430
717
35773
18756
37290
14728
8603
33319
18346
37202
21146
49350
1838
15243
23014
31878
19162
12762
44176
20490
7608
48427
33522
45070
1646
31912
49569
35377
12690
27171
2912
15215
33059
9354
47363
43393
18153
49123
37610
33939
5166
5495
5856
7559
17673
1109
29373
45959
17503
6130
17610
16965
49987
49920
18813
4264
26313
35180
27144
324
43382
1501
31464
4098
8319
4923
9229
46096
6958
38008
43668
4864
25579
39459
30308
1105
24109
21107
22019
12430
45884
3967
11568
3743
28446
44256
31663
20506
19372
10718
28751
35532
33601
34386
24210
36108
42560
13638
21860
12337
4768
5172
2738
44269
6924
35132
800
15971
42832
39707
45086
3341
49133
18437
19616
35811
18464
32767
40897
38890
39884
16868
13727
8706
41323
8687
22717
4023
33851
46828
42139
20491
39015
5129
21411
743
9576
3715
49783
16670
21067
25769
33341
37371
25142
9196
2721
21368
47075
25291
36578
1428
19410
1001
7585
14451
25141
18198
41001
20367
44311
23732
30684
15496
47639
43365
36761
49929
30353
47999
5924
18707
41751
34783
43124
11499
49291
14567
44488
31504
29747
2873
49374
43471
31184
20442
49062
37135
30071
2220
34902
21922
16797
9832
2095
16947
1466
48641
