43016
3644
10301
113
12317
43921
45539
49858
28121
303
12051
47892
12578
35415
37754
29395
38137
34825
45162
45068
19320
36012
24498
40111
37987
6996
41576
11761
28770
30199
41843
9854
147
16838
29224
5810
29291
22232
14787
15120
47515
21174
7424
8927
21334
9008
10247
46955
8058
49330
33636
16354
39625
2901
35949
29458
22081
42806
7502
6354
11752
43236
20054
45860
48529
13754
485
3348
38521
37242
13323
25454
25534
41958
25804
48153
30958
6476
5326
47585
32
12943
33829
47682
38472
7802
31284
30449
37207
44206
43020
26527
34932
26227
1092
20285
17660
38902
21423
30568
47007
6251
46696
384
40083
32378
39439
45869
28993
42025
27422
35906
12453
3773
23832
44015
19496
7064
41691
29638
17696
22787
41313
9616
11376
8956
44892
11739
31406
25605
32278
34941
24736
22649
15056
33050
35543
26844
1546
20927
33061
39212
34599
30791
33590
44677
12203
38377
6508
8971
24218
43624
35805
20325
22968
18409
10304
45619
37343
22101
7804
28453
10318
48280
1441
35086
14098
9119
15677
21187
37569
33106
21124
42338
1236
44353
16821
28462
33326
20897
11494
28753
25807
46989
23511
15527
49737
43748
16260
37885
22162
17706
36125
43828
47049
12660
29355
17564
41927
7242
22047
27645
28876
36087
41246
39682
20480
37673
43811
47127
45265
27429
32014
34054
29149
48068
16791
17522
19855
10970
17202
36174
5106
1512
4182
17761
24943
13172
5532
45783
25512
47361
11245
46168
38556
14596
41637
46968
6332
21840
29374
26130
26670
32351
3417
26286
8906
42860
47187
39791
10403
3824
24438
22666
19902
33611
47613
44738
2338
13556
38878
12772
12234
29532
27030
22059
13131
32594
11244
4007
47427
2300
513
1823
18490
28418
34211
313
31026
13170
11665
41103
34309
10971
35237
37376
26609
11485
33752
48559
37947
1285
15623
18745
36292
1902
12917
28469
4965
48041
22896
35759
6549
4630
952
39273
5292
44423
19186
39885
9041
40789
36890
29450
20922
35162
9716
4708
33914
42093
41141
13183
2153
46670
48219
10965
32520
41349
16892
14668
48421
6653
22229
2588
29928
14088
6552
14167
2762
28173
46626
7400
11352
24986
35643
43651
8579
28237
6138
47881
13193
20509
38270
43113
35976
5539
11475
19271
13725
47909
22588
4533
37297
35085
28733
12748
18163
33664
43529
7031
21992
32816
36120
35642
20946
44589
28534
957
18788
34238
4856
43403
9628
46776
6760
2576
37971
15074
28407
13626
26060
22216
31112
5500
828
409
27433
192
28212
42652
34796
48414
45048
42019
20001
19384
40502
12156
12622
18931
44181
48614
22443
5710
5624
17552
42667
3097
14725
17801
26361
16200
21331
21932
4146
31789
25789
9401
19465
9438
25004
18823
23107
36236
43181
38184
48200
32801
31395
43762
28559
35598
19959
34401
6247
38460
46715
42257
14144
42964
34466
8214
38273
42675
7813
15984
34580
47217
31568
8104
16402
46456
27926
27969
45807
23393
41070
10433
3903
20731
43607
8710
17241
33675
47044
42859
11078
37054
25311
37308
35379
15843
46894
29711
15393
15631
17302
41823
14648
24016
16849
623
17433
36863
5002
32200
15842
34649
19805
27536
