36
60
46
93
33
55
69
28
2
86
99
1
20
48
89
13
78
82
73
90
39
40
99
62
68
70
31
78
29
87
11
45
31
68
51
43
40
38
65
94
55
16
80
65
76
24
43
17
15
96
30
41
50
18
2
38
59
74
14
17
56
5
69
44
3
60
29
92
77
27
85
7
4
8
64
21
97
42
4
35
64
84
96
0
95
42
49
57
72
72
30
68
54
46
52
19
23
61
9
31
72
45
67
33
10
10
41
84
83
66
20
87
22
81
9
5
77
58
95
42
15
19
50
44
8
44
25
14
81
13
62
66
58
28
81
7
37
21
16
38
98
95
12
20
98
76
39
36
91
4
7
58
79
63
76
83
22
52
79
93
61
35
73
88
32
77
1
48
34
18
97
74
25
92
62
27
26
0
24
23
59
27
80
28
55
26
88
53
94
79
91
90
86
10
2
56
46
14
94
12
93
67
89
82
12
66
24
49
49
53
70
21
82
88
16
22
97
99
65
6
60
71
32
91
39
32
18
43
23
83
3
6
57
29
78
11
56
90
5
96
34
67
35
19
86
92
25
75
87
53
15
47
74
6
40
57
64
75
73
84
89
37
98
33
26
85
61
63
0
41
85
80
63
54
59
51
34
36
51
3
1
50
13
75
30
8
70
47
54
48
52
17
47
69
71
37
11
9
45
71
