7179
15994
35351
28392
14242
45217
39539
30089
28322
45789
48597
24728
46342
38390
34701
9773
7856
15129
26991
23716
37498
10500
28576
27966
1627
22262
26177
29613
715
2549
11355
22987
7459
7569
8447
22830
40875
2648
40524
7862
8072
25407
23886
11997
47968
11293
6220
6445
20314
46397
27588
46316
21976
22460
3784
41610
2442
16889
36049
33645
41202
2308
48456
46021
20807
42565
29730
5414
31632
3924
49039
5099
31800
36070
42591
24930
36479
31163
47552
9688
43724
25416
27676
30689
36932
28601
66
17745
37973
36885
43648
49254
33526
35992
35959
32540
46462
25120
5490
19182
28993
10831
3517
1108
4810
7166
29175
6468
20045
36247
20254
36606
31376
31283
6793
35905
16516
17635
42582
46495
27931
266
48533
36413
38530
7005
30043
194
30214
21134
27117
22780
10513
6815
18184
31573
21422
43658
14
29660
413
13105
27776
17230
16990
48349
15493
13994
32537
23070
47177
30863
42265
26091
18881
28312
5200
31883
24883
42133
35156
27202
12016
3781
35313
36397
26738
14679
16269
38406
18275
7553
38769
39503
46665
2705
19454
45189
23289
16572
33337
33914
8500
39638
30080
31477
15526
20182
36417
27003
46956
39944
17447
24448
29234
39166
14821
8104
19854
41123
1291
1955
11577
18775
10244
8877
17499
42267
35240
39080
35676
7877
40727
12746
40240
30929
49824
22038
33756
20505
28887
27902
2690
24885
24300
8993
32099
40173
48838
40899
29429
48991
46505
48198
376
47180
4892
21980
6494
49364
46417
25285
48170
4001
11970
15049
48870
37257
8757
10081
46174
31739
21396
8666
19202
35772
38674
7083
26659
15503
4275
32152
43794
22504
16063
35361
20402
13382
37243
18404
23059
2675
46765
47759
21017
38754
39976
38838
39139
48768
17177
37910
33539
31394
4764
6714
39528
8705
48526
7417
36848
45465
24543
5036
15306
8434
16727
42448
35522
29808
44970
721
12165
44359
23815
8568
31680
14444
22918
44561
18506
44403
31802
44049
30475
6407
25516
15952
47883
23691
13926
22310
34542
38976
43285
1750
46653
202
35108
46134
20107
21824
6458
17572
26653
15037
15605
42259
4845
25766
46413
47826
39523
18511
3168
42620
25504
878
23660
4687
12959
19956
16460
25692
14032
16969
37463
19788
11358
36090
44360
42298
30274
7535
24642
13933
10918
39970
46006
19325
5937
49841
28106
26543
21964
42199
29787
13693
27993
37791
48124
33160
46096
9084
43026
12242
23421
41646
23177
13304
3473
881
29729
55
5217
40467
42343
33988
26310
22528
6324
14199
34538
28171
16684
41384
24030
46162
1789
24352
44139
32901
31288
27551
16331
8391
25117
32543
28324
13392
29996
11714
5846
19137
6972
45765
8551
21764
39933
34391
28669
38560
23766
9053
40341
19147
40647
35588
6265
21298
31128
44406
9333
20470
37961
22508
21161
4149
6533
12347
13814
12776
3763
30197
5875
29401
17633
19664
40148
2697
10256
41608
41649
49192
936
12784
38879
49987
14287
14164
42142
38947
3918
33786
10636
46907
38461
25287
20488
19442
19024
35828
25026
43633
20789
48339
6037
12688
42758
8187
40847
4740
24841
36102
17855
18681
26575
12238
34460
15792
33627
16054
28413
8652
3356
6980
39113
10687
34589
44361
2790
49692
255
29534
40538
40256
14036
23258
23286
43247
39823
8098
18575
4733
47834
43888
20190
8735
35210
2160
36626
15841
43408
26485
40101
22587
48483
12787
49888
38940
41442
35739
12939
15813
37490
14033
12176
16357
10890
76
35283
18981
39226
9353
26900
18448
5695
42166
12017
30770
23275
38607
25203
1686
38546
14796
40879
45669
6248
4316
24544
27696
46073
24619
38458
6993
10842
28195
6240
46647
39664
33607
1104
44691
8041
7774
15429
7032
21832
20409
7754
14991
13656
28120
37494
26101
6586
920
37269
40051
16294
40020
41409
42380
24174
17660
5934
7201
37788
32016
12503
20928
18485
29372
31723
284
20138
30286
46276
39881
46003
13852
30326
46787
22122
30260
33103
8813
44526
43110
33995
36032
27399
11753
39067
18747
24264
25125
24398
42691
40560
25013
23976
35042
44311
9746
7990
36921
38440
21214
12597
34061
7326
40792
220
6531
27536
38906
5347
11718
9136
32664
22005
41361
32046
9543
18433
23839
35013
48126
3101
29136
36416
32513
21718
38915
16446
48734
4265
27645
38869
11500
13350
42355
11914
28578
27210
23203
46384
38550
20179
26481
28357
46659
32566
5369
49055
39926
27148
42617
33652
34405
2972
26477
33797
46724
42723
32480
24950
10689
33893
47920
40864
9265
13779
3463
16884
13970
37473
45448
47394
13452
7732
28044
40154
20104
37102
34685
27635
21884
25049
19977
16040
10960
36884
17406
44096
38368
49079
27320
8763
44309
4787
22857
27827
46740
14247
20153
26855
22315
38456
36620
44831
1851
8179
9989
49669
21184
30513
34026
17860
4157
38716
16425
4774
1016
36714
15137
45975
18807
42974
45635
20905
30765
28267
43796
6734
34266
42822
16197
8505
5355
39568
2070
20066
19819
38445
35146
45904
12578
24063
2009
28832
6161
41041
43810
10366
38426
26838
27792
33791
46951
3930
30178
48387
69
42363
20323
7130
34603
23170
28033
29458
23448
43311
30147
27368
28860
42549
3890
13964
33365
35220
4507
47621
22393
24839
39414
20599
23560
21223
33496
11705
30789
44914
40424
9767
26135
22178
9814
28558
40180
20758
4198
6601
45712
34234
45929
31608
15160
18619
18110
34110
28939
11106
47168
21691
17551
24798
22314
11117
48583
33010
48868
30423
27369
26541
23198
36188
23266
25113
11228
10810
38676
33774
32187
42402
23146
12098
45825
23055
10566
8024
32854
18889
5351
11287
15667
45969
29174
3178
42129
29747
27104
27010
45918
23226
24834
26556
41780
17625
48617
40709
24201
48945
8378
20867
28942
16366
11947
43957
42420
19489
13007
21474
47656
9669
23118
34540
39632
32724
9945
810
41496
23166
10590
42091
24660
49153
13346
14020
6326
22811
14954
49579
45738
13903
40025
23874
26560
44341
5700
37211
43830
24187
4988
47186
9779
29602
48164
26843
7471
32829
40602
1328
15956
44598
46454
7148
2791
6415
23526
26871
2347
22888
5288
38145
18912
39244
8354
15795
14077
9507
8797
44959
29775
23369
14695
34189
31880
24212
22358
37161
46683
46387
35788
27163
21580
28805
49451
25303
32853
20454
7868
42972
13793
44249
12709
21822
11779
2101
2193
10888
47841
6850
26863
29253
31747
49878
13740
44067
41618
27891
47061
25780
16879
33171
9899
18088
46514
23915
7730
15834
36593
46547
3780
48304
3065
21479
25703
4235
47706
5856
41265
1832
25028
36991
32135
10328
17740
47138
31293
7918
13006
8289
10166
6772
13200
12878
5505
45108
1924
17147
36603
12159
35541
28219
31315
43937
5612
9552
41034
2094
26598
4770
40811
38585
47635
49813
13849
3152
18904
41276
12001
4818
44937
1448
1567
41957
19390
13046
4904
48946
46018
35896
4074
27706
29948
4165
18170
1074
46380
41075
29107
15083
38709
25043
42191
5829
32071
2243
24949
35178
46273
3921
21993
34157
37260
890
44738
3375
32922
24181
41909
49653
6552
12264
45320
47279
4518
13514
36968
49521
37815
37188
47716
37574
4173
17778
14274
18966
48758
1906
6455
8290
31253
49501
23894
2430
22219
32394
45038
3735
8713
9329
26520
35846
1
48594
33968
30196
33185
23173
28609
47011
3038
46997
35421
47308
13910
12050
49479
43672
38385
24175
37558
15008
19437
9887
38401
44163
3546
17362
42431
46611
11878
7325
17233
173
9942
43863
11166
5470
19555
43507
44336
45436
28336
20315
8285
43991
9200
45790
47145
32426
27014
46054
29018
34901
3954
26446
1771
17670
39143
34034
22128
37723
7212
47667
34866
26995
39695
26916
22619
4876
16525
1514
11593
14213
3272
7943
45562
20551
40772
49474
8363
24821
4151
44035
49979
12110
44899
40576
42949
24083
3151
10648
31876
42286
4620
20356
27228
6304
40914
13303
19394
21600
103
29834
9291
30493
4923
25590
32221
27564
1863
39493
49714
13271
5925
19647
22640
22359
7483
24954
4034
33418
43924
3423
27967
23884
1582
24119
4391
6109
5526
5102
47626
4248
37308
48614
40838
8083
25980
4741
1223
12744
39891
767
43245
46973
41299
22438
39560
38060
3424
18780
48965
41078
14098
17167
13750
12082
47281
38010
2428
30192
41349
31748
48391
33703
36959
37360
32026
29684
47730
49959
48705
18891
22540
38923
40547
12033
9549
32586
6208
45028
38834
45292
47676
10617
10042
22213
9501
28966
1818
1902
6035
12240
9473
29850
17424
18236
6071
6745
41928
7603
47506
21723
49545
18542
21816
29339
33408
23136
11394
16371
16391
31971
4080
6345
47993
2880
4812
18814
43861
3393
1252
36184
2693
47278
45113
21067
42233
34000
45012
14741
24278
49531
14939
49356
28250
10144
42204
1421
7262
46254
8625
33108
36159
36756
34057
4454
42465
30837
39483
33949
33080
48009
39229
17620
2724
14835
28720
45505
36555
5391
4922
19323
26047
32646
38587
10003
1198
35847
38018
34781
47065
8730
3354
25899
36567
28129
39734
36939
9650
41655
27401
37464
33292
37459
625
3514
13341
42666
5062
11003
33629
41116
23970
2852
7797
44583
17924
9297
31523
2247
39765
12653
23336
47234
32891
2215
1330
15063
9248
40794
35764
15322
3189
41582
23557
997
14292
9821
1226
11772
3624
27078
430
8199
32941
26278
44061
33979
26153
43533
32086
29265
10036
10622
38763
8915
11
27611
20730
35609
16488
14269
27634
47142
43721
18241
9337
44984
48505
32842
44425
45818
46972
10433
37712
16464
33711
5258
28375
49975
46361
3343
10136
46722
7460
27898
27573
1279
34517
27930
49447
35319
38788
48853
48359
38394
27422
7667
23165
15393
5528
40514
12648
49554
29957
29447
34136
28448
41848
5350
30226
42689
35608
12123
47664
34242
49942
15999
17946
42367
47185
48927
30978
17954
15610
43107
1684
4979
14122
18910
40654
18473
47193
39202
22546
7223
5271
46750
11279
44519
2658
35488
11960
1617
37154
8399
12645
33812
2461
11512
9464
4549
15726
16444
43349
13502
38601
36713
7598
8355
32443
15334
36740
8830
7572
44015
17368
9548
14039
21579
442
39305
11191
48615
36197
11683
1402
2607
3458
40606
23883
3638
4016
46263
20509
36763
10679
14737
43976
38855
12272
23307
37085
27249
10525
36871
3300
35809
14599
32974
4897
24220
26536
35344
21706
20414
26544
28618
36501
2087
35967
16601
24193
26949
17313
16520
8130
2311
29622
12797
23958
21094
30814
10241
45176
31024
48816
8979
27718
24719
16689
10507
35137
3167
9455
10489
6723
14717
3519
43122
43700
24567
22512
25011
26262
25729
19469
13530
46071
18056
22247
33809
41072
28914
32823
24879
27938
18162
14685
3813
30823
14511
39992
6966
33783
24353
39260
24519
6895
48773
27531
49144
17698
26642
3992
39886
41534
8819
27981
37277
45011
14390
18664
27668
43422
47815
15235
26380
22353
36765
23662
16156
16442
31346
6720
26527
37236
21488
26973
3252
29984
6608
22191
21428
39390
11590
15362
36849
37089
25597
43016
46234
3182
22675
9680
14614
13896
38413
38078
24992
44553
22563
23630
47663
38178
9673
37210
15359
27374
29280
8717
9532
7538
4495
14048
32372
31426
40890
44103
2205
3125
39504
20722
33739
38222
22384
6684
16737
30204
6187
25676
43216
47568
48449
13507
6255
39725
13138
3365
6849
37328
43787
264
36419
33942
37348
16159
26486
7368
17098
22419
26510
23498
6391
33549
5652
7413
5753
24905
19073
28814
31299
13349
12689
17357
28598
19170
29716
36055
9379
29583
11156
31452
46299
16012
45692
42955
35483
3863
36116
26370
27245
22739
5786
40722
41269
28125
19509
46606
26558
28088
33068
34948
7049
10911
10504
1635
6167
25635
12523
7631
37659
13518
31287
33220
46148
27142
9940
24675
18786
35301
13860
38718
21611
49627
5792
23599
40373
47580
1502
34799
3848
52
21664
17587
43905
6485
4252
25306
13040
27539
30825
19260
40939
45291
28833
18057
25042
5642
12610
36170
13561
28104
34991
38558
9698
11694
24223
33837
22265
10962
3345
6794
13318
11374
29198
36059
31841
28697
6197
15637
8799
46274
25487
32049
19220
38809
13157
48701
45329
46745
44715
44569
14514
18029
37812
17813
27146
23400
22603
13454
20116
27988
16141
23926
30521
37678
19240
39083
37986
17442
45991
44591
28489
334
44007
48746
4490
27290
574
23606
26162
1861
32089
7773
30546
44172
38099
30658
10749
4417
2831
17231
4879
44762
28658
10516
47157
36396
10146
7674
26407
33886
48477
35776
42506
32957
46205
16527
16540
1602
3385
297
15754
10641
38818
26613
28480
42307
18309
21496
452
17979
41701
32934
45858
6421
42995
12267
9826
39830
15727
38693
24671
3598
11238
45572
31793
27299
191
1542
42581
16273
39026
34963
37559
34348
33707
31679
43880
21247
38457
12627
23284
9034
2940
12333
2028
21328
12322
43320
668
4824
44324
16666
33086
49973
10830
35079
14221
17785
30272
21704
23010
14181
12915
8933
31488
10491
19667
13829
23186
468
25226
42760
8129
22437
8521
24036
16937
9140
4280
23551
39357
48088
18745
32528
5497
20857
42823
19537
12338
18132
1932
35925
32376
10651
13672
495
40364
45693
34052
13878
22215
9535
30167
18781
41533
27560
26629
35489
20769
32841
31273
21555
36120
17794
41834
33259
44276
44232
18081
20912
21830
10766
17759
19422
38231
44763
20582
39419
39021
9327
2333
49629
38055
14641
21472
21842
4084
49427
37500
11323
48003
40909
41301
14838
39516
46288
39362
2851
12984
8181
42749
9002
22375
34396
44115
48203
34625
13560
44776
7702
20527
34736
11397
32201
19133
26152
13515
24452
39714
2809
33725
22654
23541
44364
40081
39945
13428
8607
35322
14591
19577
24518
40716
48228
47154
624
36320
3203
10898
10333
5633
20229
33715
38870
11356
29910
36755
37929
36177
42207
10665
43246
145
21473
29263
43782
1834
19853
28716
37093
41846
6779
7783
27081
3240
2506
1027
12924
47953
49237
38086
22944
48497
35535
30153
28718
10079
45895
19005
23238
14403
13766
13140
47184
97
41343
31309
27266
157
15965
41037
3964
24423
39959
22817
25792
24710
2636
27554
14713
31233
30579
11573
44582
14488
34816
7559
48193
24891
20836
1474
35061
38993
26891
8520
35001
41584
15531
32585
7107
27436
43647
33173
13628
33270
7742
11565
2032
32305
32835
37011
23424
44876
6446
25839
5103
45817
19858
46921
33709
16010
2534
43190
19517
5092
18257
33562
39440
125
34998
15458
35025
7921
14564
25188
6425
16426
20849
14968
1865
20810
3156
26212
16354
16389
16363
12862
19418
3610
35650
36092
46573
27381
3336
38437
32733
35470
653
33235
24881
10054
26673
23371
35487
29504
31461
24207
2803
932
2304
42032
49300
49148
26199
1120
48351
12383
43136
39074
33072
29151
15165
24555
41108
6287
34574
1256
19321
44498
49962
33396
16784
31798
36162
11843
30656
31174
34166
5028
37209
49822
48160
35364
38973
34471
48839
15709
25948
43299
19495
1153
41891
28224
36708
28135
17944
5952
29784
13895
5694
26664
26910
27630
3484
9712
20212
18927
7315
26288
32683
2490
6113
20198
36237
11991
42186
31603
4138
39836
10399
41412
4972
32295
16595
11616
26232
19830
38714
48926
49515
28812
13369
1565
42593
49168
9153
16987
17761
34457
47251
23878
24875
25067
47317
43688
1649
44119
7606
29011
33166
17622
16919
16094
44298
9208
971
37008
2018
8576
38367
22749
4359
48403
17545
27701
33223
10569
14260
16976
22649
25978
40008
49093
10167
49732
13838
16125
30959
19632
46498
38578
2731
16237
18374
36423
6509
39451
36353
22797
21606
45409
12650
32862
6170
34820
31081
42980
26775
26904
39937
26523
11667
4660
48288
11805
26075
34882
32343
15833
36975
43850
15650
30067
2154
14279
23505
23313
42247
23090
41086
43751
25315
40144
26154
48465
27700
28527
45737
1883
15421
7869
5226
36617
22685
49155
22674
35634
4004
42018
31729
47201
38396
16076
24838
19378
29758
34851
8022
14851
1564
8099
33462
288
7134
41821
33649
19896
30933
15793
19236
45541
33191
3731
23538
40489
21368
30081
13139
42814
30779
37541
7777
18516
23507
42810
40756
5532
17834
38782
49981
20308
9816
48017
10490
4726
35420
15207
12724
31792
3258
5230
10685
31714
6683
4804
37043
12157
37582
32851
17685
3934
34999
12403
23762
30744
2661
3020
38702
26763
8202
766
47407
13155
13101
20712
16517
39413
2922
1900
24046
7380
47076
23112
26698
760
12866
819
26117
32013
13029
29833
33529
39302
23565
20217
2501
10925
32338
14265
42588
37324
41452
41756
12060
41197
47391
29119
4241
857
41506
19929
30061
28452
46945
25145
24694
46562
46632
26054
34563
48051
30046
21321
8003
19144
31325
20
31546
40775
43833
39146
757
47470
35886
39409
39164
46859
14013
16044
2189
29632
7793
26157
6319
5953
5839
33936
5726
19330
19547
22586
29954
24033
16838
27275
41990
1939
26993
49205
39829
41829
27070
2044
33570
25228
48898
48849
45119
20372
23684
12441
35170
6810
42384
2547
2628
26784
30928
30125
12589
21463
28705
21260
42585
29656
4997
725
38228
259
13941
12863
25985
22416
38611
18136
25706
18740
41171
3850
47352
15805
43464
22036
30370
15534
4752
14014
8965
5880
31808
4465
5643
24946
44659
10059
15877
48247
15524
39704
25762
22328
11452
24590
25993
32880
6530
18989
44895
23710
35707
39900
4634
28077
40075
49220
31612
34357
3477
37516
9539
22807
1915
4082
13553
36075
10014
4335
30092
8766
11325
20227
8093
18893
19193
32319
35070
48922
11090
44218
26848
47147
29612
47359
20982
25876
211
18173
5135
6260
38233
23497
24085
627
47270
3333
6585
23770
15486
34294
22496
33026
25160
47302
35451
119
33701
47678
2064
10255
28282
42714
21411
14611
2662
10920
46322
286
20336
22362
28230
18440
24766
25107
16178
28910
23665
38109
4928
8828
18382
44708
43922
8807
15171
21942
27714
21225
11988
49805
24309
13115
40023
1688
898
38816
43132
25390
30287
13078
16568
23637
27027
1411
33531
23446
7283
33071
48691
36616
5289
33430
20865
36382
30643
29880
3618
6413
18811
49864
14613
27500
36798
3928
11934
19762
3148
10317
43241
12755
24368
47067
22478
21322
6145
1178
26006
40127
41461
12760
42836
21988
39420
26183
34935
43048
14771
9343
15636
27154
47122
49662
26606
36644
31763
33025
17361
47005
1382
3948
12148
3155
16856
700
45925
49999
41560
6820
36299
18668
30396
41826
26253
36805
48375
15542
28552
36722
3028
23502
31043
1768
41632
15917
2127
12401
30329
27673
36372
5213
30508
45968
11529
21025
26551
43342
39306
9446
44567
20141
15620
35878
42734
21590
48240
2766
1285
11971
23983
23946
21849
16851
2155
31820
38351
10503
47045
19425
287
33309
28196
13434
13751
38101
28575
31948
6385
15195
18034
31161
27599
31056
1512
46354
6132
19975
27169
26326
30615
15931
20755
38736
47762
18501
6227
40140
16324
3411
49909
3806
9056
29016
40743
25694
6045
35260
20034
32008
5766
19945
9906
47469
27363
2793
1140
4089
19718
28770
38998
31496
43102
6312
15768
37662
32313
7464
26188
12122
16236
37258
39787
40394
26148
34598
24133
44105
47294
6636
35012
35957
1592
3986
42059
46282
31252
36894
46753
9264
8346
14632
36656
17515
34048
48510
23530
8342
24893
2895
38828
30574
774
18602
26577
18722
3010
41930
48675
3718
10991
34295
40069
42997
8881
8865
29313
6080
31327
18095
27933
49873
43885
22624
18380
37501
42891
10336
48889
18206
5426
36729
47858
20564
25739
10291
12043
31810
1800
30029
36622
28559
47480
1523
44128
27098
4177
45081
23324
26482
25866
16757
41600
31826
38962
9406
38485
8810
48253
13400
11071
25114
40843
4125
4788
42753
554
37053
14995
34559
49951
19889
21647
42643
29161
21486
27360
19342
8432
43491
30881
17521
7851
25434
27795
40541
848
5625
2230
9602
27778
31550
44678
18017
29361
5483
45032
20168
6838
38983
16651
12619
45967
20906
8020
6942
564
2176
14340
22045
3362
44711
35812
21907
6515
29005
5926
25808
30366
24936
42316
10767
779
2872
29638
44760
42136
42122
46775
5118
6728
5175
24115
36386
17530
18676
19238
31708
30198
31653
49577
44906
37545
10984
25662
2606
9295
13070
7545
22403
19842
26730
24142
159
49701
10471
132
12740
34725
49469
34449
47526
36600
45493
15030
13865
49782
24129
6316
25378
9171
9564
41564
9832
45694
11924
2391
44062
4707
6519
29422
47628
892
20180
26623
19443
37331
37399
13089
35662
35145
12600
37997
8070
17772
5281
32384
42525
30101
6133
22552
38732
41950
11465
29470
10378
41796
38212
43775
42656
36811
32280
12173
4905
1143
39475
14567
10427
49496
39090
6193
16662
34434
19792
28114
40591
45072
6659
10553
23941
13059
10526
49437
19864
1731
23320
6661
29825
1417
31140
32093
38495
43962
46392
4606
48418
13611
46714
29218
8141
12897
29760
13219
41667
22880
18471
14355
36266
36853
41554
47737
12108
22557
14568
40459
27244
1190
31838
21335
502
27889
1384
46966
13154
27424
31582
23015
41169
8308
37276
14921
42325
35219
10092
10486
8980
47364
24923
15561
11335
22535
38466
49457
39198
11181
25749
41749
12326
17847
21717
34447
34877
44842
47977
4766
39776
36460
42266
21359
15825
39441
19805
44625
5187
42385
38497
37387
3636
14990
40588
29846
6950
38583
14740
3500
4438
31375
44239
12906
48726
46344
42551
6619
43088
22425
29413
41916
32290
4487
18884
26805
33442
28408
16278
26920
3538
7287
31232
4105
5963
47674
29089
28061
31535
36502
17115
46321
32920
26914
25357
32023
47233
8696
28517
4948
5731
11663
39730
34696
6996
45171
43774
40848
14686
16758
9126
45440
22870
10527
33423
21901
1396
13431
18773
39242
22042
43143
40937
29753
20749
34223
44562
39889
8261
20583
29924
18634
42533
6486
31101
23439
34149
31342
40744
17385
20022
28551
22545
29196
8294
5605
33285
38165
27856
44850
28076
46421
4918
28851
15164
31649
24442
27524
5063
30441
7928
37856
13597
39297
44490
32797
14595
25274
43101
14278
14542
15973
21350
21265
48512
3131
11882
32020
1735
18523
40125
30003
41125
4129
13668
791
18815
18835
12477
49226
47155
7892
34554
28365
3683
27357
12577
41614
19450
45142
21599
8912
41150
18953
26549
20913
40926
44770
39299
345
5130
11710
6675
40038
46260
29606
15111
14978
22432
31304
34810
27139
34281
30162
19841
33005
27836
16836
24481
39421
48109
21442
4293
8779
38685
18958
8635
23117
37474
1537
7444
18848
10365
4364
609
22196
9570
41077
21315
33218
12526
23605
30099
20778
27311
38554
32256
30703
42119
36429
42008
14051
14891
23875
1707
1274
27961
33447
10436
15141
26788
14772
13147
31020
41974
12773
23088
16204
16233
45003
36988
47602
34634
38149
36882
38571
5614
18935
22223
11336
48386
13116
48729
13298
35914
45704
2245
1935
41843
19943
45249
36349
25852
18790
42687
42095
3344
46880
34849
45657
49630
42975
47079
41509
40796
9159
24565
14566
42956
21809
19926
9390
28872
17319
44334
25143
47943
46515
41890
23017
36087
229
17880
7068
45084
31153
11278
10902
45120
1253
29256
23948
14156
43781
10670
32612
15347
47966
49928
11581
1961
28238
4666
25912
13153
43212
4588
41772
39161
10853
17301
5991
20016
21947
7610
17295
45124
34690
27046
30934
16431
48847
48924
17941
8535
1165
32289
39096
12214
1486
18610
17228
3465
8157
6855
17469
22505
44573
20608
26732
8544
34981
32918
11277
19756
23753
12753
23792
38944
20174
26887
2953
11923
42912
48246
432
25029
48649
17914
47465
7976
7299
11463
20165
46707
31719
17221
14347
47581
42680
31633
38460
31506
17636
38656
32124
1364
12819
12925
45079
16296
32188
44085
23204
33391
3774
11417
13211
45502
9277
15280
44392
37883
28636
1014
1793
27509
39658
39107
14712
37804
5487
14975
3041
14236
28981
26878
48436
46774
3287
15907
12230
21807
34030
21674
29113
313
16847
31330
9853
24818
15012
10025
23767
32667
9824
47541
35310
49190
23257
10577
17674
11591
45190
32745
9004
23281
30429
8037
49198
42883
29095
10049
24135
19750
15654
46253
49756
27511
9361
32984
44737
17586
33098
24793
30330
42899
28824
24113
48033
34296
16432
26354
28561
33404
18940
44465
42371
42531
18062
30806
12289
35213
47901
6263
42184
33284
15127
12515
3305
718
2839
26607
42999
12965
40769
3779
37068
40616
30325
875
24443
1988
34143
1037
48659
27230
40302
29628
20943
5755
39975
22799
19602
30852
23239
8998
15990
28313
45470
21749
40583
29918
2273
15069
33700
31470
7334
44314
13458
39868
46912
3823
29239
4938
49211
8942
17961
49036
25119
28493
39034
17923
38832
36742
25901
30236
46723
27578
5322
40014
34689
18693
10510
25474
15904
1317
38888
32260
25646
34864
26187
37278
21998
453
8561
17868
11520
8058
34872
7799
1031
16767
40369
3677
17042
6125
44874
49400
963
42073
8678
21563
23375
43659
45777
41748
25466
40372
38192
40059
18130
6111
23187
11987
17934
10603
43434
35803
3791
10123
2287
21296
38590
37117
26531
26636
21341
19085
48864
27656
36095
38661
24584
20260
33933
26423
29665
26362
1269
35762
9438
14157
18312
1498
3723
28289
16721
28726
35075
37091
11402
6046
11461
12028
19678
11865
11280
1577
8298
21853
38609
1125
23292
40047
42778
47770
49703
18550
41261
31664
23282
27152
47790
31473
8497
30754
34352
26352
48041
5715
27431
47995
4296
45410
17742
29207
48850
14761
38588
26172
26449
13863
19194
27712
16650
35975
19385
45518
11393
47509
9403
32199
49914
27267
43745
33459
44793
49528
589
35672
17089
48159
33289
213
35796
49970
10609
26335
11800
42505
38267
11229
12754
6032
26214
6322
26542
1227
32143
30728
20845
8336
44380
33474
3797
2248
18137
25322
5398
36731
41156
49623
38236
23905
31514
30914
18543
18160
8537
27069
48346
32822
11237
40633
16741
17171
37911
34289
48553
19656
12511
18906
46329
41363
13315
5064
47843
30
25246
17647
24321
20835
4302
3892
20434
10262
6247
31103
16114
17466
11639
20242
37989
30788
28879
38787
20208
2998
15034
4720
15655
8151
39168
24769
27817
17830
15105
22451
10337
19505
13470
38274
35604
42894
18743
3480
39531
992
2010
39544
26004
13843
10597
31339
29702
25441
48490
20639
46735
17502
22796
27385
41364
11851
31516
49869
11446
9992
26733
29750
38889
48883
6529
46167
7970
1605
33448
42221
15204
43330
13538
40822
41203
8677
4777
14249
27916
46834
21972
1728
39951
26118
16752
40336
679
33621
41527
40954
9789
46710
9508
47163
49675
30262
9443
14491
42130
18640
31209
35175
33824
45068
46829
14544
1586
12446
43761
21851
28571
39581
11283
30633
1884
5634
1810
824
46142
22890
9381
30611
45286
19296
3801
48888
30332
9987
25336
37672
45932
47415
946
41212
4977
46720
4555
35230
36962
25341
10952
40398
3421
37436
44883
35557
34045
7680
24810
26418
46481
5995
29871
13834
48358
12467
42382
20197
48595
22275
18442
32457
9891
18422
37129
41709
23882
19371
42414
21970
44437
46492
33143
14349
5418
26683
45258
30452
37543
8453
13524
7727
8008
5251
29307
44258
29844
42236
30126
39262
36403
32126
3596
35004
25456
38009
12324
8517
34724
2255
38697
37090
49950
12219
15420
48378
18760
2935
26898
18258
19761
11029
42310
11842
17679
27206
23480
42864
38279
12654
46938
15006
45526
31094
28133
29966
12107
30797
24250
36424
2053
2924
44929
49315
32768
48445
10762
26087
20473
27955
44552
37082
41884
9743
19456
175
28836
4266
28956
5961
18121
2843
49575
25559
404
30920
12178
21944
902
47482
17921
15003
19744
26190
2817
1123
49024
41977
20772
5747
41853
17522
23828
5101
14892
27370
12706
31369
31595
41892
7415
44368
27172
37028
15196
15390
10588
12142
41058
49984
49628
29233
40245
23835
19241
14079
41641
35154
25187
44597
23071
29257
1733
41324
39333
1769
22352
3738
40935
35769
18039
26980
10795
33565
49816
23862
13432
11617
42105
2538
2921
9003
43525
8595
40504
13949
14897
37497
39855
12887
49376
22622
20501
17850
39222
7141
44149
30915
37829
11787
34100
27869
35050
24035
14388
185
37265
26521
48657
41642
47350
35300
22242
32287
12175
48867
37775
7263
17686
11665
17690
13698
28300
3290
41242
35530
47851
17398
2100
6376
38835
44075
18731
30964
1415
23374
17393
38764
36522
27218
39822
8555
23486
19213
26526
15461
49814
44565
33612
34081
45
10979
36895
37472
4416
35514
28488
10470
39216
39293
23414
10197
5459
2083
36595
16333
307
30509
16037
38419
28685
38462
26500
3494
32171
47260
44396
682
33485
20265
12679
39541
41093
40323
15979
45509
7122
6477
21635
9709
4608
2312
21425
40024
43631
33134
6146
12166
35092
21303
20021
23014
6024
9749
15082
17584
9840
40130
3307
39328
25831
41362
35343
12841
2712
23582
6603
25045
23240
24184
12428
20990
14962
23231
32848
31490
30572
818
38241
47360
496
3262
21557
17797
47276
41910
29150
33771
19348
47739
20977
25184
13661
44219
5238
37203
18009
35517
39741
40077
3323
5067
28595
25648
48350
34752
7696
42940
10643
12164
44630
5008
23253
42022
13339
4042
22001
47937
39137
15148
15138
31527
26741
37052
1691
19829
47592
35553
12179
42422
49035
47856
3412
6947
6658
36739
48491
21062
41281
41842
35683
24995
36612
15774
32948
49170
19417
26305
23304
7051
29032
18905
47237
17356
17706
45135
14946
28350
34439
10785
17933
49990
39338
43973
32180
36374
41288
41151
32431
11135
25656
4464
12472
26578
34854
8782
33468
664
5461
17247
18599
42713
18987
3945
49812
43322
42748
49306
25858
43849
31677
46849
29060
39553
31761
29179
33303
47535
40009
17945
39106
19871
41702
13241
11623
42070
36350
43840
38790
2123
11810
27083
41806
9149
7802
25262
43195
25116
16478
44093
17193
31513
31316
21950
10891
5144
10457
9731
17068
21222
4776
5723
48181
43379
24413
32783
5514
40408
47206
2278
21709
28874
13675
24872
15231
32599
29433
35457
5900
44966
15621
11396
3883
130
21085
41689
16950
41286
909
47684
13218
48468
28555
48721
43703
3503
34315
33472
25007
38436
47584
32769
6460
2140
14561
4423
1163
632
42331
34884
41686
34412
30529
36590
22363
10498
2115
6632
27705
26625
49716
20194
30822
14850
31193
43695
15665
31790
49833
3510
46519
32801
36011
27366
39052
39669
35582
40137
34169
23036
5290
1511
33784
8079
48317
31245
29259
20415
29993
14994
937
36332
49682
28245
6774
12576
31833
17443
36276
48932
22480
13491
8612
24266
25335
26831
18844
9445
36649
46557
43657
42614
49338
25414
40007
4210
49802
21819
7826
2729
49658
49074
42936
365
16821
40927
17909
4704
1265
37075
15132
8111
36785
21957
15418
14698
7378
37230
364
26690
18075
33057
417
49066
14505
17489
17023
14944
13189
42116
15173
33712
17018
27820
28622
37398
42393
45935
33332
40789
20841
49102
39594
23308
29533
20278
49882
558
15357
23759
35002
2964
12261
790
36970
10090
38255
45755
22973
12349
47309
31228
13121
27335
1508
39140
37152
35484
7294
18139
44046
16284
29226
21502
5958
43737
265
23849
8745
35165
46718
3877
47346
20954
20396
24598
15097
29058
1335
11778
21051
2175
3716
22976
26240
10240
2890
29073
6690
13526
20719
16698
31427
25900
33246
38875
3147
14596
18866
46575
49244
10161
3555
24020
41503
40249
38691
15261
36435
6847
44981
40376
35331
38860
27991
47002
48977
22814
32440
11654
8748
31916
28317
8204
48913
5404
30793
24459
39127
5509
31512
48503
31681
3860
11257
41807
48355
28043
13804
15475
35030
29203
19748
24444
30617
12815
14837
47520
28653
11788
38477
31151
36935
26044
10824
34277
20170
32521
28628
28429
33478
39851
35838
40002
23666
30834
34217
9513
47059
37836
27427
42892
41901
42780
32579
44684
36741
47486
9812
24011
9691
1682
29048
30271
22099
16352
7370
33601
41436
46052
45061
1004
4783
20601
11974
24600
34244
38650
22407
20269
15062
4369
20156
40761
8107
29124
29147
3938
30791
24850
6719
43447
21690
41771
362
6879
40269
30764
41841
22985
29246
9649
20241
38523
18894
25098
11031
18494
26357
19084
1068
4276
46664
14768
9432
22963
39955
10812
24551
10955
36192
14137
33456
15038
47388
31911
29251
17241
19808
3749
21760
21938
24499
38613
18068
15911
20316
12061
35792
32771
39070
34400
44102
4285
8256
46459
10270
46784
35027
39011
27608
17389
35257
28596
28443
26184
33803
47292
25961
35290
1466
16226
40366
6033
3757
2813
22454
24474
33440
1472
45330
34097
22626
31921
46391
13150
30707
27844
40906
11564
49071
783
10347
1478
16087
49262
14106
34809
10431
37939
34909
24827
12546
25701
41697
45259
21672
4558
12297
43556
22390
44242
14699
3645
44180
12582
26734
35641
43219
9282
21758
46225
18715
42366
37773
1745
2310
28064
27784
20936
31135
44556
11823
520
13755
37322
7849
7478
48132
13215
30557
4713
14966
16255
40945
165
10115
41728
4310
4256
12601
30911
24932
44199
30533
33241
43767
17733
20028
31201
48730
7169
1371
46662
16994
38675
12198
21670
48960
18328
38548
39963
3459
15245
18475
42993
37528
11575
43965
10799
36385
13409
36214
3669
12579
31471
525
29925
30145
40632
8783
30843
40500
31462
47924
37668
12231
16623
32567
19922
24948
38239
3212
4180
8244
44901
20878
33573
44058
29163
30975
4356
778
18357
42962
45022
20133
33311
16090
24622
47947
21077
38286
24338
10147
1473
9632
33875
47238
9936
47729
7164
10130
7213
37535
15130
49986
41604
27447
45341
34848
22061
43788
24539
11162
5316
45797
17474
11949
41555
25963
35044
37373
25231
745
37386
46503
45732
23107
5143
21218
29411
3700
31344
7842
921
29964
30616
43842
34145
45617
24320
6797
43765
48348
12156
24714
8062
1819
1545
19360
9778
25073
30036
18486
5464
22669
4362
36054
43066
40814
49266
35346
39711
17576
46477
35617
13120
31542
27007
11812
3281
2113
8969
39879
5781
35129
46856
13696
46705
32860
2993
22861
23482
19579
46179
5363
20596
49580
20568
24964
15949
14160
38211
48756
3309
16326
11494
45293
2643
23840
14189
1135
7995
19882
25942
35460
48664
42237
26600
45972
39105
31644
10446
24377
13979
13577
37594
4596
21505
18559
31000
47378
25772
15343
4376
38196
37598
19877
25101
31167
34374
6229
1211
9837
47644
20433
21876
20616
31402
32618
25911
28444
3121
22520
21113
40428
43605
19003
7574
22942
33642
16840
5947
41043
43655
6756
32025
34386
5716
6575
45644
28256
7208
42332
37848
13894
18161
3657
8249
11712
501
19918
5542
15619
183
31710
10168
34491
39119
5540
35091
36272
32765
21857
44870
11058
16423
3330
42040
42802
39134
35655
4038
45948
39607
19920
25753
11962
3302
33950
20710
38783
28975
17511
19424
29142
9309
556
42630
10837
13427
32027
39585
28830
6289
20289
39853
15868
46240
38829
32094
4903
3564
21078
7165
26383
7710
23675
17917
38531
1911
29160
20018
45057
29478
15117
33722
21544
40295
29499
40997
22144
19364
33969
39753
4631
16810
8956
36575
26386
11735
25854
2947
24556
28748
22923
9371
31702
30892
5678
530
25215
38756
45342
22421
28221
9657
34453
20139
16111
49049
48786
9982
11523
7672
22197
10700
10628
27867
693
10815
43524
5866
32366
38120
48894
33415
30055
42404
42271
25438
20549
19166
13061
42613
29045
38036
2307
31626
17982
34941
40813
37914
37283
25251
10464
22950
908
6593
38030
32641
32893
40598
5750
35459
23404
4368
46422
30884
2367
44118
34944
39794
20481
37978
45056
14151
31484
258
37221
22711
21788
27559
29779
16967
18012
30128
20384
35927
47068
44179
8348
19506
38941
47998
2462
1890
30924
36712
7991
1329
12895
43238
12155
37225
9730
45376
19586
1050
4795
10204
7330
21229
1130
14381
32515
18059
2285
23440
10832
31071
9332
12187
34122
25588
15566
5199
36635
9799
7065
14496
24299
27637
19247
19607
11222
16866
46034
20733
28222
23951
39547
773
32685
8278
37097
2772
45127
29767
2353
44588
33717
31301
27165
41640
49850
6789
10852
30654
7919
44168
15882
1217
48668
38128
6551
12882
36816
122
45380
5538
37415
37191
21444
25250
30655
30753
16218
15885
40321
2814
29631
2863
3968
46532
10356
30065
16661
11532
35465
956
39613
12890
19557
35166
47906
8733
2971
41459
19713
2737
35478
39973
20094
26857
14201
32497
11836
15474
6829
675
6164
11754
21537
16187
7140
39809
1732
18038
48686
44997
24460
6540
28130
27876
12539
30681
39348
12604
32130
49462
36602
19403
41440
39761
40922
37422
1409
2503
10443
31834
23873
35243
23267
44627
7428
46615
1539
10200
21251
31351
46814
34239
41914
8304
49324
1353
34340
25190
3962
6722
141
18648
33813
16104
49593
21852
21309
16570
48382
3900
41305
10310
37742
5622
6340
20713
24921
48637
27225
13655
43495
35549
9546
15308
38032
33351
15628
49112
36505
2452
34673
3420
32106
22708
24721
874
37449
5022
13175
44132
22456
18754
1138
37146
43466
44356
17053
10390
14527
33325
5034
44666
9742
2591
13086
8914
34754
46798
17052
32244
20670
29449
45300
27257
9222
8194
47590
21374
21892
46315
14586
25709
1295
26923
17117
7541
29801
20917
26783
15697
8511
16162
12505
40211
23823
25523
31900
40969
28241
37087
46742
10350
39552
32005
20004
49793
28231
40058
28438
12993
29501
42808
21403
8419
37892
23694
5419
45877
48293
16827
5234
1958
8518
42228
43366
42028
49023
32849
12674
41708
37991
5693
17015
5828
20056
49536
43001
33603
44186
23506
28736
25177
6896
2646
4121
35744
13082
43483
3727
21490
39210
11138
5333
17712
36476
20688
49840
39171
41811
42743
16307
18223
5284
64
440
29438
26042
48480
43162
43780
16338
36265
48690
42223
20318
49613
36524
21617
36653
30466
5137
33559
48682
28328
45402
43754
36285
2980
44671
36507
33323
26895
29906
40016
6910
2380
22222
15934
25638
8611
41084
2847
17809
36316
16547
696
12070
49361
16224
42566
21339
23871
2396
8242
34821
3891
20887
36191
3988
18601
33271
35250
40312
8077
15152
24415
27328
18717
31953
39015
49763
45449
47488
48354
10621
19627
10712
32179
26751
21532
13591
37542
23610
44421
36877
24782
11437
1781
37938
12256
28390
41574
29366
49825
5734
5268
16414
9484
43593
6620
37127
19411
24388
25338
16051
28208
43018
39196
45043
31844
35360
44340
41553
12507
44859
12809
41245
23303
1286
34123
25268
36570
17400
40668
37465
2654
17627
17195
26839
204
22459
46826
35057
18483
28844
6165
4871
24248
18147
47022
15803
48414
14945
46868
32594
37956
4292
3755
43244
17069
2789
21578
42628
24043
4238
47261
44410
17415
26412
46180
11419
45009
12432
20602
4254
38920
5052
35454
48309
42478
43017
17925
18949
41111
27666
15940
24323
16436
16409
41426
36674
33916
7163
45378
17208
38544
49044
39045
34442
9316
40815
20382
27076
4980
28338
35979
3251
16323
21238
30671
43486
233
49046
32909
12931
45490
18642
4509
22308
40571
18392
14223
6671
20283
6597
3967
18467
6124
22190
21092
7957
15107
8412
8398
3793
16386
43770
9954
8360
39340
6291
10726
21790
24403
48909
7623
46536
29869
1316
19387
44813
24015
24226
48881
44435
22898
9243
25908
48377
30648
38636
31149
19347
8800
19514
8272
8305
43309
16644
14460
12889
42053
28743
5601
48739
5944
39481
26046
37553
36766
36473
10680
19995
36527
41353
10117
49505
47598
31064
36181
10811
35443
37041
419
35261
47814
2416
48324
8266
9336
35479
34121
1342
44872
47179
27285
8809
6905
27737
23963
34764
14372
45636
38475
5280
26321
40169
626
48531
24867
40733
33221
39213
49844
8761
3577
11618
38344
37125
47614
32263
7218
16215
40924
9505
12823
29028
48627
30613
17155
38537
42087
44701
42882
25276
23011
8271
12480
45632
22951
32114
28066
13652
36556
476
43650
16926
16179
7570
36574
11354
44686
18198
45182
31146
10732
46499
26115
14001
28835
21160
18536
47215
21968
37625
3678
40768
26937
12756
34918
39180
13717
16139
34327
21207
7498
7740
49978
46760
19999
5613
24163
6036
39238
34649
11803
34270
45971
22180
25217
40066
17490
12217
196
32218
25345
3976
2082
25369
7750
46998
859
17067
12778
47461
33723
42728
31529
40995
49304
33834
24173
12040
27985
4731
19866
21241
31768
15850
3250
10677
40267
20540
38705
13915
27498
24569
23998
42107
37174
35756
571
14010
1839
45398
18326
39160
38431
13266
22809
12095
8905
46989
22243
43598
41816
16776
25589
12851
21118
47111
29376
31721
13550
18444
40897
27810
49843
43725
1077
23
48408
13119
42489
37018
14999
38089
17188
11522
2502
15717
11239
5669
30359
42171
3235
36405
21833
23343
31388
10807
6119
34769
45521
22199
9594
44159
17220
37510
26307
38171
39804
37073
24243
48447
22024
34835
7046
11837
10179
3950
30625
1489
20376
41118
30437
46818
8264
46604
1581
27592
13192
28455
31318
25312
21805
38342
8161
34076
35497
38810
33582
13845
19040
10413
21828
38701
11037
12683
48586
48259
38975
4891
23962
41103
48340
8540
24990
45840
35181
10121
10175
28165
45483
49095
12436
19878
8175
1782
22519
13720
22971
6209
38257
46669
17318
35147
1815
19545
32021
28958
23689
47692
4424
30847
4118
1569
40013
47212
7420
11024
29025
5699
2403
12290
38738
16859
27892
35902
48861
43003
34578
37597
7994
43690
42050
31600
10771
31554
17327
10973
10178
5155
6092
46605
27456
36331
32758
33961
5849
41336
47744
11328
32393
9581
13095
36689
38798
3574
31641
14849
24335
37220
43312
5082
26856
17832
48799
14911
28952
10230
29522
29091
4838
41472
6484
24493
4760
46091
40377
29363
20760
45898
8426
44207
15370
20262
3171
20770
33953
7958
35726
30995
46360
48383
27759
13989
15309
24326
23474
22995
21734
49438
24467
2470
46525
24054
45907
28631
6309
42898
33091
34190
13463
14481
8493
15608
40220
32757
11782
7626
37826
10066
37519
29480
37623
24823
24482
48530
33838
7752
21687
17556
809
37037
23164
46471
43413
36966
26452
45928
10524
23558
41163
43925
6577
33424
37181
6562
28243
10102
35467
46168
29436
30203
25291
20918
31041
27802
27153
41526
29489
33805
16731
17724
26978
42797
747
32422
13233
15691
44909
43836
34983
37709
8609
17419
24432
45466
19521
15313
20938
23748
45379
6101
38942
32732
42242
49461
21015
25682
15397
43282
37644
16194
22151
1325
25686
31271
44330
47012
917
6426
25349
42239
8431
6811
38403
9162
10706
20341
43843
2409
10078
35978
22523
40793
8499
2487
12703
16900
25142
36929
25645
40133
33433
24177
28978
43295
4697
46901
39004
32267
42255
29895
45489
29609
38862
42078
32264
27019
46923
37015
21176
24358
40672
37794
44879
42118
26108
39562
43204
40184
30282
36131
24117
45306
27198
42543
36039
21574
11673
2681
13680
46982
7576
25464
20496
6504
1824
27394
29886
10109
18053
14615
5104
25957
47999
1529
40785
44952
12718
26442
9462
46448
25167
12868
36058
42557
40661
40357
47044
23964
44544
776
8053
23135
1558
845
695
28440
13790
32248
44723
3810
34720
40044
36627
9845
13403
33850
30719
2086
6844
8899
31547
25785
46511
35078
10851
25495
11894
17135
6554
29731
20089
36822
13681
10625
13472
49336
22733
8052
49391
19467
27034
29934
22069
36821
39932
28662
12818
39370
35779
15292
36559
17852
3032
44474
24475
2656
39156
25194
19549
25640
41104
49525
48826
14078
32892
32962
6520
74
37950
37315
12169
20777
36126
2480
34158
43331
40342
5713
22553
45353
13778
40565
13144
29942
23981
34387
24828
28163
15121
24203
8331
23093
26913
21362
39116
23046
44393
48434
17741
46812
7446
43040
9725
521
43576
27918
44177
3844
16852
14211
28822
21688
38929
17085
973
3504
42210
46588
34499
49104
17071
44629
15889
33965
20490
37169
29041
41182
8433
1406
47408
23316
41978
18293
1625
29814
35671
13595
9962
3576
35427
4512
33412
23590
3529
38398
46076
23427
43064
8519
39912
28520
16519
11334
44216
38258
44145
9560
30873
6604
49390
37268
28070
29559
26170
27515
17279
20661
13099
29054
43716
44303
16058
42608
21245
3070
36300
5159
21682
33455
43377
4208
10512
7852
38122
22935
28376
13323
14551
20617
43720
19363
9898
9862
8834
1785
17874
40717
17867
18265
43250
31145
8198
20247
27682
26461
30854
38841
34757
47573
27495
2188
38195
1843
12659
6833
15750
7632
28461
19702
37839
11906
36294
36789
7268
16362
3256
18630
18460
30406
42060
38584
25684
880
10349
16581
25608
4365
41253
13588
39396
15465
488
24126
38708
39941
41289
38026
43455
19642
3050
18413
48019
21376
45544
15007
9622
23077
14604
47103
9245
37291
37016
38468
40032
22497
47860
43744
28929
26767
18001
19401
6898
4205
23060
39777
25603
929
3042
11648
38112
12221
21384
28735
31039
15784
49259
27772
11981
29625
9477
23044
1315
5644
27811
18930
17086
27455
21330
17707
19519
45914
24653
18774
35865
16335
19481
45986
39692
47042
38199
18789
35704
29051
42081
26062
701
39121
37044
803
14312
43755
38904
49027
27365
1655
11159
21873
49332
32747
27358
41643
12608
39225
18190
31030
40752
18682
4047
15570
40685
2526
30736
38956
30958
46160
4855
3894
26000
17494
10496
42409
5417
40334
32659
31780
44755
2418
34107
32185
4636
20998
39890
5088
18896
29678
3978
11300
45016
38215
31398
711
6559
43674
42914
31054
40510
4861
25233
22367
16148
30531
12058
13998
27488
19932
10385
45315
9843
33045
12990
41405
21914
17579
3119
49964
47158
40248
31464
11095
20895
4099
17270
28369
36221
38604
21549
29027
10537
36933
15282
35475
2537
13556
4635
45317
22187
5121
38644
15140
15843
42862
21185
9719
7120
39668
15055
39332
16854
27679
36733
5854
44445
17823
11684
519
44018
19908
9969
43776
19187
49631
1970
36565
27652
10778
32990
42989
29441
15500
13615
48852
45019
40449
3226
43516
10331
16537
15009
20679
9
19331
46601
20403
12750
31743
27161
5660
26128
4633
32666
6773
41537
10272
48257
14037
39832
22776
23807
27594
8656
4096
22932
35333
6327
43801
24784
23798
39394
32274
48315
42201
18148
10184
37022
20280
4406
31096
46002
24546
46039
32067
13279
28248
12830
32416
42158
49540
48188
26566
950
45749
39489
42387
28085
3440
45464
40164
27077
44233
10575
45331
47865
49199
17658
46401
25427
7532
30960
36388
43453
36530
5899
39438
22430
40345
28926
18777
17033
32976
32133
40570
9012
13644
29031
11290
1387
17857
199
34678
10113
21575
7123
25237
5982
34078
30701
20226
46136
44401
49201
44259
32421
7492
40682
47885
4898
46124
17644
9273
33431
22111
48176
8393
14886
44386
23358
26716
49255
21695
38721
46227
1343
689
30425
20455
14524
14110
29314
8741
19781
24888
17411
12623
25471
27977
20324
42437
33832
17612
47702
40187
10637
46986
48319
47962
4097
37681
41228
42910
16287
23658
17305
7803
39206
31882
33598
8621
37405
41073
16356
3363
17824
32951
16498
10406
2868
28161
37120
32643
3996
33205
15175
555
7922
35866
8262
26737
20624
9470
5796
30222
2756
26495
2626
40839
14443
46937
19955
15799
28170
42001
44812
19860
434
13870
21732
46119
7494
3563
20375
34800
38905
10969
10119
22938
2325
31019
29315
21392
38704
41498
27683
41174
47295
24829
47925
1235
10069
23074
36996
45310
46693
31397
25538
17962
44333
12693
22166
15838
41066
30207
25655
33388
2135
46330
22305
33728
14504
32786
24970
13927
44372
12961
46905
29711
23535
20816
34246
38977
40446
32224
688
22774
36596
5916
4152
28344
19772
5801
48242
40519
49296
37828
34585
1082
5636
37595
16254
17405
46095
12901
25032
38543
49510
5722
8404
2879
18329
23940
14875
40307
2836
20626
37153
18346
25255
29197
272
6834
18562
19606
7539
45830
39346
8650
12162
30738
22494
1764
7890
46988
40155
35395
37606
16202
4629
27743
25328
4352
22634
39801
36125
197
19766
46908
32251
22975
49723
21872
4993
7959
17003
18500
39772
38737
15759
12919
38079
40239
13899
20345
25902
16710
40800
13079
406
644
18883
2780
27229
2174
16938
10565
8917
30947
25882
37935
44809
694
17045
6617
8247
11994
30051
22522
26351
17345
14063
29756
5624
28729
18044
30644
45848
22129
28637
11107
40784
35288
21451
22863
39604
47757
15926
22692
24593
38808
45456
7649
29773
40719
35281
47280
46865
9375
23821
36428
37921
47385
29735
7962
41030
7253
29845
34713
20831
36322
45416
29885
24611
10447
44294
39578
20410
46465
14548
17349
12293
1870
7850
4924
20032
35789
13640
20083
7721
4066
18570
6979
14432
15787
10383
33215
5837
39960
36706
44080
1449
26661
2722
19053
43103
6009
11364
27341
31164
46146
19650
44746
32123
34933
5194
20747
35554
19020
34144
14408
38576
1701
10683
14288
12469
18704
3026
30501
32327
18459
29500
13856
7184
13259
15632
27752
18545
10793
9025
45020
15816
26003
32449
7858
33125
37106
29343
8873
19468
35503
48624
27910
29835
46837
47869
36329
41468
29894
41528
42771
43549
5967
4586
20896
2361
34505
29670
49162
33333
44527
13568
44855
26996
36676
26868
5209
45156
14989
19828
42556
19095
11092
4827
23351
17763
30402
1516
10164
37135
35325
24346
5838
15830
30143
35014
49908
31581
8132
13165
31122
13412
22525
3170
31960
12315
48912
26426
29762
12952
29002
12044
15017
974
1018
26866
32668
40518
10775
9447
5834
39207
19225
37385
16709
26655
24700
34573
33983
44469
27545
47780
3104
47226
14424
28627
4426
16755
49267
33614
12839
12738
13309
41696
13527
594
44992
34106
20245
21766
18734
40139
10396
107
20818
12190
8421
45357
11240
44882
3834
24288
44611
30733
13423
42951
15760
5506
27885
38931
214
48474
16888
46960
34777
30289
39478
14485
31888
35773
45349
7358
28727
29585
32726
42330
27187
32693
3931
33792
16576
5808
33470
35533
49379
20240
15439
34657
25381
3661
47298
33889
18015
27219
22849
33844
28439
13820
30582
8596
36926
20117
17350
30532
42790
37401
41029
19988
16019
28140
7709
14996
48423
40232
11699
42622
44675
47907
1351
16440
28604
39979
3909
19121
18472
41823
33551
24451
26557
17431
43503
20657
46790
17243
18882
26301
8872
48303
18306
36310
6707
40680
3545
3318
28399
26753
42907
29561
16799
38034
41769
46320
48178
9847
1454
40562
20504
36787
28563
18758
18033
12385
30594
38509
34626
3742
27532
39690
49616
27660
3231
23476
41778
2984
4715
48008
25935
8075
13063
1025
37656
11047
7733
31182
23614
37679
46106
26586
48428
6203
10326
3705
43380
6214
33281
39887
27477
14377
3653
17806
21471
3486
32870
43317
9298
27740
7465
7021
44492
19727
29949
19835
34334
17846
23736
27528
4498
41933
21099
24313
3971
38638
16761
29271
23097
37524
49222
41673
32931
15462
4049
37481
10760
35041
28932
44057
44889
36852
30086
2422
36710
36987
17881
49868
41122
20666
3838
26409
15328
38446
44865
44575
22067
35040
11200
38597
25615
43258
43951
9631
28031
45752
24476
5935
311
29279
3943
40181
44829
42623
28712
1180
17931
18663
30127
38381
11888
14361
23463
21133
22554
44782
39373
49128
943
6441
45112
3853
42419
15585
22281
22185
31591
8672
25461
39825
49924
20595
47492
12153
18393
3997
28189
27832
7952
43304
28146
19039
23234
7932
19279
16086
11502
7876
5748
38209
24466
37872
44810
28843
26057
28708
45263
41071
34613
25776
18350
22810
25211
39174
18657
36234
43083
32128
39157
43628
23426
504
13961
3619
30085
26905
16829
14617
9203
20684
28387
18124
47174
46627
21875
35365
6697
34468
15657
45485
11638
47741
1416
1721
34932
44949
28772
47837
40872
43153
22062
19645
26217
5169
23471
45235
31255
25439
31157
11608
24963
29987
9255
32964
32037
5139
43226
17091
30735
49912
29088
49432
42681
31762
47080
37703
39273
37086
34404
28132
36874
22968
45838
36489
12921
37115
11715
26110
48835
18618
31198
34172
39315
41481
37461
3686
32232
2049
44697
44391
29214
30496
37204
22150
26059
24906
18860
35024
10656
45094
11292
16322
23912
15286
32808
18577
20866
36794
46874
27694
30895
32524
5262
23681
15044
32219
42240
11481
5302
16281
10862
10946
5574
24607
42328
201
21378
8888
5795
37634
45333
18291
21644
38069
44600
4078
21520
22127
3569
45956
14356
41857
7111
31928
528
18885
28319
43821
19078
15980
8633
18997
16575
15410
48767
28110
12136
3082
13456
42203
8388
8232
8045
24574
34577
9315
43984
42090
3777
46688
17699
35673
31190
10482
45386
13601
7132
22562
17922
47738
34235
35072
33820
45053
46348
30202
46609
10916
39940
32265
14689
49939
44862
41200
29847
1840
26532
41812
9685
40763
6566
7552
1404
4434
4865
36254
28522
8527
797
28859
21730
7279
40549
14180
8010
33306
28036
42084
35126
2823
34667
3349
45565
13474
34815
19191
19822
39429
36433
8554
34654
40620
7832
3539
5814
41109
30026
26291
44297
31909
25454
33843
36399
39667
37123
2678
27469
34512
29739
14776
32282
5993
2518
24657
42348
24239
2859
14263
34749
35579
27507
14512
12711
47698
13948
46593
46186
31832
16134
44310
16619
39611
30979
49721
47396
35440
48814
22484
38379
35894
1064
46928
25103
25470
44642
47951
45894
1255
49921
5312
14120
24532
32628
12956
31480
22018
44969
867
26284
6011
32484
7688
29861
23754
41638
26036
6963
10131
4994
10736
14233
26688
28128
26708
47399
38091
24008
26724
1999
46452
15005
18769
12570
23661
16394
15893
37273
7204
8025
5886
8941
6945
49476
43039
27661
49008
15376
22834
32735
45629
20263
19336
36734
23121
6907
29540
17101
37781
28528
5847
42731
7695
7161
4025
8839
25800
33204
31243
24383
44378
46262
41340
39145
20456
15396
44194
9748
9856
18873
33502
32420
44091
40649
20965
1729
42193
24470
9683
36587
18134
10757
1385
48248
5851
42472
23625
23018
23547
10835
8842
46478
33082
9059
12691
12489
26584
46140
28134
39318
13441
16228
28900
49674
25798
31385
20693
12299
34247
16006
13008
46049
7143
15238
14254
8270
43028
29641
48828
36615
7466
34119
49551
8651
46258
37758
20297
42812
21121
19391
44317
1097
39966
30225
46460
22853
2322
41955
49429
8940
41388
23960
21671
14299
44833
21208
34622
10543
2892
36232
28141
6081
23478
10219
20149
30760
42235
46915
33105
25503
13886
11353
9893
38278
48542
32987
26565
41408
37441
42064
36068
4113
34297
40741
29872
46995
48804
17805
34549
23856
16663
9170
10779
33387
37868
10676
30514
23429
40050
36432
11371
34804
34593
38130
49974
45965
8762
9861
16775
26079
16211
36886
18955
29181
16128
14128
49611
23126
10142
24668
26634
28895
31124
37055
203
24723
27824
10376
20872
29831
1261
19432
9030
22210
7075
16489
16556
14832
17249
45760
16067
29120
10904
45134
13300
9461
46289
18144
6017
19976
49360
17626
27939
34710
26194
18189
47242
30399
17308
38857
10953
15116
17210
27166
3561
43917
24281
20355
21198
14183
30844
11115
32063
38525
23825
13036
33651
14050
31358
15715
40351
14733
5560
7139
23377
39182
31915
36540
27376
2351
30183
11408
13208
2411
44877
37953
10046
25576
6955
2916
49595
2112
21100
41934
30130
14770
6076
13572
31934
31417
2837
15773
46962
27854
24795
46067
24492
43757
24907
45296
21389
26173
30264
19597
7520
44170
4661
6001
15446
14043
28664
25856
26191
36357
36585
36757
14162
11610
46894
26033
48027
47996
30901
16227
36088
8752
22248
7079
42395
11155
41962
48182
11219
34251
20176
35186
2573
17180
32382
22653
17611
11074
37281
20879
29326
38815
14314
6315
40663
21120
9590
12448
47655
33617
18962
20537
38681
842
41065
23276
48943
1668
14908
24053
2272
13999
11164
40303
17873
40955
7210
27552
29479
19030
15701
31807
9351
7992
44545
44325
29156
35409
39023
14295
6628
29015
28691
47306
4301
7434
35498
23690
30181
17034
5845
26438
26200
12284
37844
8408
41407
39173
45424
32225
48702
37673
41861
38324
17508
49117
10157
45688
41307
32500
16365
9144
22286
13461
30628
34547
5567
41887
15543
24940
24894
34730
14803
33489
33851
12140
45282
7867
30300
17165
40506
18415
16183
48955
16015
1723
19861
39575
17760
14540
19635
34276
27921
26693
156
21869
1833
2088
21252
11190
24345
24601
45861
37750
19658
3785
21323
13543
47908
47203
44983
28544
433
36280
22202
16334
17718
49568
17376
43375
4196
37976
33064
41373
35738
3802
32019
34256
49875
9138
42671
6434
18854
14609
47713
19311
17044
10438
17113
43691
25962
15194
26987
41675
29899
1716
31335
36727
16190
47553
45467
15224
31070
21370
8315
3015
21152
40209
8
38225
28005
33088
28353
12892
12837
2108
31240
44976
11861
32169
48689
41162
18616
34473
41734
19261
19427
49433
25041
47493
10004
22926
35949
49384
30164
7728
30685
7738
45168
22670
16259
10894
20942
35035
19676
38013
45602
16101
29019
37298
29209
49848
10165
11258
38677
1324
23250
11938
40358
21782
40513
5107
42214
12147
29373
35867
15382
41589
18991
28564
12366
8359
29460
29303
44506
25771
40923
20672
40453
13733
13328
3443
24634
21767
25883
29224
20325
888
5372
29838
40531
8597
12995
28553
6171
20335
48062
41847
10280
33566
14319
15367
45166
33198
38353
37806
42799
43450
49637
45906
6218
20585
32712
16169
6192
45408
10061
7041
6007
4109
32298
47980
14371
3090
43042
47336
4062
48239
45658
48722
13523
42216
3955
47243
11425
37813
47530
34716
22688
19818
2240
14985
7975
7217
36398
26610
30494
6528
32592
16973
2445
25494
26810
35082
44830
2835
26699
41624
6680
42349
17242
41039
24702
22854
47411
42872
7767
48656
7412
47363
3128
47164
26747
37166
48470
2979
8023
27063
18060
18625
41094
38581
13359
29213
33647
17973
45537
46596
31890
22952
42530
26718
42542
23581
37361
41035
15638
24357
232
25988
44389
46857
42251
10177
44522
8725
30032
26435
4829
22668
47593
13692
12932
16787
46727
48430
29649
48219
20610
8974
23096
31079
36185
32982
16182
16013
18109
42342
6301
32300
35631
13486
19594
39522
5376
11196
11580
27847
1013
42229
26209
15947
27096
7692
29706
35294
24457
11361
21619
2495
32116
49777
48334
27303
13810
21470
6457
48367
33130
24919
45982
4983
25019
37420
29420
12089
15763
17527
40031
38586
45671
48179
35748
32662
46127
19446
44
7305
41175
49730
26339
46296
9471
20029
33012
43418
43499
14176
25664
43287
42041
39178
18120
20853
34741
16080
34156
47273
40617
10933
40347
47529
8513
28400
24125
42424
11165
42062
26009
32166
15796
9044
40637
33999
31120
23445
19845
18339
17892
44231
22373
23006
29487
33280
8225
37109
28380
548
40324
40886
30667
13968
29228
49145
15849
9550
25751
30170
30865
33343
28950
27113
28599
10738
21075
9574
9048
81
49713
32192
21552
37683
44985
10599
31121
46220
124
40283
20618
375
37288
1521
22211
18101
23994
6894
15471
15643
6424
31904
40759
47650
18975
36510
1129
16152
11625
47274
25745
10957
31192
21820
18070
9927
4931
27865
36560
43065
47337
27402
36482
13312
28728
5670
39717
18320
2122
21919
28904
32184
30338
43200
48985
48025
25944
23012
47089
9966
6537
9941
6854
27726
15211
7521
41745
37182
12018
12764
34010
2514
1118
3414
17300
16564
36257
36983
30902
2925
3527
5807
20418
34937
2970
1607
31536
26568
36924
35790
40630
15043
5182
1629
40488
45232
16781
38827
35940
9411
30180
37493
48802
14057
15742
31781
49442
43518
20801
20311
8564
28303
14087
4782
34448
46675
23579
47239
1623
45913
8641
15162
24621
42389
49078
22592
49645
5868
46716
38311
39424
32252
29434
42909
39815
12071
30093
43458
7159
22015
3839
38897
21291
1719
40728
39101
12651
37631
38579
46914
14296
15400
33150
10789
24211
21294
6886
31687
15185
16068
27575
31508
3841
16674
22757
30898
19060
43010
44917
4835
14165
41474
31848
18047
39485
34621
46655
40491
23218
39415
33044
34734
45147
30748
36609
3690
37842
45604
40646
12312
13808
34065
48369
41764
20213
27064
36956
14187
12160
15325
13012
6523
11721
3475
49370
31607
16814
2695
29636
48238
44644
47927
1246
14126
21628
24171
39627
14863
23151
46485
14880
36569
26942
36694
44503
49115
6965
7442
47767
44595
41986
47625
9046
36640
11311
34726
15041
605
30461
21181
8284
26134
47660
30939
10930
22012
22023
9978
23642
36614
10941
17421
25602
29977
37874
4582
37706
9711
45594
18792
17352
15296
43354
9997
19931
7651
17926
22130
7087
806
25752
29881
38240
12393
34995
48576
28906
40382
14333
24553
36532
29497
22868
39307
10472
19637
47788
45560
14321
14655
32257
29828
8772
46308
31797
42754
7156
26758
23147
48600
38272
43669
14375
47687
46782
16317
26720
8007
42779
8948
10855
140
13952
36703
33630
36072
28242
34855
27873
48754
23769
39564
18127
294
4046
23333
37617
15923
16629
6988
46292
21883
3660
22536
34278
4650
21145
20449
20038
43643
45522
2983
19855
47483
19246
5236
3685
41897
29935
38985
6862
29080
9173
15611
15797
21014
31853
31492
48543
19846
46721
22645
17999
4195
47675
46470
29077
44542
22198
45270
42493
20756
16475
33350
32977
30401
49472
36168
34430
33746
4260
18977
13991
42441
7355
27835
46309
33321
47057
6542
4460
24287
24469
37274
40212
41878
14927
27877
7643
27426
47610
24852
3491
43147
35664
4851
35576
48282
31424
33272
506
4218
6795
11505
6818
49971
29402
2507
34333
35339
15094
40568
42968
28015
13929
8573
5317
44502
8383
23230
49709
19335
21754
19138
616
25975
15202
6691
15100
13327
12698
4943
46854
44224
23808
9805
27323
2275
39426
42155
36109
28073
6261
19990
45978
24478
39313
26408
21233
2491
2168
30154
7691
28849
17122
41791
14158
41921
21518
9409
6138
27429
34522
24531
5012
38229
34811
30161
4735
12729
13172
47457
18897
37897
38541
18738
35520
10393
22117
43871
26272
13425
19214
34153
8803
33925
16223
20122
1096
42880
44116
46648
38488
14804
33557
12265
10318
39866
43477
36365
41652
21484
47101
39572
10917
9362
42685
17689
34534
37611
26943
2419
5692
20073
28306
21939
3052
29353
19799
21033
44673
11651
1864
25295
5445
2142
36445
21182
18994
18359
40138
30435
42428
4175
811
5677
12458
23305
48996
11560
13973
46154
36856
45508
19059
41948
4028
23229
705
28633
27308
19032
7403
29615
18744
7591
32687
30296
3127
18146
49185
49792
11183
48171
21349
46494
39861
28620
48284
24271
596
14525
8108
20914
33616
17028
33518
18569
32223
30233
21220
14246
14534
42140
24240
3821
49634
7290
32323
34869
12853
40333
37314
41475
14841
11318
7470
23578
16532
17709
6020
29053
13111
18990
12063
10330
35913
31614
11099
3602
14739
4202
33371
27485
22988
4398
39258
46522
30540
19407
17143
9051
13946
31180
7462
49798
19657
14267
4566
10096
17928
36063
11777
49772
38121
41875
18751
1070
38713
12406
29573
20486
47197
22100
39964
21637
5857
49323
4710
33638
23907
13739
9643
32516
23885
43601
45458
22119
16467
29461
5098
24222
35295
48122
17450
3154
3326
34700
356
45744
15369
27577
27688
45820
15326
26647
49489
33519
16667
23092
38261
12076
11070
15200
17694
11048
36255
27458
35441
6801
7704
25507
29877
40673
40495
10854
23977
16559
43680
3111
37034
46813
28659
3552
15487
8307
26181
12636
