31076
38803
38882
31999
16985
30398
35892
4142
32740
8066
49297
40047
25145
19755
11991
17581
36866
42438
42461
43468
49403
13853
34396
33295
35219
2823
30188
20752
5106
35906
3343
7293
37420
16560
1090
27296
20592
32107
44333
44110
6573
47459
45623
43639
25367
35825
28868
42150
28146
25417
47039
1572
15479
28505
40804
32090
16905
30494
27650
34201
30024
8480
15386
44694
29715
21696
15323
40944
14194
8081
35521
2541
5830
29996
47728
40242
28516
1636
44559
30980
13837
30484
12892
47489
21537
24941
38729
15592
24974
35688
12407
18818
24986
20722
11899
31489
21997
35403
3097
6087
38272
4432
42480
45241
44604
8721
49883
32936
16019
9431
38384
37584
8107
48766
49120
47920
29595
49929
25098
32188
48931
46875
26072
48163
28289
44716
41399
7717
2012
12940
25070
35185
34200
5674
48997
3058
39088
15845
39954
577
39213
12822
3986
41950
7546
38665
22255
42989
26032
39153
5151
45743
6481
34647
34489
27178
10921
2263
33229
8881
9157
42338
27676
34084
25615
31081
19305
40522
39994
18502
13647
39075
49648
28364
27797
8675
5499
30325
4738
8963
45674
30394
13057
38381
1239
38532
14723
33703
31007
1680
36205
40348
47813
14281
48242
49036
40368
8724
1015
47207
4316
19978
25512
47312
35587
34345
26940
43094
12067
47214
28902
24111
33538
15786
28070
11574
19735
25096
44565
1942
49279
5773
4134
40384
31875
13606
25963
9362
39526
32838
6548
15094
15636
36374
34219
3861
27548
9317
22892
21356
36357
28945
44876
37996
45015
7154
21616
20629
40302
49846
37443
26741
5237
4721
8590
37601
44615
46075
49744
29553
11821
22984
27260
29872
47244
18035
36365
36129
17810
25695
8373
29474
5082
35893
14344
28996
24415
16871
35402
30801
5842
39551
38087
34857
12498
42348
30563
31001
2212
17980
45114
44295
28710
28546
16248
271
47768
47123
49545
46567
