89
93
59
26
80
73
34
92
67
4
32
29
72
87
82
76
41
11
45
0
92
60
41
99
95
83
1
85
32
56
15
83
13
81
20
95
38
7
62
90
50
91
95
18
55
16
60
61
84
13
2
66
77
58
25
56
57
9
24
16
29
64
76
92
27
51
92
81
50
71
58
56
94
11
0
5
61
25
88
52
54
59
56
59
97
43
66
11
49
6
12
75
64
7
30
49
34
19
70
27
22
24
93
8
66
33
81
74
46
35
21
76
84
34
73
15
51
41
96
72
68
41
36
36
89
38
5
31
85
17
28
81
95
77
36
96
5
28
71
18
20
37
65
94
43
86
44
57
55
88
2
53
22
89
10
71
78
85
74
69
4
8
2
12
64
45
48
4
68
31
79
54
14
89
11
55
80
91
17
6
9
21
91
47
46
46
46
1
37
54
75
43
68
98
42
80
64
19
23
36
87
63
67
80
86
65
27
52
96
78
8
88
28
27
57
51
73
35
67
83
21
38
67
50
44
6
1
51
14
24
42
62
59
49
93
70
63
71
39
65
39
54
1
52
33
69
40
47
19
39
28
60
33
72
73
17
90
63
75
34
70
66
3
96
10
0
0
90
45
32
82
68
44
35
55
23
62
50
42
21
45
22
14
47
23
99
25
58
3
99
38
69
13
85
31
78
90
53
7
72
52
76
18
79
77
79
23
93
9
15
74
15
12
63
97
79
18
29
98
16
70
61
25
94
14
20
20
10
26
2
26
47
98
32
97
87
82
37
12
19
3
99
13
94
9
10
17
91
31
84
22
7
30
49
87
37
30
39
78
40
53
4
53
8
42
84
77
35
82
6
74
65
86
57
30
86
60
48
58
75
33
62
83
3
40
44
48
88
26
61
5
98
43
69
24
40
97
29
16
48
