43552
5573
3924
31677
15097
26600
15220
35248
37126
19982
3984
41159
5519
23114
33434
22865
49559
37737
49556
24444
31510
18998
16242
28379
22022
25282
10506
45629
25113
20283
25854
25161
13501
29419
33744
6206
7763
13370
42030
44900
1881
26040
27453
18548
29522
42002
19008
29191
40713
35117
26965
36845
23978
39869
33513
20279
23433
37112
45112
34056
12048
32548
24531
7931
25313
27565
27095
28362
12968
41823
12066
41447
12054
15431
33534
13486
6017
30210
48967
38661
12057
4294
26107
27835
47615
31930
14591
194
43127
28826
1862
3244
30050
1573
19829
30844
2403
39698
42558
30334
7022
26864
49367
26207
25668
13183
6523
4932
42231
7997
42222
12383
25776
20453
47958
3072
46236
42677
12538
38969
17498
37077
18967
9821
44011
47540
14277
49059
28667
15706
16029
7143
38776
20865
4267
38772
24841
49763
26292
22801
10007
9182
36261
6600
36413
11382
7313
27155
19312
37499
13965
824
46079
16102
47719
30607
5566
38050
5902
16163
19775
44384
25279
7888
16606
44509
8556
13545
17478
1151
13095
48978
49084
33261
11113
28768
29094
48663
30881
11727
6084
35578
45928
31282
30833
13740
37951
16758
27866
2877
2316
14910
46531
49649
31182
1983
29515
36869
43794
16080
