84
90
20
27
69
12
46
45
59
65
5
86
60
31
93
72
31
15
48
66
95
65
90
66
56
15
36
33
32
19
42
90
67
11
44
0
41
14
33
5
95
30
42
13
46
96
48
19
11
80
86
77
81
73
0
43
78
44
93
32
85
77
59
2
16
34
54
69
34
46
73
52
23
56
92
62
61
80
62
4
28
60
76
22
10
22
13
70
21
4
28
75
33
55
26
11
31
88
98
24
64
92
30
29
25
7
22
67
67
98
64
1
32
35
22
94
74
71
65
40
10
62
96
34
8
76
8
13
79
54
72
67
99
61
99
78
23
53
7
83
77
70
3
99
97
18
47
48
6
66
55
34
86
43
58
54
88
4
94
38
2
91
57
58
47
52
73
59
36
32
95
37
30
3
72
1
15
3
51
21
39
55
94
0
38
93
57
25
10
85
49
96
40
14
17
68
63
6
23
96
70
41
81
7
40
55
83
86
12
17
81
39
35
51
30
73
16
58
43
14
37
57
6
60
51
87
84
10
24
89
79
21
83
45
84
75
5
28
16
51
12
29
97
57
94
9
15
97
50
77
79
29
27
49
87
3
5
90
16
80
50
58
45
71
26
36
61
24
63
1
26
62
13
29
18
20
19
64
18
17
44
20
81
80
21
41
20
43
49
61
68
91
75
98
89
71
65
42
9
92
50
87
9
18
37
39
76
76
71
49
68
45
53
59
89
99
17
2
68
42
8
83
4
98
25
50
26
14
85
91
11
69
48
56
74
54
82
93
66
63
92
27
97
24
19
63
46
47
74
0
69
31
84
64
60
47
40
74
85
88
78
70
82
44
38
25
27
38
2
1
87
37
72
9
56
82
23
6
52
35
41
88
36
75
91
39
12
35
52
53
28
8
82
95
89
79
7
33
78
53
