54
96
31
1
63
6
22
0
68
78
92
13
67
17
80
34
97
42
7
8
17
32
45
30
34
39
38
60
94
98
18
19
64
10
80
44
97
42
30
91
91
33
96
28
1
52
34
88
70
62
89
76
86
53
99
32
82
16
9
87
2
32
23
42
99
26
58
73
12
59
44
30
8
70
61
54
96
4
26
29
43
51
24
58
59
36
54
68
95
14
78
45
28
7
62
79
39
21
33
70
4
63
69
37
90
49
57
13
36
41
64
31
43
88
63
5
72
4
66
17
77
94
83
24
16
3
25
90
85
60
46
6
71
46
15
97
74
47
65
31
11
48
93
45
3
55
19
44
27
55
51
84
91
10
87
41
68
81
65
75
94
81
56
27
82
50
20
23
52
75
47
72
79
20
50
26
55
38
79
14
39
95
52
49
27
74
83
25
0
23
69
73
92
75
82
57
25
5
7
65
62
60
85
15
2
86
11
50
33
86
47
80
72
9
87
18
21
41
35
48
90
76
64
83
89
18
81
29
35
66
84
16
56
56
61
66
20
8
67
37
93
99
12
93
35
6
67
40
3
61
53
24
84
71
9
29
74
49
85
48
58
2
40
59
78
11
36
69
71
92
40
21
53
13
0
89
22
77
88
77
76
57
12
51
37
28
38
98
22
10
95
15
46
73
98
1
19
5
43
14
