43382
41630
4768
10410
48583
43787
24164
47639
41316
17268
10084
25661
30319
44488
35143
9146
49418
19588
40496
800
33121
43365
8954
49350
31671
5495
1886
17610
30464
28663
3743
17312
8345
47836
12193
34665
12098
17673
18663
2345
12337
41522
30353
45070
860
44829
21067
18019
49123
20442
37014
9809
15149
15971
7155
30952
42439
12933
16797
33341
13638
19254
18757
18198
15360
27664
22263
19162
12636
21146
14567
31464
7437
26150
8485
2302
31935
24684
48601
7290
35166
20752
30071
8603
2387
8706
39505
21368
14451
33996
29747
32337
16358
14728
48333
38577
708
39081
29937
36083
21107
48641
23732
15084
15407
15243
43471
27157
30949
26782
23811
732
33531
2229
29950
1466
47086
2220
16647
6958
31504
25291
4195
49987
24570
18437
43847
29766
6731
26313
20490
23457
39231
22019
10718
19381
10627
38890
42560
35536
37371
743
30279
12690
18032
42420
10124
42995
33819
1428
7796
4098
1997
6584
4470
26599
33190
44176
1189
25769
12762
44311
12430
25841
49569
28402
48430
25142
18756
13648
44205
21518
13267
5360
2463
47926
30143
48036
33851
45457
45884
34386
37888
32048
39935
40897
1501
30925
30637
4782
15215
42547
10745
4864
12668
9196
16862
31184
37610
1823
34783
33319
16318
9229
31912
45086
8319
45915
23014
35773
1105
44790
10633
5856
28432
2169
29373
13890
41299
35312
33009
37902
30577
49291
16670
38008
29742
18346
18612
9406
21411
27171
16535
40214
48427
16586
13519
40660
16965
23910
42691
2912
14228
30684
16813
19031
33939
33058
4104
9771
16514
4149
1285
42904
9737
21860
40613
10842
5166
45959
18153
3916
20570
46789
26176
11568
46714
14833
6989
41001
36453
2095
34915
43124
37129
7585
33059
30308
36761
40652
36902
16302
37290
1646
2738
2873
33242
16947
4264
39775
42382
35180
23641
5063
20506
30182
7323
47544
42832
5924
39884
8145
5209
40085
6520
49920
608
27484
23386
33744
717
19616
36546
20491
28751
23921
6130
3998
8875
48960
37912
7375
2949
47291
40316
20080
2007
22682
40378
35132
44269
24210
38021
11760
2721
48879
17503
12275
37135
45912
46322
47144
25602
26775
26861
29802
31132
32828
27144
5129
4923
25141
39707
27756
38277
44256
5172
24930
31563
27540
14820
20367
324
1229
49133
22202
9832
36579
13008
2664
49062
39283
11354
21560
36578
33522
44277
34768
38872
16595
23925
38485
35377
3341
44088
28524
11612
1109
22361
1059
47999
575
10505
1838
5430
45472
43668
36108
18813
47348
