18
16
45
32
11
71
14
44
43
34
33
60
95
31
86
4
47
93
13
26
69
44
60
89
13
73
53
34
36
59
73
6
89
70
10
30
27
74
76
82
33
88
5
38
97
18
70
97
73
8
84
12
46
91
91
26
87
21
77
39
53
48
87
67
5
21
4
22
96
86
94
67
18
6
20
29
85
15
59
12
58
11
19
30
55
71
3
31
45
9
92
90
83
71
26
75
0
69
67
7
52
86
8
54
19
12
54
29
52
86
3
8
96
33
1
56
17
57
40
11
93
39
89
90
7
22
57
19
83
32
48
74
15
91
9
50
32
35
46
5
82
42
22
44
97
9
91
37
10
25
98
82
76
40
54
38
66
82
51
59
58
11
92
62
84
28
65
74
4
19
63
82
98
60
49
18
41
39
42
37
30
62
10
19
31
38
94
0
2
61
27
47
40
55
26
47
80
96
21
63
72
55
6
62
7
20
68
41
64
31
17
37
28
1
56
16
27
90
78
49
68
75
14
47
46
88
92
85
83
75
67
57
98
99
27
50
7
64
48
35
94
88
43
85
78
24
46
78
68
93
60
16
3
6
32
45
96
76
4
64
27
72
34
24
13
77
1
83
75
99
3
50
87
44
50
68
25
99
93
81
74
28
51
23
81
33
64
15
81
42
36
44
14
29
2
13
60
79
99
10
28
65
17
54
92
20
35
98
1
16
55
41
49
54
87
43
61
29
22
58
97
72
24
92
90
61
39
65
3
29
5
66
80
24
91
31
2
79
53
4
87
69
94
33
98
83
64
45
51
78
75
70
42
41
53
11
58
23
22
65
73
78
90
55
66
68
36
71
74
0
18
69
38
48
84
61
58
95
52
89
85
35
59
0
34
30
36
25
95
37
84
15
8
9
25
89
81
88
73
49
21
9
57
51
79
93
97
21
28
0
14
20
71
2
23
63
50
20
94
72
10
26
32
80
80
67
51
25
95
65
76
85
77
7
36
8
5
12
70
24
48
42
41
88
62
56
40
39
17
77
70
47
79
1
79
81
23
56
45
43
34
12
69
72
59
84
76
15
53
35
99
2
46
62
95
57
63
52
13
17
63
23
86
37
43
80
66
6
56
16
40
14
66
52
77
38
49
61
96
30
