94
49
82
27
26
3
76
73
42
72
82
79
16
10
2
6
62
88
45
23
17
69
68
86
85
90
99
48
67
32
21
86
95
61
67
7
78
42
6
22
96
54
25
70
69
50
34
9
43
12
52
67
2
15
47
8
29
46
37
83
18
89
36
33
9
5
11
3
90
32
91
36
35
87
46
19
65
56
94
92
52
38
24
9
13
28
83
62
29
79
88
1
7
45
59
84
15
64
84
53
55
56
48
41
31
6
79
95
77
37
0
50
58
71
51
37
93
39
61
55
11
22
89
76
45
26
96
61
80
94
28
54
1
19
33
57
68
51
2
73
89
25
48
44
88
23
38
20
0
15
66
46
78
59
98
55
20
4
63
13
0
58
1
8
66
69
90
43
14
76
29
58
31
57
28
47
30
74
19
31
97
33
78
4
72
86
99
80
51
80
38
18
84
16
60
41
73
10
91
68
81
63
75
41
85
75
70
93
60
85
12
20
75
14
96
21
26
17
36
44
95
74
24
39
30
98
22
70
92
72
34
18
27
27
50
14
35
3
34
62
97
43
97
74
87
24
63
49
16
66
81
25
5
99
60
17
93
12
13
23
91
42
30
10
40
65
49
40
52
53
71
5
71
11
56
47
8
87
77
40
81
64
77
44
83
4
54
59
64
35
82
7
98
57
92
32
53
39
21
65
