12785
1135
45051
32271
48620
16079
44294
24972
34314
43791
5647
11766
7151
3166
41697
34515
30680
4011
35767
25486
36433
13412
695
1869
30585
25540
39051
23309
41881
26239
17485
38650
16625
4461
4956
31734
30447
31964
33349
18358
49878
17397
16652
23020
17058
282
5107
46073
5152
43023
4442
921
4748
31765
44682
42286
31162
8461
5551
32244
46135
17957
5604
49348
37179
26695
9831
4575
4517
18317
18155
42324
35305
5202
36863
15812
33780
16241
32890
1029
704
13421
4579
25737
5883
40722
3827
44031
21478
25901
15608
12105
15966
48368
44446
15937
49541
24294
40776
31948
5463
5002
19194
3932
34302
29790
30967
48234
48573
17083
1809
21276
45614
34035
17020
5021
40151
7288
2445
585
22990
32462
33011
27944
3747
5630
24914
2759
48425
11747
45304
37169
27355
5185
30261
32497
10376
38648
7954
21724
17768
39841
2721
20111
18827
221
13930
43770
29005
750
27120
37120
21159
19798
10741
18769
23469
44876
36378
8666
28964
38517
1929
40309
37717
48148
20872
16236
44404
35901
28223
7027
2837
29920
25292
38434
1092
18820
2641
33400
15803
28769
36840
4042
33571
44244
29577
38398
28800
23164
40527
24447
15522
43486
18188
18033
46422
31984
14997
13130
