12498
29476
15094
18035
43574
4366
46875
164
19978
37601
27797
38803
9362
1336
13647
5489
39987
44604
38665
31079
33832
39994
28009
577
28427
48115
8724
3861
38381
24743
23804
2865
39954
22446
4142
41399
26981
28899
7768
49846
9157
33847
26072
6975
24415
10074
613
25098
18818
37820
35587
31999
22255
6548
39138
24206
37420
4627
47244
40944
1572
24111
3093
35893
8881
44295
42592
49648
16408
24941
32765
49223
14032
31001
32352
2012
5106
11821
26233
44694
21537
47728
31176
47156
39153
29872
1680
36374
29663
4134
34824
5499
40384
22984
3169
49279
43094
45623
8081
14723
33341
20402
48807
41295
28868
2541
8373
49297
39158
11991
33920
28710
4043
1976
36754
49403
17980
47992
10921
13057
25417
28996
34345
4738
46075
6170
12067
7886
1293
14194
34857
28945
31745
27296
3761
44446
32215
6473
21297
7546
39075
16019
8675
36205
45938
25979
18144
21356
29553
16248
46626
25963
22892
26605
49876
7293
39088
47489
46566
21045
28364
44559
20592
13542
47712
39213
46632
34647
1942
1881
31875
9643
42287
41230
11207
45098
7294
17810
36129
33538
2263
37443
38272
19755
5581
16985
41950
35688
271
4593
42338
47768
47312
9431
38729
33703
15479
13446
37584
36198
30494
15636
8603
18457
15957
12940
11574
47813
13853
40368
20722
38764
28070
5151
35185
33685
31081
35825
7717
39877
24930
25615
27178
19305
36695
2823
13889
1239
12898
30188
10766
8721
13900
2630
16883
1005
3343
38128
32107
36365
13943
28516
12822
4432
45373
11879
27676
27307
13606
14281
34828
6087
25145
6757
21074
475
48766
47459
45015
15323
47920
16699
25096
21177
31489
8480
16871
24986
3058
40242
44110
31162
40348
4526
34201
13136
26032
9317
45167
35906
4721
25512
24974
16560
36299
8107
39108
20881
7772
47100
38087
43468
38532
30024
15386
5773
36866
29715
31076
30449
44202
45743
35771
37996
2240
8963
41134
48997
5444
5874
33229
1636
34396
35402
31213
8590
38882
34084
20752
27553
30325
10316
15592
49545
3322
46457
13417
30886
3986
25636
43639
34678
21616
9023
28146
2455
26940
25695
7154
4077
48931
29911
30563
14963
40302
8799
45114
45674
5237
47057
49120
12058
47207
21997
15845
2212
26222
44333
9201
20467
3097
42989
40522
42438
30801
44666
16200
43521
28289
18502
33472
32838
31007
46567
8066
1090
38384
11899
17109
35219
12559
15869
49929
27260
45241
5728
15786
40342
36267
33295
27548
47214
42348
29595
23707
49036
48402
4316
40047
25494
19735
5472
6573
6481
49744
37437
41296
17769
27837
35403
36238
487
38230
21447
36341
20629
44876
47123
7036
37490
42461
29474
45975
48163
36357
17026
26845
40961
13837
33951
4342
42805
39551
28546
42480
13493
38521
30484
30980
8196
39526
45118
12892
44565
16905
34219
12407
28902
1015
47958
47480
34200
23115
28782
42150
48242
34489
26741
21432
39238
17557
32090
5830
8443
14344
5842
28505
32936
5674
5082
18104
25070
32740
49870
17581
38531
3409
35892
32188
30394
34082
40804
20649
30398
49883
29996
47039
43427
27650
4296
530
35521
7050
25367
27150
44615
32466
44716
21696
46203
