34
41
80
15
7
70
40
94
89
60
78
52
4
75
26
20
64
88
12
81
3
98
0
27
96
45
36
50
52
17
35
87
91
37
49
1
84
51
25
67
69
46
92
2
58
47
19
10
37
11
82
54
13
14
77
30
72
28
46
89
29
70
76
20
47
35
19
65
18
16
86
94
59
58
32
3
75
45
5
17
64
87
99
33
57
43
67
74
73
9
56
15
54
90
97
63
30
6
66
61
78
77
73
5
99
71
55
23
12
1
4
85
76
39
21
2
83
91
41
53
93
10
96
14
50
25
92
95
42
81
7
0
18
55
68
95
27
98
42
65
62
69
82
16
31
43
11
13
49
24
32
72
74
44
36
57
8
71
85
31
88
80
21
22
8
39
29
62
53
93
26
86
22
97
38
84
83
40
38
56
48
60
34
28
9
48
63
68
24
23
61
66
79
33
6
44
90
51
79
59
