20809
23625
26562
12278
46538
26142
2792
18369
28
20955
19839
2957
22372
24563
27810
6439
23085
49341
5271
47774
47497
6634
28074
5967
41969
37311
37099
36907
44686
14545
15071
34153
42809
30723
24855
5819
19865
42965
19935
7341
3681
34847
33144
25286
27213
27060
46124
40703
46278
11378
4088
43880
27627
19945
32268
27526
26780
35976
11145
2744
17748
36857
23912
1243
9531
49591
15383
2241
584
1968
39392
33223
22257
22024
49106
10097
18691
20038
47324
17526
43730
43172
24967
7246
42770
29783
45226
34030
26458
2261
41935
39694
4085
8369
18512
16444
10884
33143
29476
47348
12117
36843
1942
42429
10188
27791
19085
41274
49562
43474
20889
12332
40385
11302
21891
2948
35143
39279
14153
39153
32563
40292
42205
5939
5421
5801
15498
13110
48143
2298
15802
8146
5850
44006
7284
48847
46683
23720
47521
31433
26505
37633
19701
27996
25840
46838
44806
16775
24134
43953
6020
29342
34923
37228
42553
32965
37971
4846
19974
23785
26819
15471
25691
13482
12559
22197
13374
10585
35458
39465
26854
12895
27670
23343
48510
41204
43605
28511
31690
7204
11464
154
1842
48971
45978
34195
10306
32152
39141
16948
42757
32565
16127
39154
39554
21555
46291
49753
6890
8710
39604
2735
28323
9713
43476
26357
39491
42068
34100
28272
41561
2747
4407
19377
15540
48055
33567
12242
7211
12320
31583
3419
48709
45674
21466
48054
10992
14278
35349
27914
3439
40363
21984
1239
49067
38250
13310
21791
41972
21988
26191
3397
12853
43843
24564
47565
33146
49659
7826
29934
14377
2760
34788
27379
45827
25706
37319
49331
22900
10179
49794
11588
48748
11858
8872
10695
42122
16366
21098
23848
31778
24432
20100
10710
3426
45705
9101
41508
43694
20591
18666
6879
47389
27546
44457
25514
17707
31685
1531
28429
7415
18441
31067
49883
37479
23738
16757
37909
7893
49003
