44876
43486
48215
37226
24161
42894
42286
44294
26239
39841
30680
17607
17058
33430
41065
2641
13930
34135
16433
18827
48573
9886
221
44355
36342
4956
40151
2759
25737
37179
36433
17768
47428
29145
30967
23164
18155
14997
38517
5107
5202
32063
35901
17485
19924
27944
32462
33780
45051
32710
42635
29577
4461
48425
15214
17397
15639
1782
2445
28223
25540
40776
18358
45614
15522
17957
40309
5647
32271
8461
16245
44378
49436
585
3166
16241
16652
6998
18033
16236
16797
12785
3827
30100
20397
48620
22990
27919
16625
34035
46073
33400
8399
30543
5070
35721
49054
26322
1092
48148
40595
32497
49878
35055
25901
36378
44031
31138
7288
49541
44404
23919
3313
13428
41881
24914
2721
27120
5630
28800
23913
20994
24795
22876
36863
1638
695
45653
19190
704
49640
44446
43791
10376
21237
46135
30447
12323
15917
18188
25486
4442
42960
1252
38648
39051
10741
32890
43904
1869
38398
29936
31948
35767
1929
15812
33571
1135
1029
2837
17020
37453
4889
44244
16753
19798
37690
15803
31761
15937
20111
15250
11174
7151
25032
29920
45304
16079
29790
5604
26695
23309
3932
40722
5948
38300
7027
13528
27245
31964
7954
29005
1809
42324
13412
27340
37120
28769
5152
34302
11747
2859
571
3747
43023
4748
282
29953
29688
30261
35305
18769
39466
4575
32244
15966
46422
21159
21478
43142
38650
4042
44043
8666
4579
7907
21276
43770
34314
40527
37931
19630
28964
25292
921
15608
44682
5551
13130
27355
19252
49348
37717
34426
33011
48234
31734
38434
36840
30585
5185
750
37169
48368
24972
4517
13421
41697
13296
24573
24447
41703
20872
5883
5002
11766
34515
12105
31765
19194
23819
33349
5912
18763
5021
31162
28591
39500
37473
23020
24294
49165
35441
11446
31984
19219
17083
23469
20763
16900
6344
4011
18317
18820
9174
5463
9831
47713
6195
21724
