22
16
60
77
63
38
56
24
56
87
5
83
26
18
86
92
71
94
5
67
82
97
9
52
14
76
57
41
48
23
19
73
11
37
55
55
97
22
43
15
38
87
90
51
85
75
4
10
85
33
1
99
77
36
75
39
24
31
90
8
73
89
7
83
27
16
41
10
39
91
27
75
44
10
51
13
32
23
23
74
11
93
12
51
44
63
75
70
40
32
8
97
93
55
38
92
89
76
69
62
86
33
28
54
89
64
49
5
26
24
47
66
46
72
41
22
61
19
6
34
58
20
4
6
80
91
24
58
33
0
2
59
35
49
94
96
26
54
50
62
50
9
25
64
21
35
2
37
20
34
84
78
18
39
67
92
41
89
68
34
9
74
98
88
30
94
58
45
20
61
7
40
53
60
82
34
48
15
43
30
17
1
49
62
14
53
4
87
85
69
98
56
48
68
83
57
99
43
84
11
81
73
96
0
29
27
81
7
42
69
46
58
81
45
59
35
18
37
12
3
17
69
78
99
13
35
67
59
61
14
55
32
96
91
19
68
25
44
98
1
20
5
16
52
4
86
22
54
13
36
28
8
72
65
40
30
91
79
48
95
3
36
6
66
80
31
90
39
3
98
67
6
70
81
93
42
76
72
56
63
77
53
52
66
14
29
28
74
77
95
68
45
0
23
47
60
84
72
65
88
85
43
74
1
42
38
46
32
94
47
80
19
11
12
31
88
80
88
61
27
12
71
64
92
97
26
36
0
17
25
3
28
79
63
25
93
13
33
40
84
64
31
95
82
9
45
10
7
15
30
60
52
51
78
70
50
49
21
87
59
2
29
71
57
54
42
15
86
90
73
18
66
44
99
2
57
78
95
71
79
65
16
21
79
29
46
53
82
8
70
21
50
17
83
65
96
47
62
76
37
