41
87
81
42
68
81
38
77
15
62
43
29
56
88
63
26
31
63
67
49
89
34
51
65
79
13
49
80
27
67
34
87
39
80
65
18
3
94
75
32
74
5
89
71
44
99
53
96
61
78
98
19
72
95
53
97
36
64
36
22
54
82
95
25
92
93
1
94
75
37
78
12
9
41
44
39
33
10
69
45
24
15
58
9
31
2
76
42
23
97
82
79
40
3
98
54
23
51
50
66
24
6
4
59
13
5
48
52
61
71
54
20
2
70
95
47
23
84
19
43
85
17
25
28
0
1
73
18
8
62
11
93
68
32
88
84
60
21
33
16
77
57
94
0
6
92
42
86
71
80
69
93
73
78
68
12
28
45
7
61
24
51
63
56
75
38
30
70
64
13
6
40
59
55
92
55
10
83
58
21
37
22
2
20
66
3
11
56
22
57
30
86
9
30
70
88
49
26
10
67
73
90
97
31
99
74
20
35
47
82
60
40
87
44
50
85
72
96
74
58
8
43
96
57
72
91
14
1
79
65
27
35
81
7
17
52
76
17
48
90
28
14
76
4
59
60
50
0
12
62
46
46
36
85
41
86
18
99
98
46
83
5
11
7
8
33
16
21
48
29
84
38
90
47
53
69
14
91
26
19
66
35
77
89
55
27
25
37
32
91
45
16
15
83
64
52
4
29
34
39
