1
18
39
43
37
28
8
41
51
59
99
10
80
55
45
13
33
72
71
38
96
69
36
46
81
78
89
35
74
12
17
31
90
98
76
32
64
68
39
84
55
79
32
62
54
15
46
65
94
92
61
53
57
54
97
75
91
89
72
31
63
4
47
93
23
47
62
26
52
43
97
88
48
68
58
84
80
5
6
16
3
61
60
11
57
9
91
41
6
33
66
36
20
95
85
86
69
0
99
67
10
77
23
5
50
13
52
44
83
34
38
70
26
30
56
86
22
3
82
95
66
28
16
85
2
63
88
9
87
75
45
73
65
92
15
24
11
14
2
21
29
94
37
40
49
93
25
74
98
17
51
42
24
12
34
64
29
1
42
19
0
14
59
30
60
83
44
18
76
79
27
49
73
58
35
67
8
96
40
82
22
7
7
27
4
56
20
50
25
90
48
19
53
78
81
87
70
71
21
77
