19
30
9
19
76
39
24
16
8
45
20
5
68
4
87
77
28
33
37
49
32
95
60
51
6
52
94
82
27
61
43
10
66
13
41
15
56
11
61
21
41
71
78
75
48
13
51
55
50
29
62
12
59
35
86
98
80
91
83
38
6
92
22
46
17
26
88
58
63
78
18
57
65
33
46
36
30
85
7
0
42
95
80
57
35
53
89
38
69
72
47
54
47
53
50
70
44
25
66
60
64
82
55
5
56
7
31
40
71
84
28
22
73
72
64
70
62
74
8
23
93
34
96
69
85
14
43
90
81
16
88
2
32
90
2
10
89
9
67
23
29
17
3
92
31
87
1
91
42
68
34
65
94
11
83
73
52
26
27
37
77
67
99
63
97
25
59
74
79
14
18
76
97
93
1
96
58
40
84
54
21
98
3
12
36
49
44
48
75
86
4
20
99
15
24
79
45
0
81
39
