4
36
77
9
46
19
13
12
34
73
50
54
28
68
10
78
18
83
91
87
68
11
8
2
37
64
31
4
41
51
23
16
38
69
33
14
39
74
9
72
24
17
95
14
85
5
3
49
1
23
70
67
97
29
79
7
35
47
92
20
0
98
1
43
34
80
87
57
0
48
42
45
93
75
86
27
94
96
85
56
66
6
57
62
99
22
13
88
27
71
25
72
43
42
15
78
88
64
70
30
50
63
58
55
53
82
61
73
19
30
62
21
32
31
39
25
54
2
90
59
77
83
75
46
55
16
33
65
84
51
28
81
40
21
52
5
52
90
93
76
37
24
89
7
98
26
18
84
35
63
40
59
45
15
61
47
74
60
92
82
29
8
17
41
56
26
71
36
12
20
3
44
60
44
76
22
66
69
38
6
65
94
89
48
53
99
10
96
86
81
11
91
49
80
67
79
58
95
32
97
