24432
10695
3083
43476
17707
19701
21576
30820
623
15540
26357
38250
33143
12559
16444
48748
42770
13530
1240
34030
24837
49794
12278
10850
42553
20889
37090
19945
33144
1626
19865
13310
2298
38296
22288
29476
40891
154
1243
16757
31685
7415
47348
24855
31583
10269
21984
13482
39141
13966
19473
19839
2957
34923
18437
35715
29746
13927
37935
21466
9531
2948
41750
34847
21238
18603
18666
15383
34153
41204
18925
1239
3681
49331
26780
2744
48032
7826
41019
4378
10155
46522
5421
23785
25840
3880
42068
47893
7893
37479
4846
18512
1942
20487
48971
11588
6879
31690
20955
28074
27060
1531
47001
11302
30485
9713
3348
27996
46291
28323
45226
12273
21052
11031
39694
41875
24134
28268
47774
13374
28429
15802
41274
40703
41064
5850
24090
14288
45918
2492
16775
22860
10550
10294
3419
45674
603
26372
46278
24563
26054
43694
5801
35349
27810
7870
32268
43843
4085
11145
49883
14014
26854
49003
16174
20809
16286
37644
4676
8146
40339
18441
39392
47282
26505
44457
16127
30356
37319
26288
17526
49591
26562
42757
12332
42321
44596
42429
43880
10179
35805
7246
25973
27495
2792
5575
12348
27914
20774
18517
7629
25691
10992
10097
45827
6439
13175
16948
20591
5967
47324
1924
25706
7284
22257
11037
41935
16063
41561
16366
45978
34126
43172
45394
32480
43185
42122
23848
41775
21982
43605
41969
31336
36897
39604
8658
32099
18257
33223
5168
23625
5271
41508
47410
40292
35637
29703
39153
36743
39154
23720
25873
3428
14187
3397
31903
29342
18158
33197
19481
2735
28511
18369
32563
32965
7211
23343
15877
45705
38712
6968
48915
26142
10806
49753
38101
20038
2760
2261
29783
5631
9230
12502
3087
1975
43474
43730
36695
8621
5308
6634
14278
26458
44309
12320
46683
12105
18691
7341
40385
23085
12895
24564
13110
49341
48847
12242
32386
7204
8710
8872
8369
34195
4088
21555
8428
10188
26804
32307
20100
24495
28532
12763
3144
28
18351
46587
43953
27670
36907
36857
33146
106
24171
21891
5939
48343
31778
21988
35749
35288
1511
42063
9101
26819
49754
3426
19974
37099
23912
18992
10669
27213
34100
29487
14569
49730
27546
44006
2219
22351
46124
47497
17816
32565
6890
16452
44806
30580
11464
2747
13739
1908
27627
30723
43292
30440
12117
40203
22544
14153
10388
19085
43455
42965
19935
15471
873
39465
9603
48143
30895
49562
32152
40363
28272
44856
11378
15138
27145
2328
11858
31433
4491
21259
15498
25718
35458
37792
16594
48054
22900
36843
48837
37971
35143
10710
36396
22372
14377
40686
48055
47521
23772
42895
26191
33567
12853
22024
29934
41327
22462
10884
2241
10306
14179
11146
5819
27526
19377
584
37633
44686
4407
17748
27791
47565
39279
25286
48322
48709
41145
26761
46963
1968
36202
21791
41546
10585
33034
3439
38166
43347
39908
48510
47804
34788
37228
21098
12172
49106
24967
22197
35589
39581
35976
14006
39554
25216
46538
49067
29690
6020
12114
47389
23738
15454
48021
10502
21921
39491
15071
49659
27379
42809
25514
31067
41972
11716
3684
3315
15941
14545
1842
37311
32644
46838
42205
44036
37909
