2846
44233
9339
845
38605
16237
13764
25593
18737
32528
38394
39648
33034
36081
46711
33258
13483
14879
14876
11216
47622
11672
43243
33947
38885
9528
21032
48845
14762
14118
13564
44342
16711
20255
45586
23776
26990
18474
32062
1882
3902
17986
20278
21656
2417
7848
197
31455
35796
2691
12875
79
11024
13924
4527
35560
16202
33311
12403
43916
16832
11913
43219
17804
25228
3974
21216
11373
35143
772
44865
2134
24684
46048
15281
14089
42929
28401
1005
29667
21488
19706
26913
37667
19410
42355
33018
37649
14366
4705
27157
31457
4004
7622
41445
49793
29035
6263
21314
23427
2153
23728
23804
1694
366
8150
32396
35344
48236
16858
5359
38593
172
3307
31688
18169
17956
29073
12818
44723
49217
43542
36545
2026
36465
35017
23330
7474
38056
20134
49282
32337
46417
35609
11599
20050
29404
7587
7847
10448
25951
41287
36446
32239
39557
19932
44127
16814
27391
30082
48456
26190
13695
7711
12902
10381
36579
1663
5727
7298
24482
15620
31917
11975
8658
34249
38925
19832
41824
2634
26977
7312
38852
21839
48990
20223
9826
47515
47819
3666
3586
39202
42990
18676
41011
18515
12721
8727
27371
25360
23006
19084
36300
25824
7866
4505
7662
21717
17655
27317
29895
1755
798
31219
9279
7443
39650
36778
9997
22404
31412
4873
23743
4903
1027
21594
14550
1997
49093
44120
39861
3886
6356
18282
41935
35467
30351
29816
46347
5059
23698
5631
45382
4600
516
30332
42174
19701
28701
21309
30866
19558
6620
41001
36831
39694
15858
24338
29351
37515
34164
38604
18310
18996
28796
34018
13354
47896
25370
39647
45116
1355
21446
6536
2971
4423
40251
6168
36997
13055
42938
36416
44046
38806
23323
7727
8206
8803
34161
37831
20839
2231
13689
24822
44655
46704
22791
44375
11247
23982
44061
25231
3495
11345
31933
21625
49575
13744
8028
15019
24741
35786
28869
27635
28243
43341
36211
14594
34905
1443
86
18217
42155
6519
34765
27728
16642
18495
3809
32226
29951
7720
24850
19201
37287
34028
36485
22736
1969
16679
4232
14956
18970
24764
26242
14082
16032
19088
23155
38724
24971
51
46882
45126
13204
31945
3270
4529
43378
45265
2876
38455
35222
28874
14131
34807
8241
7405
45112
46184
15675
28787
12792
6333
3222
41042
47228
28005
30897
5436
26297
25326
37601
38189
14686
43903
1139
5900
35287
47539
7582
16806
37346
6886
32493
42113
2663
3881
17551
18458
26528
31788
11847
20827
31018
4653
19763
44237
30393
2626
