46
91
23
56
77
30
10
70
13
45
41
24
11
77
62
75
31
57
8
93
26
74
54
26
99
96
75
12
73
84
61
97
28
95
71
36
4
1
65
64
51
31
17
4
43
90
76
2
77
32
37
18
49
67
24
22
11
25
16
80
80
96
38
50
81
94
5
0
90
35
20
49
20
17
45
78
90
24
46
9
59
9
83
78
3
68
7
10
1
56
89
35
6
72
21
76
28
49
76
38
26
42
65
43
39
48
7
53
34
88
54
39
22
69
44
18
71
89
19
11
55
64
47
30
69
57
16
23
33
52
44
71
10
46
17
87
38
87
13
29
82
50
37
90
45
41
73
19
39
61
2
14
44
36
95
43
93
40
66
99
59
98
1
67
54
74
85
44
60
63
15
34
40
25
55
45
47
37
58
79
92
58
58
78
74
77
84
92
28
30
5
4
57
65
27
78
76
34
79
13
6
50
24
76
63
52
56
92
55
86
99
98
39
30
52
23
66
80
65
83
94
86
15
61
70
22
46
25
60
61
40
41
1
28
3
95
42
81
88
35
82
30
85
16
15
21
2
75
72
50
2
9
51
70
74
37
79
13
12
72
83
98
93
35
11
67
25
53
26
74
86
66
14
18
71
72
32
65
47
21
51
19
0
4
62
9
48
29
8
69
48
95
69
52
94
48
88
3
29
7
77
40
42
67
60
18
6
29
73
58
93
1
82
86
7
59
91
87
39
45
81
89
62
83
60
27
43
63
8
50
68
62
49
9
91
99
19
28
12
59
25
31
41
97
23
55
53
32
55
16
83
22
12
33
15
51
85
22
84
93
14
5
58
31
56
14
91
20
79
75
13
64
87
19
44
96
27
48
5
97
35
84
18
54
36
53
64
32
10
6
96
17
78
15
46
68
60
90
49
73
69
81
4
89
89
2
97
88
97
3
81
27
82
52
0
47
26
87
85
0
20
64
21
94
82
0
8
70
11
96
33
66
72
43
99
42
29
17
32
62
57
7
66
21
47
20
36
24
95
68
98
38
63
71
53
80
41
92
51
75
73
6
84
23
79
8
85
33
70
54
56
91
12
94
67
33
61
5
31
42
80
14
88
36
37
40
34
98
38
63
34
86
68
57
92
59
16
3
27
10
