60438
46089
121836
6061
113519
2020
31678
127706
127019
86854
30349
58514
17516
14261
125424
90286
86472
100890
70241
60948
67137
107924
79156
7494
4047
111648
111332
75007
9196
51936
114711
71606
18665
28417
105843
77340
6832
44854
38101
72555
85270
32942
49944
39751
123841
17115
6696
95996
7782
83725
29606
52373
18291
35214
18518
99104
110525
43328
86192
54158
71164
51504
96507
26072
81502
8590
35308
9116
119982
12793
46441
55111
114381
44723
106130
82590
67560
50585
127388
5167
85109
77428
65917
22677
62445
12663
74540
105166
69993
84745
34385
21030
27334
111520
9605
70977
83840
96379
72953
15038
38024
39815
70809
128804
77480
68427
8229
28686
116209
52994
9346
1417
24807
48605
26992
81321
17517
80728
115963
65750
85001
81307
129622
74373
97500
62605
111601
8417
75019
111574
16216
82493
47137
115118
115971
23057
31764
80229
73261
110888
92253
2416
1698
79768
106312
110302
6389
103898
92891
107210
82708
14451
104631
50498
89253
96663
9508
35893
93982
113250
104953
71423
12584
93642
64880
46279
5672
708
71874
13659
70178
94975
64898
41207
13103
95754
54120
127233
94704
43575
48873
128554
86220
103344
79253
104012
45950
17958
67208
21145
115077
121109
103230
89193
113867
50366
128082
95743
110346
30206
91356
104402
81575
111478
98913
128516
128335
31341
89986
63779
26620
41041
12201
47693
65324
106472
54601
10075
113672
41617
63308
12759
14798
103380
129739
120672
34105
67046
38209
22576
90469
47466
41442
69780
81815
113908
75898
31823
21754
6838
64355
126655
24484
17074
57987
17159
17740
78151
102345
108952
30188
42222
22003
125475
127162
59630
4038
49413
43812
72383
116251
61791
15843
105210
30939
33252
124255
123930
49147
16231
99673
93674
71075
54917
67815
62368
120874
27437
67232
89817
4932
81460
74794
73052
45436
16337
68444
64366
106922
75546
85278
59973
55871
32934
17853
108327
46496
104806
6752
109546
100064
44454
37611
102864
85986
93591
38973
94291
105926
19792
129542
99644
48552
86453
78624
83219
64963
98176
27622
126718
58246
18259
13141
3132
26677
31094
104279
87864
5603
88548
10435
129250
24330
129046
26858
13687
124593
110752
65321
49709
10497
78765
76607
83738
64762
113107
79086
24529
81380
51805
15946
12598
119591
25430
21341
91862
47462
126945
125967
15856
114548
78433
52674
106804
65744
3387
108051
42124
121828
11094
99901
92703
44256
78759
5642
8791
117016
46429
83892
22955
72460
51789
37372
25277
16728
76081
1145
12634
23580
20153
82252
5896
28606
30724
15517
48225
120305
97642
16723
105202
68026
28424
117984
95750
79984
60365
79502
103095
77447
12497
122049
48632
34255
44914
96334
91748
60153
105158
95001
26965
125480
118011
21128
12289
112452
70207
11370
123850
72767
72278
61587
75717
100470
6539
20016
122338
47767
20949
3770
52550
88072
42342
92294
64019
4480
66244
55018
111093
28440
125547
97081
1360
579
124742
33566
45381
116535
74452
80158
110954
126626
19818
12552
113487
85593
28423
18162
23479
100810
90094
121510
29400
103877
99228
120086
50714
93541
45457
120197
127491
55081
18038
50655
84636
86228
30720
54478
90078
42866
111898
120064
35266
128552
116976
30017
101464
74591
111766
41102
112330
56940
81041
52786
17029
38244
103296
64388
43300
53918
7099
52868
66057
68940
73705
50746
52928
13225
43222
108902
21252
47340
94370
111817
32870
103106
19332
99150
106673
111188
118871
40684
104573
77868
39117
20041
116841
117740
42971
41119
8632
80144
52958
66753
6147
123195
70632
65722
27073
96475
64552
8166
107448
25455
47187
61578
5800
96345
54129
91693
73283
115846
55171
94562
62350
46476
14340
83153
18582
33273
89414
65997
47529
7065
21877
7831
129532
22463
127607
109590
101758
115685
17718
42306
96497
15786
95096
111471
100122
55559
10240
124968
26517
37114
86948
89111
77112
1620
69653
79251
43440
57783
54125
75427
126326
75407
93493
63935
129854
63082
28886
7543
17126
32497
11874
106582
93804
75492
25796
91400
25840
15425
23619
16876
117784
36965
23172
3157
109728
92541
56640
28046
41204
60092
126383
10671
71316
101323
120142
89928
87594
118167
40012
63050
17736
2974
39875
119864
82376
97395
30039
118071
123954
51263
100512
46207
18640
45799
50779
90988
49372
33681
47090
60396
107539
72272
41825
69375
50010
59810
104304
110299
66100
57290
28622
10275
12895
62124
84583
2032
100183
112854
48410
10215
125558
4586
50521
71400
30770
22266
34445
69265
84628
79100
22386
63881
110971
76055
126628
74399
99087
98943
93594
101301
85723
82048
117887
68008
78638
10541
90782
70733
127264
13836
122408
108365
61704
102782
89767
71058
96689
93059
72015
45813
1095
50994
18023
94914
26514
14132
68577
9175
86641
103412
63376
123894
101826
74453
34066
27343
113771
19158
23863
25260
127105
64064
99403
128388
76549
68181
2560
47246
115576
108373
49320
115024
30586
6510
37290
88584
116771
44746
86314
129136
59249
3980
50185
100254
57683
83172
37039
116146
39882
70310
13566
44385
54348
88939
12449
32428
28520
38997
80130
35102
50221
126031
40931
24543
45669
125081
92448
123589
101674
113294
117257
105008
70792
53416
128853
49742
29104
70197
75954
113005
70237
49857
44688
122246
31307
92578
38147
41089
63581
125381
15472
128670
99765
66744
87055
11544
88536
75189
120994
14485
22473
63691
89575
53807
85820
3182
79144
27251
101176
110187
105075
13735
96862
64662
109701
63054
202
14112
37824
38170
29150
2620
13399
80254
96921
58476
85093
97393
46182
33410
2582
13676
33277
63396
27175
68560
20042
67803
29171
44067
84206
89672
109477
106801
42253
83290
75888
78125
17643
109736
124265
108646
10322
74563
62488
109747
5646
104047
20026
5684
20826
106704
118007
17372
126529
68963
31145
79941
39423
103584
108385
113124
54101
6895
83622
121479
18026
63555
31018
108140
2943
55222
81736
9397
99745
47649
107659
21667
78438
127752
6078
106738
128448
56970
76069
126478
76334
88164
123590
35498
39084
30918
33676
93506
74612
45549
35460
24370
120204
58790
89766
15744
106986
91447
5552
91702
104087
16023
101569
93218
44958
100634
115308
40617
121919
103733
17302
75749
72657
86560
108
57955
85500
75877
434
2911
36410
120978
86892
64697
18824
61028
54491
28006
33278
99612
100119
81391
57519
20114
82256
85183
46167
40687
44146
68659
66250
77981
73222
66634
103966
9655
65201
102006
51831
18385
32460
87294
79196
82886
112622
81799
116388
55499
16984
52501
7643
54721
11050
73579
124147
26616
11427
44090
5694
126015
44769
118094
63590
44321
95964
56184
114449
128290
159
69576
108868
43628
106427
94983
128397
79106
72815
55710
77543
127767
41253
56488
50970
76021
108401
114849
38639
70540
101852
59792
80308
46366
51248
98100
84860
78965
13575
89984
125886
11150
96314
52912
70767
113776
4996
76798
56424
66913
1483
76008
119866
87382
87499
23745
80967
7369
28709
19577
56999
70075
108216
119056
1855
91802
98345
72514
108413
98192
8485
95080
42024
39853
31735
127029
32136
103039
56588
13193
55372
120249
62900
10017
23544
48395
127768
85266
80744
124209
82787
70723
117148
104912
91084
76399
57461
41231
34248
85856
62726
65453
114495
4905
39154
96753
38942
88152
3878
67800
53960
88943
31729
125271
97976
103052
19372
3901
46649
76592
126953
102321
18299
89438
83733
2490
87607
43340
85435
24707
54255
26126
73191
95464
83817
120009
19247
8137
82970
76874
76190
118310
8814
46938
36267
101627
126605
33599
18792
60011
36158
53200
64025
3104
10106
3665
57469
32938
65866
19590
61662
9928
119144
39521
126819
46325
58106
28191
79966
69765
79559
105506
10204
5793
49302
19848
78628
16011
112944
74628
33043
109580
9224
9433
42983
52728
37431
93166
46644
3237
76830
2367
108028
113437
110713
91007
69751
31390
86484
25522
73978
24296
15418
24571
94905
80115
81811
52303
22615
15061
112081
81898
124556
44106
118728
96272
11008
8142
26032
8126
9815
16869
41380
99320
16094
63404
121880
58467
50506
2370
110443
105747
105878
61557
115826
91114
57399
88101
67458
88685
73555
43861
100542
109083
84938
93722
60038
66650
46046
98633
42293
59119
26923
29753
59003
86804
1827
112038
50805
66584
102063
66905
36365
93641
9971
5500
101398
14680
98654
80933
36312
26465
41719
109041
61377
118989
81679
28549
94774
54624
19498
14019
103657
75792
129495
6285
76042
66743
49840
37012
59573
121316
17422
48753
87124
78267
8428
114491
65292
99199
31768
43872
26825
65900
92962
57483
93508
29482
49651
106860
43281
93145
9076
78746
123543
46304
78776
20403
28366
114027
90098
113010
83407
19518
74362
36003
94512
103918
48525
23389
108615
111119
2925
11831
62097
52026
68835
42752
96739
105752
37729
30466
77816
31235
123636
33619
24542
59083
38834
67528
16933
116637
101562
21932
75565
31481
478
8169
82876
109097
1557
11088
3496
42721
10390
105118
9170
112155
70957
121725
51164
100953
95740
62373
57971
59799
25715
85869
76057
30125
28954
107565
126659
77436
13147
96709
71911
18980
54823
106229
98323
10136
80931
91909
91266
18006
84570
58937
22896
92679
54219
18748
37044
62756
102978
103033
31495
95188
118567
65096
102886
34572
17618
21321
105306
98458
62768
105680
79662
100289
118642
11664
42689
30806
57670
14925
118206
62429
57509
100423
61233
107877
46734
74585
61138
12245
94277
106050
114859
119746
89296
946
52238
84162
53653
59345
29893
94472
40903
68404
69167
27543
75398
64157
117903
51268
113400
124996
18804
100177
97262
97507
90136
18903
2296
75695
42850
84575
25738
83566
95272
11043
9893
26733
113086
106852
6119
35073
53999
18157
113847
14432
47043
104133
43732
93547
29593
41872
36240
21627
32904
122176
73946
114060
41247
126741
3006
45
96560
78421
68706
7511
8306
78003
53855
792
7017
128722
126404
50952
66198
110765
62354
65282
86571
31667
78839
64131
80446
124599
59831
51653
124904
65424
40040
34237
112691
46008
26215
100923
56880
66841
63660
26607
88424
57445
8362
72569
12692
107704
99387
90802
61406
46666
119219
12287
3268
38143
46082
37465
107016
759
20021
128242
126076
44747
2580
52
16426
81080
30569
45527
85607
35279
74419
91176
39588
4566
35814
77961
94020
29814
56137
35554
83755
102087
32890
102655
53134
78264
14510
26189
21329
91751
90182
25706
101806
80519
48241
76997
77114
56708
112222
349
22226
118040
10239
44858
52827
52185
46076
99118
50405
120458
61263
2286
75948
95163
4013
80051
34361
109146
34006
67930
66088
63676
35506
69958
81497
36830
81195
20893
129352
38355
123453
46619
9748
85356
25728
19221
39014
125685
111420
99493
37983
88016
39984
15487
109128
23610
98696
113129
93876
21475
184
7706
5108
122875
90750
116484
101006
36748
6871
38422
93470
21484
8056
56057
66273
71426
121905
116902
36292
16718
31575
33727
43954
72517
53743
88460
75002
56475
129053
104092
38660
116432
76170
10712
68697
76641
94830
47974
40859
69531
658
79791
78820
23857
35238
29031
53325
35775
62240
79217
103653
114836
100699
12583
87082
81874
62703
7867
87463
125756
122546
20306
81864
70842
128069
14279
64321
6460
121165
57393
77406
115517
88446
54275
49509
108676
113322
6109
111630
52713
91534
111674
55957
15831
88672
24254
67949
72202
18112
44349
48723
30912
101291
120304
53750
125939
57301
53989
9387
25591
38060
84256
3010
21872
116720
97941
122673
103073
83055
78955
22378
35691
67732
80911
110312
63447
23170
41529
68879
40700
67615
35311
104761
26077
11377
50752
52484
51059
13640
29594
82599
88155
2721
18049
57905
95550
80459
54940
81326
27709
60240
7858
23256
56107
39981
125025
71425
92894
50173
95306
64283
28055
29881
4326
102897
112199
77920
5503
127559
64969
126932
98604
92950
45725
121943
82098
93883
91852
36149
65396
107375
38613
71617
40439
58068
87176
44105
58090
59675
63788
47217
13376
78877
90772
80312
70876
7119
88523
902
116476
37286
66543
121156
40962
112358
43856
67798
70134
29478
104118
2579
15617
11466
73096
38879
122039
6180
35731
85711
40096
19167
21717
33375
31114
113586
129127
70853
30816
129721
57811
105876
59176
113608
31827
21269
18641
73316
47696
57969
54848
118109
128131
97539
25345
45468
80329
73595
121372
62286
23929
120817
104381
16304
13237
122297
8831
41746
126167
68406
123811
57618
25710
117163
52125
122612
11851
103916
45043
116894
94994
102204
37376
6478
78571
41149
81590
88741
27571
58251
50847
122461
101774
82190
89473
92251
50337
30212
108575
49374
41171
129425
126170
66734
24913
90190
120326
40142
24398
40854
512
119936
23621
63937
17197
96637
4273
8561
128496
108743
20597
48283
71580
106644
77995
66268
13559
117268
22954
11396
50731
89910
28018
34296
50236
71502
29182
119544
89189
5046
67184
70418
9199
45069
118472
116165
46978
62682
20389
12057
34778
26893
125433
96972
59086
107050
28377
82684
7536
83974
96150
32514
18013
88398
41650
112835
61378
39275
73663
120751
87857
15873
4656
58647
53944
78072
65002
50315
118155
90842
129462
14029
115550
42085
40897
16147
74919
76501
9882
99457
94735
98590
89188
97486
67358
119807
9922
8357
65131
112527
52100
861
33665
31813
67946
116060
100558
25449
120207
53934
125423
35219
48297
68516
69761
22097
30598
1031
92604
39293
83433
39485
8038
33047
69277
27286
84594
10428
127344
49802
20742
120884
91445
101531
69902
112975
129313
13331
99982
103895
124679
6162
121730
36372
62055
92834
118125
46518
33730
114965
74025
93524
87453
77145
42441
5894
126508
111668
56924
62782
53301
93364
5719
60891
105966
124879
93960
129119
52184
55447
127638
43433
75553
72587
112220
43811
34826
110567
94530
30799
53980
33063
100296
49888
108809
2631
52534
117675
101588
3566
98815
48236
34456
89924
59155
3362
35806
82564
51875
34672
58530
118858
27252
69159
16934
12955
93812
81680
2233
14690
76431
100876
48702
77155
36854
75484
94568
93511
30878
39365
15343
129174
42684
28533
111268
40722
75245
109185
83793
63884
59070
121172
113142
30427
120928
69156
33936
26940
79876
83214
8483
50900
47830
89309
6813
23127
129728
18134
96695
78467
39445
58220
100686
83370
106420
102716
21737
42641
28485
118629
113594
86391
43040
119898
26305
48341
25981
86429
59849
76829
77156
89235
16445
31513
66619
128617
5068
116319
126572
39071
94670
4439
109378
93415
97182
102362
969
125478
127383
112475
20451
34523
117909
84050
5
56782
36437
68125
119466
36177
36789
37356
34908
56839
28953
124064
67004
112103
112421
11024
100602
97861
57245
23484
101320
446
127345
107271
42639
110453
13032
101050
6423
45666
88749
13584
53243
121305
1446
37750
59367
109633
124459
12063
43029
52536
17741
41099
61073
103796
34455
69882
6723
119050
75345
9564
12217
95194
46204
54555
41246
31522
22981
28801
64668
79068
25114
104613
117672
37529
3199
59524
115457
4594
109847
23503
93794
6559
21823
55885
115297
120075
116491
22094
74878
35131
5189
64050
10772
93129
40153
27079
122450
125383
77332
117455
54434
81490
29327
88897
25040
108941
46392
129990
90663
8589
64114
117021
93373
117355
127391
83962
29774
67072
102890
95412
65242
61659
59494
53835
96012
60821
1492
113468
101416
72927
113630
36019
122263
29337
65384
91903
77208
90687
82496
98793
62418
72475
127481
105653
107898
105100
121356
62856
42366
31519
63225
49564
9165
101365
76730
80860
72945
49517
47427
97686
118056
82622
113506
101258
57085
61661
30800
16889
30429
117279
5669
3635
27957
67966
86284
97017
47360
82770
73692
84777
125773
88473
69790
102328
97415
101869
18514
128709
35142
45524
75473
51650
79469
19003
14985
51244
104727
25378
119126
64274
31
90828
81741
104661
4261
44817
14881
63739
112361
106501
10545
28538
3140
42384
31797
99149
72625
85772
98608
31582
99025
55644
122767
14609
960
36419
43287
33551
81106
94959
9656
84700
32170
37707
36494
4447
85017
121840
25969
8604
120665
74685
12525
15021
112867
111019
73629
36558
37179
55440
120673
111455
76443
115973
18233
44905
118364
69226
59423
28117
115086
67757
63100
111903
46852
47270
80610
124044
106814
44889
93648
54621
62003
37077
47723
28101
108201
8687
89425
21826
115870
124950
6211
399
34380
29461
98127
28112
58464
105224
19886
127291
82019
77848
72267
116234
63892
121459
18937
95859
10588
19063
53751
74786
81709
96761
37188
113155
105702
121516
117699
104948
108791
90692
100962
100216
120670
43409
73449
91799
119681
33923
29927
74398
125753
18658
115022
40987
45622
121830
96156
18704
122167
2618
113330
60494
113844
11455
107558
87870
116767
49915
93712
8890
67051
42505
11385
76765
128819
84980
12127
73066
44264
100186
72338
37075
70959
96592
67822
51657
40329
37291
128027
13675
24704
56438
72630
111840
38535
108113
114808
30001
94340
21707
27587
45156
33431
73528
95609
24369
18734
93598
53514
114283
49015
43172
60003
42014
46568
12736
64505
11933
20824
46171
110492
120427
17628
59200
109559
33200
110205
27200
21045
13892
74233
69830
53174
43887
78888
32182
47259
60332
90157
53470
52212
38115
66260
41980
6189
93968
22862
11481
116753
52123
123708
71450
21024
912
64351
105434
43668
114257
106854
122405
112698
67147
10418
107660
74848
28071
122586
33813
54023
115697
56204
76839
122854
8939
51066
89069
85989
1271
8210
44262
10743
35371
19617
83647
36377
102623
55897
4815
68292
106036
84124
98138
20373
92080
101876
38238
117724
129646
9018
80237
126632
16695
109434
98782
60190
11966
6667
60764
89206
68639
49195
63450
96534
5917
127648
82629
107347
54582
20187
38129
40114
58227
26140
75066
118669
90998
62334
116642
89695
106810
30407
27648
116042
55118
51639
93907
97959
17475
107167
125745
33583
29577
72702
75879
452
122695
95980
32518
29262
5148
35526
80219
29177
104834
82296
109006
54017
3885
46178
6690
28003
1349
85984
109852
109329
27806
96113
61408
49727
76246
3498
15875
117726
19171
24236
99551
45332
31500
23301
121025
13624
57080
27099
3130
11273
83468
77217
16000
34193
32035
70811
129654
107574
129837
79506
62285
68102
33786
127170
4643
67229
73536
69711
36087
33853
83041
42115
82455
120349
110373
112230
84247
49238
84721
24086
124926
117126
7376
63953
119729
24294
74763
97272
95775
115033
10297
18651
114955
22605
39105
4757
54059
42385
123764
59130
125117
106319
87584
17337
7736
71119
84774
97838
86889
13511
43986
20131
68894
121431
26232
61509
27689
60359
117206
49182
9026
122874
66898
41490
56797
87869
57703
35924
79758
22841
122090
101005
116973
103913
9900
77700
20086
118856
30174
36656
51449
114852
93805
127172
28261
56723
9597
60381
94688
86404
126755
48560
85057
99426
51064
112637
116532
118362
80550
33466
75037
39753
38718
96758
54916
28774
55721
88210
34836
13717
113589
99376
86620
100362
100106
56993
86306
18358
125266
40927
33581
70863
47836
118564
2939
90434
21990
904
51335
64132
63039
56863
58178
3915
118204
38935
68618
56004
92241
108858
52040
52191
97321
127869
56752
115662
34839
64678
120551
109596
94448
11428
59824
50308
82443
79666
43736
129505
121580
15759
16838
7404
15130
109516
71012
29112
56260
74072
37333
9731
64648
21545
16066
94450
84134
82194
83808
31991
36651
109588
83043
108007
14206
27885
18752
101828
14410
13561
124775
1282
24419
17097
25206
98075
38509
84880
32957
49609
22816
13450
27821
103299
109358
36769
115015
91348
114636
23601
34449
122436
36386
25622
20435
42704
53248
9966
66394
14544
152
16759
18988
46052
20246
126009
55119
47817
107550
48129
12018
93308
23310
93054
105327
21415
90896
87964
31534
28605
112486
82709
49960
35302
4500
83237
124530
96999
55496
53169
65167
33785
80330
77620
14995
98511
62696
13700
92721
91412
96101
110893
32153
94154
28599
87009
13482
48440
73696
54292
123560
59402
16168
113824
17787
20591
88104
108339
106987
61455
127748
64632
51536
6239
94923
98847
89087
123851
99167
105168
112776
30110
51375
114002
123538
71416
37834
95265
55961
34821
59219
6230
88270
52556
55735
127183
17272
69215
95618
51349
73453
53324
71402
42165
1904
123707
98059
38702
61609
118689
70247
7711
82495
12309
53727
6448
53612
98066
56349
30330
81294
37137
123979
124635
70629
36740
18413
125528
114530
27702
50291
107949
81551
39112
50371
114763
62435
83151
111135
15557
51292
63375
102874
114183
82168
27613
10960
117854
57996
100303
50533
48352
58435
36650
38085
3792
64604
118375
30551
18325
43478
76911
37723
125624
9277
52116
127274
5826
70672
95187
14957
34098
25210
20767
123890
37266
81948
62151
3953
33542
72585
99072
19429
21658
84942
37962
10447
42596
83157
42532
67396
7128
39141
23696
127472
22704
31577
104868
52370
25659
48577
8408
78474
61811
72429
127983
44069
16148
25656
80230
77084
36532
67053
111705
121843
72102
60944
51863
72982
22338
38050
21125
37006
16138
60530
92836
26687
46653
10619
49871
62092
95459
125841
48601
22660
54205
59208
76737
28785
129901
35614
44480
28365
70879
79869
29351
47932
22628
1727
83896
55732
3181
3424
14963
33130
55324
110383
100395
68405
123348
52989
58873
55189
69450
46956
4280
47350
3538
125648
88894
53286
49532
116384
97036
77179
98679
58725
86686
45010
4367
72141
60024
4119
37571
116142
98648
47339
37404
11192
56183
76938
78675
98980
22965
32251
98041
1795
114024
74288
60327
23975
112657
51662
92261
68536
111829
117816
87644
45141
91024
84452
88454
19639
62718
10697
6070
10354
119502
105238
61226
61363
57660
25807
37989
120341
101436
16003
93277
72620
88081
13596
102505
6922
25020
34583
84414
92654
49897
109270
111883
58541
109607
12644
125201
129288
37552
48746
78782
38416
93949
119697
80973
83186
66210
116554
82662
113541
95973
123363
68682
32857
14234
20138
63809
53188
28863
63057
100683
81288
110894
90511
55263
105212
39473
5535
86064
104231
117668
104905
92798
109280
19811
20722
68203
85517
68950
95210
74381
42620
97492
129627
40255
118251
129300
109340
49739
65565
88890
30876
9103
17539
115097
31319
121555
121763
79126
96124
10550
56805
92007
78431
27894
78616
89247
33031
94770
42146
11000
47907
122076
71070
37842
97940
8640
79862
79434
53342
117050
3029
23677
44709
122993
1142
3304
103843
74940
87057
33576
71361
83203
45496
85154
52622
28643
51207
112409
103595
81721
105527
105776
55
104945
119995
65371
78906
62643
10470
73864
86683
119377
7966
19404
113821
85192
100117
88180
31593
92275
112684
12956
94646
68905
54625
6982
117682
72094
386
95269
45413
117469
104301
8735
114445
128484
89520
93032
28004
2687
99392
129457
124848
69821
82777
74790
84271
9276
93038
103249
28834
8825
107393
107699
122431
75045
118417
7926
87214
74666
37190
71122
80999
37215
10029
45448
32921
117832
71729
39486
70992
25780
126114
90855
42841
31801
39780
35835
77353
32939
2659
110310
4147
105317
127072
113088
29127
25766
2391
122131
34367
128351
109035
27157
129416
71758
124017
37042
43276
59031
71936
75859
56696
48060
38061
94875
5733
4639
13002
1563
68416
56175
77784
103193
61076
48661
95536
93329
90326
114848
107828
111543
51144
90627
19658
29563
90067
22410
72176
56373
80135
38837
105990
14989
42229
44697
30182
6176
49151
118903
82562
97787
16493
48757
104230
59548
40971
11152
110660
112547
116080
9058
53422
112261
100818
82422
49313
129157
78085
40388
76062
4616
73440
92554
44178
123424
18224
57575
71313
39597
46131
122171
12844
59909
91773
75425
72684
68499
42218
23758
17198
102710
58453
42699
127753
84468
52366
102279
55409
50704
55396
31838
41785
57214
23796
81485
68561
43992
11424
106869
27565
49601
120888
32480
54824
7997
22972
98154
102302
92900
6309
85571
52609
78826
25399
120708
76960
16141
122154
110502
63896
21211
87652
11322
53137
87436
38433
42015
38723
116993
67769
57104
101264
62311
74436
70751
108540
112660
1324
70847
8932
85978
102591
8371
48837
29510
54960
101372
14561
41984
33628
85111
119963
25892
97610
114147
63201
30413
23085
33218
25527
120885
64376
51052
87283
123240
82291
34622
97250
186
86580
29479
90399
118730
38008
85687
25458
11812
118460
82274
7659
117113
104870
44096
30145
24123
12195
10691
27911
31726
59632
56008
105387
62462
72463
27404
50114
56010
119649
125965
55010
118431
107980
30899
63469
37847
82575
110031
18106
54441
79278
84883
88292
109977
40728
15101
5069
88785
23457
6279
19192
121824
17393
87986
48401
72751
33265
72889
109818
19689
47273
125719
50431
122376
30925
104044
48796
72665
79240
107904
128644
63114
114623
76565
56867
99436
128510
93779
88598
39662
84254
60297
8311
8599
67431
24249
74884
110326
64278
2545
96176
121169
98957
85153
103662
83563
78961
49518
34203
61173
102669
33714
82974
112065
40851
38323
51811
21862
70433
16464
26622
101759
68876
125479
66662
16736
77190
127642
19608
74777
124606
79922
111232
55212
53434
54882
129716
43739
7599
63439
111076
125747
83473
79535
50536
3535
21179
66315
102797
93859
19068
59947
108823
17590
5246
75320
84390
51844
247
55039
6366
91430
96105
58322
90879
81026
79365
100137
15548
97066
49626
69579
110861
79939
5551
27965
9140
48722
15174
92045
29730
104669
69253
72567
79484
44199
14940
65656
36306
86687
8669
44056
108281
13005
6221
120430
11749
2449
100877
81453
6715
18506
17098
112505
34003
1885
2528
116465
106918
20083
124846
101059
119702
114132
99785
73784
50796
1245
126107
58038
113109
114657
118470
33069
64932
99893
127186
129643
35538
1629
119849
17116
45091
106469
74950
117664
25663
35107
20662
2928
50349
42286
74716
52554
7179
32772
16758
12979
107654
63954
50219
90414
106798
56735
13601
121008
10495
4440
119181
80353
95196
53905
61569
119513
60909
94785
59948
97986
4497
82950
46086
6713
7129
111042
66590
5446
47732
55790
60214
41582
8423
25653
29921
39091
21432
3327
104243
98712
96463
126770
1200
54157
23685
114432
119819
111303
75997
47066
55247
59166
16129
54387
40219
125705
62801
67297
74906
20750
101235
47577
15423
91215
61942
123368
122363
4427
28611
128608
64528
111662
16670
72314
37231
77708
83820
84707
103523
15154
90130
114986
81565
129645
110531
86091
73020
33078
125912
23778
6216
21275
49442
996
116378
82663
9786
111490
86929
81666
24520
46726
21728
14481
29865
76117
29367
5400
127048
111511
25312
22877
39924
76187
42501
38358
114831
110128
86836
107491
101902
86418
106490
102605
46427
5914
74746
70397
124338
93920
129797
40076
95747
103779
126539
78643
2250
65576
9091
57764
115945
118707
84376
14760
73182
24413
22994
6152
51681
71292
17791
50733
126622
9488
116787
87343
38693
121688
56842
112404
46326
96068
121283
27762
65672
101554
57228
53349
79016
116113
110106
97603
92040
109371
9001
51623
79819
5243
49354
50289
39856
109100
80683
48507
93670
89184
37515
81632
103109
66838
23785
56012
27115
115611
24842
81063
12077
25190
103430
44490
61893
76330
26279
97375
82667
89845
126253
56739
92930
34182
59935
127749
85083
11586
49589
100540
43225
38594
113620
31081
66915
106874
52741
25868
102419
22713
84614
74128
30660
93904
20005
71879
18192
14093
21354
54884
92091
68068
31480
128154
32781
23398
112857
13515
40177
55121
2672
122948
19417
317
97405
119352
61069
26443
55336
70866
103542
129240
67346
115607
107439
116708
126637
121060
21612
76476
84148
10392
125113
112328
97137
56106
27198
107004
47004
81377
43886
64592
102129
65572
61534
28346
39653
107184
32041
50396
113746
82384
60965
123845
106184
126597
63109
3769
47196
106562
49342
21679
23175
18528
114929
91322
105046
118408
47591
108830
96137
56432
42452
122168
97717
7894
122636
83464
93171
83642
53665
79243
68400
73740
118680
31228
118928
122685
15819
55748
83279
14579
105693
1238
31659
42345
117197
67241
65421
122877
102793
81641
60555
102219
73926
34317
60033
94196
74846
116287
87328
126614
32315
106524
23653
17375
26049
76707
29371
103169
17792
100131
76831
72894
84691
94139
24920
43752
20441
125298
66620
124417
57659
59478
37683
87352
15732
4282
69621
33058
76944
116737
75978
84969
97832
71146
15318
45690
33145
45857
104654
32095
94310
14811
32662
59185
41352
87105
125674
127787
101874
115964
127420
37317
59412
120394
115593
84716
610
18724
35576
62687
56224
63452
123244
63874
92017
122355
45092
127727
108444
31868
37993
39327
35003
66230
58559
115392
89869
92290
19285
112907
57492
123314
50261
10985
75855
121948
25473
6549
10778
127331
2742
72144
18251
27007
72480
57676
21306
34184
99120
3717
97318
83256
107064
95368
17776
89476
129309
74306
126861
8376
119275
58671
20694
2270
65102
79996
71211
71335
86934
73715
28118
90747
4768
29777
105097
47931
17629
29037
23325
117003
112379
33671
1051
82561
11423
48674
97702
95494
97452
111031
110950
47317
18727
92896
74271
30150
65781
34358
120846
87110
36389
72846
88810
70059
116806
59582
53118
16808
128170
86791
64390
107128
64850
57446
12469
80475
55589
12944
4192
44952
59967
20247
39211
113418
129031
92125
99974
66885
40951
101655
77684
115161
7559
100645
1837
88182
100389
79963
19932
79187
78607
7744
48438
79686
76858
56540
118050
124186
66272
27232
82566
73412
91677
79635
87339
33148
56024
126753
60155
68524
127697
7704
114619
87555
18918
83621
56826
93975
46701
40017
44483
106224
61054
51854
51904
28718
117429
82601
56158
88732
112095
101061
14969
55448
106590
44284
87232
67818
41280
24895
120814
432
73434
111381
19067
66564
111263
104706
38746
87557
110116
77483
73936
1027
81966
21028
121424
65539
7686
121806
78307
122955
74080
86564
60439
45916
17241
4751
51846
1037
115268
90219
100505
49073
11722
118940
128913
105029
94337
24175
54915
26716
3939
114068
4048
9247
7537
65950
13469
91475
107568
5076
10699
99558
10688
108999
90921
15864
96357
3495
77409
84516
63052
56084
44558
123521
67501
88172
105438
16089
46782
81045
57691
80429
35233
43745
106172
49896
12043
58169
12493
61963
108551
72116
20376
94028
57901
29805
108493
89229
122852
27201
96221
103539
98599
61361
46921
109950
86537
72058
65504
70415
35911
47358
68531
58202
46747
55313
126314
117437
118810
71536
71195
109086
1724
49262
110446
91443
22733
106007
64331
60304
108593
79109
34215
58304
111149
23932
69929
44118
74052
15155
121161
87846
13776
11536
24915
13333
109235
119498
51888
6525
19574
24645
79844
85564
91442
51871
38646
67386
129044
1634
103746
12340
19337
91552
98662
58122
67274
14647
78699
78732
22279
64532
52787
7596
49531
118163
37210
43039
102427
14965
107942
74349
73456
51256
60132
8727
37897
129974
33384
1290
46378
49101
61068
11218
117421
3698
56437
1231
42454
24720
22849
27757
94793
83759
60964
25819
124221
40775
65952
20814
62591
61037
18321
60181
27327
97746
7278
69407
11895
124494
7212
71242
103525
29780
118878
40464
67231
97728
17273
99851
100049
13436
4587
88389
109579
59934
13142
29453
79814
123390
53394
128649
84113
61845
56366
99251
30616
11291
76178
32866
58173
8073
111230
105044
99668
67783
74767
11729
27584
87534
40633
63526
60217
52338
44108
111162
34681
85846
88801
83175
90464
15317
91111
13204
68238
107823
122969
9363
66009
93101
97115
26475
74854
72045
1617
118465
70052
1833
27706
54307
30404
31948
27029
10866
13297
81052
35923
127945
43207
115571
436
69526
77611
71193
16975
7355
36429
92827
99173
45750
74973
5124
77957
93749
114279
21377
24337
7257
32262
20108
60318
7570
61939
72382
90532
53237
108799
48257
68345
5120
90267
109632
23039
2814
24320
61897
15250
48602
96630
56973
58813
99832
117890
76022
76568
29292
68778
90447
47612
36403
125092
126576
120612
65705
26449
106982
120383
103088
65236
8413
25521
85220
32257
51347
114764
94250
102635
14249
17080
55676
97064
86525
54612
1247
128733
99580
80370
67010
79914
128117
88138
49652
49773
99530
69330
48202
128445
101907
32403
55650
18671
82382
121301
35225
2392
50386
47409
975
53724
74678
40084
39905
20627
99837
23475
32217
113420
29819
34708
61844
118606
1869
62275
97634
118481
66691
16970
46005
11216
57784
91876
41711
3204
113568
43107
13720
43022
54024
42273
58653
58455
38054
123179
109730
62686
2522
18672
91075
110962
106730
125664
55704
53289
42853
34631
110264
14771
5840
57039
43319
84620
75006
7098
122621
46652
118357
106178
5904
16474
7492
53790
110249
31007
20342
104081
119952
56974
61342
97579
90957
94641
96268
114734
45506
116067
70365
85754
75521
70032
25559
99506
123785
12008
63799
2410
53955
4403
23523
783
79413
102758
111360
96559
20421
93396
74063
78487
2485
120396
62616
122156
5861
74513
55723
86305
36243
5008
7839
90393
117125
91071
58460
108163
34659
88475
43983
85300
37174
69735
64191
92153
80180
120748
20884
5717
4758
111380
46696
93219
10843
116772
92287
56796
87046
105960
55613
43305
122095
118045
74266
73718
80321
47492
27792
12578
35038
89458
122628
62209
125594
73441
51563
116376
98595
40538
49471
111007
68355
126428
22131
102196
5811
93374
60914
95094
89046
50756
65550
70595
40781
10222
52541
105498
110422
110868
48213
103483
99298
107591
4015
104738
22136
67279
79935
100332
49438
87907
100948
40447
129307
687
62212
70682
91871
122099
45726
15333
84151
109346
105503
91207
105628
72049
106512
4668
44185
100773
74782
93180
117384
95112
101462
122379
7670
70623
38622
97150
97851
77940
107135
7386
27109
103536
60778
116426
36845
66859
38655
16196
87258
68859
5525
32334
101727
30332
7695
59445
30291
47003
81376
123145
115986
104117
13431
82786
126050
86116
23789
103852
55839
63643
29018
40742
119517
4154
107090
41569
114403
110619
84009
38843
53267
12698
35228
48073
105499
42257
125438
123899
96947
81558
198
123573
5461
41997
34405
11922
81869
73633
80377
116012
83696
113163
129221
22165
67372
41713
102399
22010
54948
66809
104196
126206
76093
113627
1069
123418
40421
105297
105220
103152
125633
115158
83253
21844
106551
9848
42892
45153
122550
60738
31663
23105
5879
123346
86718
116820
97663
102742
72149
126851
114156
74197
45056
35181
36746
105805
19214
32078
101678
127571
82330
14322
82971
83954
112168
39545
98281
104217
116650
8334
12641
92191
120217
117992
31612
83853
15767
43386
3711
90037
123069
90683
10989
128979
69070
113567
73406
99050
44763
26748
87673
59021
16705
60203
39183
3385
104859
101297
113416
116506
17984
2368
40763
127893
83472
116908
33417
19824
91892
41314
110638
53791
68222
120500
40038
67012
71708
39194
126432
89068
19534
6482
111145
126147
23742
73076
85893
115280
101995
6511
71721
129708
58641
30405
33656
121968
92138
72986
114497
70142
111994
19851
2262
40993
115988
24795
52921
124046
12968
114326
123282
106941
14339
113966
4652
93913
78402
38305
120960
71640
125665
89711
49203
50575
129370
108762
103298
8626
109713
15180
122643
78646
78497
120420
109541
27682
122848
406
81233
117653
87365
84170
71039
125170
68041
80809
67609
23690
56234
89593
74857
25574
104111
58357
21558
22724
77365
67049
79134
90672
69582
112843
96944
63565
123502
36776
59999
95617
44908
86590
58429
96369
32659
63696
96893
7648
59236
47042
19311
28200
74414
87596
44046
48586
9353
91163
12319
38687
64949
36342
25887
129225
3241
20780
2253
55937
7891
59590
75802
16996
26135
14871
55978
99325
2871
128305
107442
92642
85663
29727
102194
47536
125974
32980
61320
76637
2535
46343
27525
41733
61284
64736
82765
126124
30230
37403
109877
37877
105039
40269
127981
120096
117053
66934
35820
104121
77099
23058
59784
102387
79813
47685
44333
72411
7046
54344
52037
49557
128119
59146
72304
84490
51458
107742
50569
23107
12973
31983
110621
62877
10957
96543
77911
18654
49502
15657
19013
126115
87128
84995
78546
58399
39170
114609
106968
48329
64234
867
67724
121674
113253
35512
86555
70586
128624
101911
60202
98409
100233
111156
92799
44963
69955
118939
2891
89995
98170
66807
90221
112033
59407
108911
57459
86562
22543
101656
115215
82373
69190
103702
95141
32651
88963
90825
69950
50967
63773
77929
56798
90660
87520
77349
7546
37814
120329
100172
29054
76545
73149
60020
7115
48123
59465
111916
80834
59115
123163
25983
11436
95738
93394
48701
26023
10472
39819
12342
44231
58072
124436
18465
13498
75083
129633
2198
69012
6757
25169
27744
8035
114842
2585
5204
102823
109802
101442
58746
1232
122785
98298
2199
58500
119162
95637
40888
114803
103216
127900
21006
113128
15209
129949
88154
37832
16144
100766
67339
52821
39168
32287
99963
123197
123385
23382
108076
21663
124964
94317
92886
44338
44130
60246
3121
26574
17978
81525
114837
61549
15859
122793
40276
81095
23361
103534
105436
65230
20459
14317
41240
23260
76762
8047
34414
2850
12241
113394
100500
73505
70203
13863
71733
83515
94552
79401
84590
1597
10255
85975
81337
114784
13766
11653
86520
107284
15779
84353
21744
6315
124671
103332
109131
23693
116546
48221
2765
50827
523
106167
113725
121755
128894
35212
18389
120089
57998
101603
127628
9930
90658
55297
31592
43713
51183
79379
108386
87401
36322
77699
117795
61508
42303
20913
34206
51573
66585
2820
28755
52263
74619
20956
37635
24940
45239
53313
42079
109603
29734
5817
20499
114387
44460
107381
92680
103563
103784
68424
97347
105208
88879
119216
15111
84630
119042
54904
1014
120477
95875
55518
93961
108778
52714
107645
9200
88497
26937
47858
49007
56316
108579
23844
31038
52576
14903
7571
20609
106113
47964
17062
65704
58686
86070
20831
36682
47710
62544
58900
75926
26578
99574
85308
48794
3651
116490
114071
75449
54390
105374
70579
48172
29379
70086
68287
128530
12321
93063
95940
64623
97204
99308
63342
99145
48978
30893
16177
42812
66939
12914
116327
30232
70404
77891
116339
21761
4302
123396
73140
3747
47871
128875
96406
13148
74990
22064
9569
36954
12328
44811
12094
8606
44595
14413
87424
82766
106262
58534
118952
86922
34235
84456
75771
126036
37034
71780
24854
46857
69457
99248
128393
88794
9233
16919
62536
63140
1966
69182
46680
65382
29634
21919
109679
41287
33957
49299
129672
10412
64113
113318
2138
79993
93498
15952
124207
102653
45003
106254
127538
91357
81902
125803
55140
26796
42797
129379
122302
119393
127411
31347
121779
28341
124696
73092
90791
26789
35013
20984
104050
97757
59301
78081
31708
123234
94061
123149
121281
84371
43448
72182
71772
112255
7551
24636
106617
112800
30245
122247
45639
34676
40196
92576
63459
62268
14193
67240
10726
92066
122976
42584
89343
118778
76996
45990
9790
121882
25865
43408
28510
27005
115049
36868
124323
5248
111547
89255
44862
17180
75152
127557
60435
30879
39111
108439
13714
93349
98279
34466
41795
43306
39724
7954
33892
68277
15417
55651
87730
112504
88235
44404
85351
141
106821
75858
20507
61756
27257
24405
92070
102280
85773
22213
23708
47449
95039
67760
16170
61308
124701
33529
69647
22783
17961
93398
52611
59106
104036
115404
123754
112348
52076
57946
77799
86768
17671
15191
123512
1993
97437
2824
26783
112754
111720
16489
4514
101296
118732
105979
107817
99850
92109
99706
26852
20785
23979
122222
101700
93341
62661
127179
980
110244
128992
27610
121724
15068
125947
2463
107555
12671
9981
11573
125651
31203
89128
29695
83140
45368
51271
109224
7089
99067
5113
70023
79877
67082
95025
97747
90304
69419
119032
41585
31105
3504
117100
127618
82387
116300
28156
45354
62245
111415
23678
41326
23207
86842
126689
72949
53300
37928
29484
101429
66183
73044
100235
30459
25644
35288
94628
102492
59330
34419
89963
4431
24472
86158
85288
129415
34840
55939
20693
51255
75444
45299
57169
112985
75751
33255
96347
13534
88568
35616
65176
62666
45657
89596
52439
36723
128899
128661
35853
108767
8342
113654
96157
80117
122611
81707
93834
129160
70520
105568
30989
23378
106513
129727
114750
105749
22508
117496
90048
61971
69978
52555
61834
33378
64794
77073
83914
124630
63717
34156
69072
123934
119033
33829
26327
19065
125129
4826
85845
65962
4502
117998
4215
69356
40598
119386
50306
81519
10577
81920
25028
64789
15532
109232
113309
26060
53146
22868
9059
73899
123922
40910
3656
88621
75714
2092
34547
66023
96597
50027
101880
111053
85029
47513
72027
113720
30385
68650
40534
90019
15749
121104
9570
30461
108806
120388
97877
40604
53439
63331
104932
47253
26725
33935
107985
16533
36076
121696
66450
33976
34983
118132
69590
47210
114463
23406
92597
123935
53332
38458
120236
60716
39295
103086
11936
6158
20343
19734
99473
112342
101418
76408
100626
85110
35800
61155
41027
44619
22505
21779
39092
99553
9473
19155
109905
30756
61983
26631
37357
60897
95343
92117
22228
14041
98694
73056
87098
44571
27677
78306
59481
72773
108403
115755
39265
97648
79507
13758
13131
36867
23947
108732
73357
128265
105478
65698
97299
123816
84800
10292
2440
67619
66073
30614
97608
68294
46198
35978
114995
20241
67593
16293
120276
117927
65213
91121
65777
74067
102365
102218
65113
125958
15917
79943
80927
99213
111289
29473
44267
15605
94068
69191
2069
61359
63061
71549
11916
111961
64282
23065
9860
1189
84635
34263
40322
119935
99529
93230
96810
86465
2660
95760
73391
10838
89797
35680
45002
54151
89289
23788
47514
25292
118963
20226
1333
17573
120196
95782
51528
87239
73808
15096
126800
65960
53853
31931
28571
111095
110300
88237
23129
67085
89613
28302
75515
67590
118978
88960
105408
118812
22500
94332
46923
47921
91422
77751
69693
43133
97752
129831
51780
49009
99549
50301
24887
78990
61927
13721
124756
119201
105958
24764
40099
41209
123830
25767
87817
57760
43233
124275
32395
52173
20277
78915
16689
14856
43963
66209
38175
94287
117500
18376
47419
33485
68985
81600
41745
64962
41624
32449
21698
48204
8555
72127
34101
58901
88838
77893
52675
84284
123688
104115
83340
68913
68677
64371
46516
62933
118607
23862
12259
112063
35220
106285
3982
2158
97534
95311
12750
23434
37591
9385
44430
42389
92743
87263
46964
18836
112718
123527
41001
58723
74601
110045
115748
14312
59120
69580
5761
66155
26507
39081
21485
107270
105722
127762
30468
1921
14150
46473
3654
72273
