5
1324
2687
4261
5503
6525
7831
9140
10497
12043
13141
14339
15732
16919
18233
19574
20831
22131
23484
24707
26023
27689
28801
30145
31203
32659
33853
35302
36403
37750
39071
40421
41825
42983
44333
45524
46923
48213
49509
50731
52338
53325
54612
56004
57245
58530
59824
61284
62445
63717
65113
66315
67609
68985
70203
72094
72945
74349
75407
76830
78081
79365
80834
81948
83203
84570
85986
87105
88424
89767
91024
92642
93779
94959
96334
97608
99118
100122
101429
102710
104044
105327
106730
107942
109346
110502
111883
113107
114403
115755
117050
118417
119649
120928
122247
123754
125266
126114
127557
128853
