896
467
382
1187
429
2595
1963
2328
2452
1490
3017
3674
3486
2861
3196
4205
5181
5076
5027
4534
5588
5214
5919
6157
6433
7074
7258
7246
7604
6715
8362
8930
8506
8226
8981
9978
9739
9930
9475
9324
11226
11369
11631
11502
10886
12851
12486
12405
12075
12097
13652
13300
13585
13233
14076
14434
14586
14680
14403
15235
15916
15882
16796
15787
15822
17693
17948
16945
18129
17331
18965
19435
19493
19365
19284
19659
19869
19557
19794
19809
21629
21814
22025
21381
21793
22600
22324
23205
23220
22858
24057
24206
24117
23773
24229
25251
25784
25248
25283
25892
26881
27128
26845
27003
26195
27598
28013
27699
27372
28032
29073
29858
29308
29304
28992
31000
30604
29943
29935
30286
32144
31216
31956
31517
32168
33453
33518
32798
33779
32822
35049
35004
34379
34378
33812
36352
35160
36014
35453
36103
37642
37176
36731
36812
37347
38108
38461
38204
38118
38797
40037
39663
39448
40282
40033
40742
41020
41596
41267
41483
41709
42384
41824
41831
42782
43737
44116
43463
43430
42940
44734
44580
44779
45216
44686
46551
45532
46580
46183
45950
47654
47436
46868
47136
47535
48170
48928
48690
48133
48688
50652
50494
50459
49566
50609
51657
50868
50715
51439
50706
52561
52645
52769
53275
53182
53882
53758
53329
54099
54077
55063
55261
55652
55427
55501
56925
56549
55922
56290
56699
57761
58426
57775
58257
57433
59364
58776
59654
59678
59490
60471
60899
60860
60805
60947
61316
61271
61645
61914
61230
63610
62599
62581
63556
62840
64527
64047
64432
64461
64051
65153
65964
65738
65618
65649
67581
67439
67345
67039
66921
68391
67967
68340
68348
68162
70082
69792
69224
69232
70175
70382
70485
71401
70268
70213
72582
72023
72411
72362
72421
73595
73609
73985
74032
72886
74253
74969
75392
74189
74965
76330
76392
76168
76303
75675
77125
77717
77387
77938
77183
78108
78143
78208
78497
78185
80230
79429
80180
79586
79367
81258
81694
81767
81294
81785
82873
82290
83031
83173
83142
83500
83631
83474
83871
84415
85601
84726
85252
84782
85513
86375
86012
86946
86189
85984
88249
87136
87732
87737
87969
88521
89042
88476
88626
89395
90342
90420
90700
90104
90527
91529
92194
91808
91986
92064
92310
93017
92532
93109
92636
94742
94038
94010
94136
94435
95235
95662
96048
94945
95490
97010
97484
96660
96602
96978
97846
98613
97726
97653
97956
99169
98929
99977
100095
99409
100891
100499
100428
101222
100425
101946
102489
101483
101409
101701
103643
102768
103052
103271
103755
104895
104431
105284
104547
104817
105405
105942
106045
105596
106422
107206
107640
107736
107511
107215
108625
108761
108487
107922
108431
109551
110434
109987
110459
109981
111056
110983
111422
111607
111503
112909
111999
112461
112323
112983
114255
113238
113581
113923
113745
114553
114623
114884
115309
115326
116628
116351
116171
116454
116755
117673
117579
117246
118169
117870
119599
119455
119354
118651
119262
120430
119920
119783
120497
120708
121064
121018
121729
120966
121530
122364
123385
122290
123370
123223
124146
123805
124038
124294
123730
125506
125713
125574
125478
125052
126839
126486
126210
126704
127085
127572
127704
127982
127440
127760
129230
129500
129367
129094
128870
