1117
94
676
1223
754
2093
2052
1637
1324
2124
3337
3035
2639
3628
2983
4264
5113
4370
3987
3980
6114
6317
5265
6023
5277
7265
7487
7122
7675
7578
7924
7949
8905
8207
8263
10039
9278
10354
9531
9136
10400
10728
10696
10861
10983
12335
11760
12759
11930
12760
13632
13737
13076
13203
14083
14632
14909
15144
14736
14616
16139
16412
16373
16159
16498
17863
18123
17347
17733
17597
18856
18265
18538
18502
18532
20534
20798
19732
20535
20649
21569
20878
21592
21341
20984
23349
22690
23306
23370
22682
23955
24669
23412
24509
23732
25827
25364
25870
25072
25000
27035
26828
26972
26001
26869
27739
27885
27611
27674
27327
28619
29523
29583
28843
29270
29940
30349
30806
30733
30322
31220
31470
32394
31580
32077
33611
33310
32914
32613
33532
34113
34450
34001
33805
34399
35174
35201
35820
36033
35124
36554
37541
36560
37245
37631
38044
37937
38382
38231
38343
40021
39162
39438
39925
39449
41110
40378
40386
40435
40691
41705
42070
41657
41800
41688
43577
43400
43250
42945
43744
45166
44589
44831
44352
45361
46656
45812
46640
46048
46544
47933
47349
46985
47968
46978
49318
48542
48685
48651
48466
50540
49447
50302
50207
50593
51979
50899
51713
51658
51218
52139
52426
53052
53045
52323
54326
54257
54173
54070
54328
54687
55585
54690
55630
54653
56833
56086
56803
56315
56245
58293
57869
57571
58432
57375
59027
59459
58702
58918
59274
60160
60911
60984
60942
60570
62390
61841
62038
61165
61892
62641
63452
63656
63655
63607
64620
64848
64542
64183
64249
65575
65735
66210
65066
66123
67475
67515
67336
66639
67057
67601
68324
67788
68551
68846
69771
69782
69016
68936
69059
70835
70310
70479
71083
70631
72410
71803
72500
71733
72596
72856
73246
73423
72953
73227
74594
75180
74142
74454
74286
76059
75877
76478
76382
75822
77977
77251
77198
77128
77164
78606
78211
78825
79062
79070
79302
79716
79704
79805
79477
81277
81486
81321
81215
81000
82765
82977
82489
83133
82814
83977
84405
83290
83422
83317
85564
85024
85079
85487
84541
85873
86282
86416
86445
86956
88040
87387
88380
88270
87942
89022
88889
89384
89348
89227
90208
90633
90098
90580
89860
91345
91649
91415
91212
91985
92904
92603
93322
93478
93404
94683
94400
94639
94060
93970
94929
94968
95425
95457
95940
97441
96793
97453
97183
96408
98210
97716
97844
97705
98574
99452
99448
99591
99942
99507
100141
101075
101124
100788
100651
101908
101886
101516
101706
102046
103452
103434
103104
103243
102944
104049
104134
104773
104027
104411
106283
105843
106545
105969
106237
106917
106955
107053
107445
106631
108003
109187
108218
108714
108573
110290
110119
110065
110001
109451
111420
111655
111141
110881
111445
112594
111806
113052
112596
112342
113894
113116
113633
114160
114022
115357
115562
114483
115100
115635
116395
116704
116855
115937
116636
117137
117398
117657
117415
117094
118528
119398
119191
118448
119447
120731
119725
120531
119680
120071
121918
121290
121520
121485
121390
122514
123456
123224
122253
122823
123792
123992
123618
123834
123625
125059
125666
125660
125455
125138
126298
126978
127256
126875
126432
128216
128235
127489
128015
127771
129704
129111
129981
129430
129291
