840
345
1243
26
2366
1881
2236
2377
3844
3871
2880
3248
4794
3952
4077
4855
5375
6467
6341
5409
7485
7089
7117
6771
7963
8614
8297
8509
9795
9225
9648
9969
10797
11388
11662
11006
12281
12132
12724
12461
14099
13472
13099
14222
15369
15246
15326
15198
15729
16623
16529
16193
17830
17372
17622
18021
18296
18878
19055
18259
19732
20781
19706
20303
21978
21638
21041
20943
22972
22596
23138
23172
24045
23910
24495
24456
24818
25308
25606
25065
26562
26696
27015
26940
28329
27750
28386
28162
28779
29060
29721
29530
30430
31020
31112
30901
32410
32479
32333
32082
33310
32554
33580
33457
34096
34946
34783
34674
36360
35979
36156
35691
37641
36657
36946
37204
38518
38268
38766
38532
39687
39477
40160
39247
40304
40480
40810
40691
41617
42539
42496
41909
43829
43080
42976
43947
45001
45270
44924
44589
45714
46274
45885
46285
47501
47728
47465
47853
48992
48781
49349
48861
49745
50439
50398
49872
51539
51081
50900
51496
52501
52235
52344
53031
54409
53357
53453
54210
55685
55081
55265
54839
56881
56286
56524
57189
57420
57755
57976
57379
59504
59784
59171
59016
60913
60038
60016
60201
61708
62397
61580
61766
63433
62649
63581
63175
63764
64311
63836
64482
65188
65780
65010
65557
66372
66594
66719
66926
68768
68308
67866
68092
69017
69664
69965
69632
70251
71052
71163
70885
72620
71667
72350
72500
73963
73705
73595
73310
74377
75328
74857
74159
75519
75752
75668
75528
77524
77656
77459
77900
78539
78873
78295
79041
80095
79692
80272
80372
80733
81445
81819
81672
82942
82886
82303
82935
83936
84039
83972
83527
84963
85645
84760
85515
85831
86766
86377
85938
87106
88377
87968
87597
89291
88442
88901
89219
90338
89737
89948
89892
91367
91368
91758
92085
93585
93030
93589
93174
93704
94825
94496
94165
95421
95498
95661
95096
97337
96269
96277
97428
98233
97668
97912
98794
99588
99288
99009
99645
100829
100599
101214
100185
101857
102289
101726
101764
103578
103548
103292
103833
104130
104261
105243
104576
106068
105783
106590
105773
106718
107535
107310
106752
109021
108253
107968
108542
110190
109760
110092
110462
111741
111386
111116
110672
111916
112876
112932
111839
113329
113124
114204
113399
115183
114752
114965
115232
116697
116097
116990
116634
117824
117812
118122
117563
118558
118448
118454
118551
120761
119744
120183
120742
121289
121358
121405
121286
122596
122350
122288
122527
124374
124353
123539
123733
125926
125380
125651
126025
126594
126183
126689
126813
128007
128419
128336
128045
129518
129212
128758
128843
