240
109
158
117
1994
1887
2413
2109
3517
3510
3739
2688
3984
4193
3978
4377
5297
5238
5790
6162
6826
6939
7524
6909
8676
8272
8135
8128
9655
9492
9305
10164
10843
10853
10991
10994
12887
11912
12977
12557
14144
14258
13084
13709
14518
15389
15461
14619
16459
16336
15996
16604
18015
18072
16936
17027
18405
18536
18794
18746
19724
19506
20799
20584
21652
22050
20819
21127
22346
22822
22342
23187
23835
23908
24269
24661
25086
25022
25442
24986
26933
27243
27133
27048
28503
27333
27340
28515
29052
28670
29055
28879
30161
30737
30817
30303
31267
32400
31900
32356
33754
33120
32743
33529
35083
34605
34952
35082
36175
35788
36177
36115
36849
37242
36654
37001
38136
38262
38769
38013
39645
39281
39395
40079
41351
41185
40726
40482
41640
41887
41753
42532
43113
43923
44092
43458
44774
45131
44366
44716
45890
45516
45592
46231
47892
47454
47442
47827
49049
48961
49326
48533
49791
50088
50571
49423
51351
51373
50718
51567
52242
52278
53068
52391
54022
54514
53718
53356
55589
55179
54930
55568
56792
57039
57101
56722
57858
58334
57467
57572
59539
59446
58833
59431
60753
60438
59932
60912
62075
61383
61552
61509
63283
62504
63250
62575
64877
64420
64833
64804
65756
65410
66180
66075
67490
67526
67131
66468
68066
68176
68858
68393
69207
69302
69469
69358
70589
70902
70718
70459
72687
71766
72514
72245
73912
73459
73246
73761
74536
75065
74930
75312
75999
76507
75880
75708
76999
77372
77790
77492
78668
79004
78339
78508
79437
79697
79366
79417
81114
81823
81860
81146
82973
82210
82351
82312
84395
83703
83531
84236
84752
85128
85199
85735
86620
86079
86171
86194
88018
88177
88207
87278
88465
89528
89319
89316
90719
90986
89879
89858
91752
91280
91403
91928
92459
93520
92349
93075
94462
93792
94530
94715
96184
95249
95088
95975
96853
97264
97110
97292
98491
98705
98519
97955
99979
99320
99910
99704
100242
100454
101005
100179
101572
102646
102253
102159
103358
102772
103321
103925
105227
104389
104655
104657
105695
106434
106033
106479
107463
107135
107122
107283
108987
108088
108422
109129
110194
109712
110249
110350
111035
111752
110684
111236
112838
112880
112240
112160
114251
113192
113152
113541
114681
115149
114512
114776
115710
116013
116157
116776
117580
117784
118283
118292
118398
118525
118790
118406
120099
120627
120101
120588
121094
122179
122100
121153
123480
122460
123091
123404
124397
124007
124719
124332
125960
125844
125626
125147
126663
127129
126699
126874
128364
128662
127932
127510
129818
129870
129562
129662
