913
67
985
759
1099
919
19
682
1124
800
434
868
736
354
888
116
1110
649
850
1067
866
66
844
973
757
596
1138
565
1216
857
317
71
1158
730
1060
59
977
341
506
537
901
383
922
1192
96
69
758
715
1048
567
284
32
747
419
1155
525
1046
274
378
395
331
417
1103
330
661
798
454
531
515
770
632
631
562
831
750
702
365
916
379
280
1264
400
183
920
1278
538
862
1238
718
1119
554
617
505
122
1240
796
1126
290
782
30
2452
2277
1351
2005
2122
1409
2367
2275
1885
1639
2453
1382
2081
1559
2091
1371
2245
2404
1655
1921
1869
2282
2260
2577
1450
2133
1961
2169
1368
1493
1783
2075
1672
1591
1392
1967
2325
2016
1751
1424
2179
1610
2371
2341
2574
2249
1984
1837
1375
2354
1937
1552
1915
1705
1908
2042
2511
2573
1899
2116
1821
1955
2028
2522
1511
1501
1657
1687
2445
2186
2349
1312
2388
2555
2391
1487
1649
2096
2296
1435
1773
2187
2217
1696
2221
2174
1512
1990
2377
1732
2394
2222
2356
1565
1796
2510
1546
1520
1465
2387
3591
2742
2866
3042
2797
2983
2915
3427
3098
2701
3827
2960
3674
3744
2692
2851
2831
2758
2804
3619
3334
3080
3360
2673
2723
3291
3086
3899
3779
3255
3617
3805
2765
3784
3060
2858
3552
2754
3130
3349
3025
3277
3100
3783
2993
2992
2672
3800
3484
2720
3512
3191
2650
2926
3692
3656
2749
3256
3626
2629
3200
3028
3335
3062
3857
3321
3292
3373
3566
3873
2635
3832
3040
3304
3422
3081
3011
2619
3888
3534
3261
3668
2722
3079
3539
2694
3195
3736
3336
3226
2733
3843
2699
2715
3087
3733
2690
2933
3648
2813
4311
4334
3996
4105
5118
3926
5063
4871
4467
4151
4791
4533
4207
4992
4686
4500
4399
4775
4373
4543
3941
4288
4631
4039
4265
4069
4934
4591
4805
4628
4894
4749
5069
5185
5117
4307
4363
5164
5097
4786
5027
4627
4827
5162
3964
4226
5125
4437
4461
5062
4010
5147
4560
4651
4170
4394
4546
4902
4308
4765
4184
4847
4719
3942
4701
4243
3900
3909
5109
4517
4897
4410
3916
4526
4616
4568
4260
4098
4470
5193
4123
4200
4492
4242
4691
4048
4630
4244
4886
4698
4393
4882
5199
4211
4276
5188
5061
4490
4312
4254
5285
5508
6391
5571
6172
6430
5568
6110
6118
5964
5204
6410
6304
5733
5879
5252
5287
5827
6359
6277
5893
6227
5976
6036
6124
6023
5497
5816
5249
5517
5469
5567
5746
6258
5474
5779
5949
5836
6183
6355
6307
5519
6197
5589
5726
5962
6436
6473
5466
5588
5446
5408
6413
6214
5965
5895
6065
6158
6068
5835
5897
5434
6315
5968
6132
5731
5296
6044
6072
5457
6101
6492
5618
6394
6380
5995
6446
5222
6295
5223
5452
6299
5393
6467
6084
5207
5410
6424
5230
6487
5552
5936
5646
6442
5246
5433
6240
5710
6249
6026
7484
6686
7738
6567
7198
6908
7646
6838
6507
7407
7389
6786
6590
7265
6785
7045
7656
6727
6791
6867
7783
6554
7287
7189
7495
7602
7314
7550
7021
7152
7344
7145
6979
7480
7355
7027
7716
7235
7294
7544
6899
7122
6657
7685
7486
7033
7323
6800
7318
6989
7147
6609
7055
6900
7350
7171
7503
7799
7712
7398
7701
7273
6832
7541
7068
7053
6793
6716
6522
7388
7267
7366
6662
7234
6559
7520
7695
7340
7451
6755
7025
6870
7566
6931
7795
7167
7478
6802
6761
6579
7720
6614
6894
6820
7208
6914
7422
6593
7108
6546
8245
8450
8135
8728
7940
8703
8831
8415
8045
8517
8099
7957
8229
8054
7849
8645
8576
8030
7800
7983
8305
7823
7858
8307
8654
8499
8226
8425
8973
8720
8131
7844
7948
8738
7860
8931
8034
8680
8762
8743
8824
8987
9011
8711
7876
8082
8672
8125
7815
8435
7840
8377
9058
8577
8219
9034
8946
8128
7873
7955
8938
8440
8200
8052
7986
8301
8488
8044
8789
8172
7909
7964
8667
8864
8781
8947
7841
7924
8051
8158
8487
8347
8545
8373
8009
8521
8453
8386
8891
8567
8862
8598
8507
9014
9031
8235
8100
8929
8143
7906
9443
10303
9793
10389
9785
9336
10281
9275
9235
10383
9448
9919
9145
10089
10180
9948
9742
10360
9389
9205
10062
10204
9891
10208
9684
9417
10327
10105
9132
9711
9967
10015
10008
9445
9518
9515
10063
9247
9657
9610
9218
9521
9699
10285
9477
9460
9647
9113
10179
10147
10391
9277
9121
10369
9212
9242
9420
9957
9202
10036
9732
9269
9392
9369
9659
9735
9414
9693
10172
9754
9690
10379
10396
9427
9662
9999
10165
10224
10280
10087
9262
10102
10234
9813
9526
9343
10354
9397
9963
10038
9543
10197
9555
9411
10070
9738
9755
9484
10335
9856
10872
11335
11458
11544
11286
11202
11426
11429
10901
11409
11388
11492
11658
11387
11168
11401
11273
11469
10514
10626
11185
11315
10742
10825
10765
11561
11043
11252
11038
10674
11007
10447
11170
11329
10961
10496
10667
10972
11673
10495
10780
10887
11374
11512
10525
11649
10575
10856
10537
10751
11356
11435
10567
10588
10754
10854
11127
11462
11687
10946
10732
11506
10492
10882
11587
10874
11049
11669
10984
11470
10950
10577
11499
10973
11214
10926
10637
10909
11690
11016
10881
11497
10534
11444
11397
11275
11693
10788
11351
11661
11089
10592
10806
10777
10996
11283
10650
11695
11180
11140
12529
12141
12745
12726
11715
12609
12580
12846
11888
12280
12330
11772
12629
12310
12719
12424
12244
12242
12557
12331
12442
12967
12342
12773
12753
11939
11894
12335
11733
12565
12536
11755
12053
12039
11978
12635
12073
11719
12907
12770
11993
11728
12258
12901
12863
11986
12838
12963
12670
12486
12032
11946
11973
12555
11811
11834
12106
12285
12161
12250
12257
12319
12462
12714
11822
12875
11814
12743
12853
12271
11808
12821
12340
11753
12512
12314
12854
12939
12152
12886
11737
12137
11886
12435
12339
12385
12808
12960
11721
12484
12849
12627
12636
12509
12047
12941
12969
12297
12884
12134
13660
13463
14123
14039
13807
13715
13032
13148
13152
13027
13495
13663
13059
14114
14112
13329
13804
13012
14284
13404
13419
13642
13480
13031
14211
14111
14291
13280
13458
13843
14105
13528
14194
14096
14099
13965
13800
14004
13771
13219
13177
13111
13053
13369
14244
13257
13470
14235
13308
14018
13494
13466
13693
13190
14075
14262
13295
14012
13240
13085
13222
13701
13947
13618
14199
13975
14083
13711
13291
14207
13866
13941
13362
13498
13583
13327
14226
14273
13324
13574
14058
13820
13578
13832
13628
13591
13427
13391
13492
13685
14269
14189
14183
13109
14215
13441
14192
13045
13418
14078
14814
14863
15210
14859
15034
14496
14701
15081
14368
14310
14795
15080
15190
15572
15321
14761
15308
15139
15109
14431
14397
15478
14768
14875
14865
15331
14646
15186
15061
15163
15209
14744
15250
15439
14994
14697
14807
15586
15228
14478
14825
15291
15060
14427
14711
15384
14552
14599
14774
15112
15171
15416
15177
14469
15369
15089
15127
14534
14858
15471
15527
15240
15361
14540
15599
14790
15129
14937
14828
15499
15344
14950
14413
14405
15424
14725
15349
15031
14868
15205
15073
14905
15305
14779
14624
15434
15522
14927
14853
15169
14762
15290
15141
15178
15483
14971
14742
14539
14667
14352
16313
16596
16002
16295
15995
16825
16781
15793
15645
16123
16200
16097
16572
16607
15741
15934
15641
16884
16301
16162
15761
15748
15853
16372
16762
15966
16764
16867
16369
16343
16428
16070
16305
16389
16822
16406
15622
16751
16610
15972
16463
16632
16721
15900
16082
16381
15695
16025
15771
16003
15956
16110
16437
15603
15990
15906
16896
16314
15791
16848
16569
16415
16376
16259
16212
16484
15721
15754
16627
15740
16235
16429
16098
16880
16303
16091
16801
16399
16161
16147
15961
16419
16727
16115
16084
16494
16813
16174
16538
15899
15692
16124
16355
15687
16351
16125
16892
15743
15827
15979
17623
17455
17658
17558
17772
17567
17486
17049
17086
17936
18046
17280
17644
18170
17399
17338
17164
17685
17066
16959
17794
18140
17442
17660
17450
17343
17407
17299
16933
17746
17119
17826
18034
17995
17619
17134
17287
17821
17585
17967
17749
17733
17655
16970
17358
17646
17818
17639
17856
16987
16909
17801
17675
16948
17982
18183
17579
17013
17333
17908
17175
17352
17667
17020
17664
18078
18081
17334
17582
18024
17152
18107
18126
17563
17546
17165
16957
17285
17906
17264
18109
17763
17312
17905
17690
17819
17383
17226
17441
17375
17774
17935
17382
18098
17059
17956
17922
17806
17961
17674
18968
19079
19244
18258
19450
18344
19083
18357
18555
19146
18557
18362
19471
19372
18652
19171
19033
18790
18354
18290
18732
18609
18398
18953
18591
19242
19295
19289
18210
18598
19022
18733
18617
18484
18788
19482
19159
18665
18806
18322
18890
19355
18991
18786
19063
19175
19424
18901
18241
18851
19116
18302
19412
18587
18637
18809
19449
19189
18883
19319
18866
18618
18817
18608
19143
19421
19324
18927
18980
19179
19017
18700
19206
18627
18463
18982
18915
18990
19028
18677
19005
18853
19074
18727
19320
18898
18214
19095
18232
18728
18339
19164
18862
18488
18628
19413
19252
18375
19382
18437
20492
20189
20755
20782
19853
20387
19835
20236
20276
19712
19558
20467
19692
20351
19760
19912
20430
20452
20443
19942
19710
20100
20485
19739
19875
19987
19992
19520
20135
20060
20173
20007
19565
20020
20411
20166
20034
19933
20733
20254
20437
19867
20367
20132
19914
19666
20118
19607
20040
19842
19637
19788
20512
20002
20192
20633
19945
19773
20483
20106
19902
20352
20158
19796
20427
20712
20466
20194
20275
20228
20665
20424
20066
19619
20555
19854
20536
20715
20200
19892
19805
20458
19669
19780
20010
19774
20232
20676
20295
20121
19921
19839
20791
19752
19539
20700
19652
19815
20172
20722
21616
20816
21026
21390
22097
22087
22021
21637
21174
21002
21328
21134
20917
21308
21782
21964
21395
21771
21429
21185
21175
21433
21941
21489
21916
21473
21457
20883
21595
21850
21513
21661
21515
22088
21177
21873
21281
20856
20810
21113
21609
22000
21402
21343
21247
21699
21011
22093
21347
21355
21913
20993
21353
21795
21146
21219
22001
21702
21929
21387
21119
20821
21075
21176
21945
22050
21810
21584
22082
21755
20895
21193
21010
21087
21148
22028
20990
21725
22016
20954
21709
21295
20968
21128
21905
22043
20919
21628
21902
21955
21038
21641
21316
20877
21854
21841
21553
21300
22067
21868
22804
23354
22497
23271
22304
23292
23321
22266
22129
22808
22333
23097
23219
23258
22770
22571
22902
22112
23345
23228
22688
22490
23267
22441
22818
22308
22757
22470
22205
22816
22314
22121
22352
22604
22977
23150
22149
22390
22997
22596
22605
23030
22230
22146
23067
22983
22753
22952
22828
22100
23190
22376
23310
23311
22961
22985
23299
23243
22916
22742
22448
23175
22165
23084
23032
22327
22364
23063
23373
23055
23239
22934
22721
23022
22911
22948
22905
23384
22756
23200
22161
22247
22345
22309
22450
22812
23165
22396
22338
23170
22548
22226
23004
22491
22947
22267
22257
22373
22621
22959
24459
24031
24109
23504
24395
24236
24010
23888
23520
23600
24687
24196
23759
23484
23870
24258
23549
23711
24491
24373
24677
23489
24324
23419
23754
24005
23876
23903
24601
23417
24265
23789
23988
24049
24411
23574
23577
24025
24401
24269
23680
23646
23725
23548
23706
24667
23666
23868
24357
24654
23768
23778
24076
23734
23935
24645
24605
24469
23701
23620
23604
24465
24253
23841
23891
24084
23981
24289
23747
24508
24412
24499
23444
24674
23898
23801
23434
23536
24428
23611
23742
24009
24557
24124
23964
23830
23559
24138
23769
23735
23753
23491
23831
23554
24207
23934
24077
24521
24697
23696
25678
25141
25799
25148
25643
25814
24990
25057
25852
25575
25202
25723
25762
25197
25390
24895
24912
25773
24970
25824
24976
25546
25682
25653
24903
25823
25163
24769
25286
25529
25719
25779
25663
25261
25226
25655
24821
25654
25217
24861
25364
25790
24944
25632
25425
24905
25693
25898
25282
25167
25627
25295
24981
25106
25642
25925
25986
25339
25989
25369
24894
25278
25763
25503
25636
25685
24840
25845
24910
24884
25765
25001
25974
25976
25304
25768
25208
25055
24815
24747
25838
25854
25040
25731
25733
25297
25738
25674
25794
25992
25172
24852
24712
25405
25955
24846
25958
25225
25798
25878
26999
26823
26408
26497
26507
26548
26872
26805
26846
27297
26148
26294
27058
26056
26866
26729
26707
26771
27164
26890
26331
26767
27095
26879
26847
26575
27100
27264
26873
26034
26383
26709
26136
26940
26936
27052
26425
26668
26251
26433
26739
26366
26266
26773
27295
27086
27293
27169
26650
26225
26829
26320
26427
26844
26092
26024
26127
26142
26301
26144
27038
26474
26564
26099
26235
26105
27094
27245
27278
26020
26574
26520
26003
27159
26607
26090
26346
26700
26126
27290
26201
26533
26060
26261
26152
26043
27128
26841
27283
26798
26696
27117
26665
26354
27012
26162
26234
26014
26687
26860
27802
27431
28518
28505
28398
27769
28538
28324
28293
28292
28413
27718
27967
27980
27570
27553
27536
28008
27672
27670
28336
27786
27827
27355
27386
27965
28007
27616
28334
27820
28009
28266
28080
27402
27452
27309
28395
27696
28366
27661
28173
27836
28015
27952
27863
28079
28256
27843
28378
28285
28056
28132
28211
28263
27961
28034
27665
27622
27951
28358
27591
27859
28406
27369
27393
27325
27456
27621
27806
28561
27318
28000
27612
27522
28267
27912
28585
28327
28203
27463
27457
27391
28153
27412
27484
27519
28372
28035
28545
28037
27485
28269
28329
27860
27688
27438
27506
27834
27578
28420
28633
28658
29499
29827
29743
29263
29284
28712
28693
29872
28751
28724
28741
28840
29271
29124
29264
29640
29799
29757
28877
29470
28813
29522
29170
29553
28623
29754
28858
29839
28714
29199
29149
29050
28972
29512
28989
29681
29100
29230
29745
29774
29718
29190
29076
28822
29094
28990
28683
29165
29432
29131
29397
29323
29418
28896
29657
28754
29026
29578
29015
28661
29847
28694
29832
29103
29292
29808
28782
29729
29855
28917
29725
28993
29350
29024
29545
28699
29844
29650
28759
28614
29155
29192
29142
29066
28831
29561
29454
29585
29483
28843
29744
29441
29193
28947
28615
28879
29147
28783
31032
30272
30599
30170
30607
30020
30935
30201
30095
30136
30556
30583
30595
30524
30161
31049
30377
30310
30321
30352
30411
30123
30091
30940
31140
30065
30993
30770
30801
30638
30053
30766
31079
30641
30480
30353
31170
29919
30362
31152
30589
30523
30984
30867
30922
30725
30937
30748
30996
30110
30972
30472
30221
30895
30837
30153
30825
30633
30800
29968
30094
30459
30962
30901
30761
30238
30658
30929
30986
30145
30281
30873
30243
30905
30133
30370
30439
30849
30433
30838
30146
31046
31155
30676
30776
31083
30100
29927
30848
30451
29992
31180
30977
30662
30050
30951
29995
31195
30756
31156
32142
31634
31331
31625
32394
32010
31741
31413
32035
31687
32079
31376
31332
31682
31573
32285
31922
32097
31652
31561
32028
32381
31552
32437
31460
31736
32170
31601
31670
31309
31610
32322
31542
31356
31710
31449
32041
32112
31514
31388
31320
32052
32260
32037
32385
31345
31528
31720
32485
31592
32103
31950
32064
32109
31488
31767
32383
31479
31459
31765
31932
31814
31665
31881
32139
31672
31377
32444
31986
31415
31426
32333
31261
31384
31974
31984
32317
31966
32415
32194
31360
31396
31442
31280
32036
31269
32315
31770
32251
31980
32448
31559
31352
31273
31271
32100
32467
31277
31341
31284
32792
33236
33247
33642
32575
33784
32882
33130
33317
33492
32751
32991
33663
33442
33733
32719
33343
33796
33104
33550
33061
32677
32765
32789
33401
32899
33100
32510
32866
33466
33779
33667
33731
33665
33458
33468
33239
33420
33335
32931
32633
32834
32701
33759
32574
32726
33187
33734
32592
33463
33429
32573
33727
33618
32959
33163
33382
33389
33620
33028
33576
33768
33318
33444
33559
33493
32763
33411
32561
32768
32536
33030
33679
33026
33097
33134
33306
32756
32507
33229
33730
33474
32522
32985
32883
33016
32762
33255
33504
32826
33293
33174
33374
32787
33792
32527
33347
32823
33735
32798
34135
34202
34900
34459
34886
34213
34026
34447
33812
34558
35093
34689
33808
34770
34604
33962
34942
34078
34626
34430
34231
34821
33930
34082
34979
34755
34947
33862
34084
34473
34651
35008
34686
35054
34787
34653
34362
33870
34777
34691
34596
33800
34819
34511
34563
33907
34943
34854
34763
34089
35088
34354
34081
33978
34235
34276
34786
34461
34452
33828
34014
35032
34955
33905
34474
34726
34439
33929
34267
34291
33864
34367
34622
34699
33939
34516
33822
34702
34309
33866
33913
34765
34895
34343
34893
34297
34300
34640
34126
34415
34299
34106
34639
34789
35017
34610
34617
33988
34753
33860
36167
36336
35300
35455
35726
35288
35968
35570
35389
35922
36179
35749
35117
36055
36319
36325
35809
36225
36281
35676
35318
36285
36146
35977
35863
36258
36010
35887
35267
35619
35512
35959
35738
35232
35612
35789
35352
36303
36021
35433
36024
36034
36113
35307
35204
35984
36169
35880
35495
36065
36390
35675
35785
35641
35256
36375
35698
35323
35348
35798
35271
35836
35534
35494
35547
35982
36372
35674
35751
36361
35298
35179
36266
36006
35548
35583
36308
35125
35566
35709
35565
35998
35706
36000
35694
35231
35627
36122
35228
35528
35598
35531
35897
35321
35105
35642
35972
36264
35985
35143
36507
37516
37144
36859
36891
36736
37550
37633
37626
37050
37016
37171
36680
36453
36864
37382
37324
37099
36777
36455
36495
36718
37031
37169
36729
36830
36993
36695
37430
36863
37036
36945
36675
37009
36963
37215
36516
37142
37025
36496
37548
36944
37258
37659
36502
37555
36748
36744
37120
37523
36721
36959
36776
37646
37089
37283
36490
37022
36890
37551
36941
37532
37235
37696
37674
37304
36591
37093
36901
37227
36730
37084
36650
37436
37289
36753
37346
36575
37205
36597
37375
36829
37097
37621
36896
37362
37301
36977
37035
36553
36972
37221
37632
37354
36656
36603
37202
36879
37153
37377
38965
37998
38658
38938
38517
38802
38023
37739
38011
38325
38463
37950
38742
38670
37703
38441
38199
38072
37810
38005
38842
38149
38085
37756
38101
38113
38832
38754
38484
38386
38678
37726
38599
38953
37755
38471
38826
38088
38737
38825
38888
38614
38541
38635
37838
38592
38734
38545
37771
38769
37975
38296
38343
38657
38947
38534
38116
38935
38324
38868
38494
38229
38867
37750
37833
38950
38045
38711
38376
38353
38819
38939
37728
38097
38664
37758
37751
37791
37793
38373
38976
38453
38524
38405
37727
38612
37839
38144
38239
38774
38205
38096
37702
38890
38920
38669
38459
38780
38977
38404
39957
40223
39102
39174
39127
39404
39551
40119
39840
39468
39760
39601
39929
40260
39396
39148
39718
39589
39565
40058
39435
39272
40107
39463
39238
39320
40178
39909
39984
40147
39878
39911
39507
39483
39446
39897
40053
39352
40010
39979
39234
39199
39332
39773
39768
39445
39054
40081
39163
39974
39523
40144
40229
40134
39655
39371
39590
40298
39946
39775
39440
39110
39658
39787
39563
39168
39663
39369
39026
39071
39365
39529
39998
39011
39473
39093
40285
39949
39187
40258
39263
39870
39453
39346
40080
39649
39343
39194
40016
39977
39570
39043
39698
39584
39008
39900
39520
39392
39956
39881
40358
40376
40716
41194
41443
40932
41239
41020
40700
41271
40386
40428
40433
41223
41570
40808
41219
41561
41051
41486
40994
41591
40836
41009
40448
41400
40778
41537
40442
40946
41071
40891
41438
41346
40833
41378
40636
41093
41476
40545
41100
41142
40961
40550
40420
41525
40415
41088
41471
40354
41032
40890
40340
41196
41279
40895
41306
41208
40738
41034
40828
41109
41421
40484
40937
40535
41560
41508
40472
41576
41242
40801
40609
40705
41548
40821
41371
40634
40383
41029
40754
41258
40509
40468
41587
41312
41403
40666
40304
41521
40779
40504
41288
40725
41188
41432
40538
40416
41095
40604
42060
42670
42480
41953
42723
42757
42607
42325
42294
42825
42664
41750
42816
41708
42657
42595
42538
41846
42344
42143
42770
41923
41918
42307
42696
41796
42091
41857
42532
42160
41936
42585
42601
41786
42028
42456
42383
41945
41698
42651
41788
42393
42434
42117
42211
41737
42470
42130
42650
41975
41693
42318
42549
42848
42877
42840
42517
42298
41853
41807
42014
41812
41973
42355
41670
41863
42888
41675
42839
42581
42515
41639
42571
42350
42328
41755
42228
42418
42580
42521
41642
42746
42377
42021
42156
41912
42501
42557
42031
42553
41917
42786
41956
42336
41745
41764
42186
42366
42373
41756
44093
44162
43774
43824
43431
43562
44101
43242
43495
43184
43301
43520
42946
43353
43113
43782
43459
43405
44163
43725
43167
43740
43254
43792
43034
43166
44125
43208
43314
43973
44195
43497
43247
42968
43121
43870
43571
44116
42934
43676
43581
43200
43576
44057
43122
43783
44143
43999
44149
43151
43465
43214
43530
43728
43719
43213
44019
43032
43467
43759
43175
43897
43176
43650
43867
43434
43252
44064
43607
43017
43062
44167
43715
43132
43082
43949
43988
43350
43839
43401
43038
44041
42943
43226
43478
43623
43317
43344
43468
43663
43583
43977
44039
44075
43207
44158
43287
43056
42967
43536
44324
45492
44596
44308
44540
45292
45029
44297
45473
45244
45100
45440
44321
44728
44946
45204
44615
44241
44692
44886
45279
44999
44423
45313
44610
45002
44303
45254
44213
45175
44305
44397
45408
44894
44399
45252
45464
45267
44642
45272
44393
45185
45228
45284
44294
45180
45186
44246
45293
45019
44392
44367
45227
44947
45340
44896
44328
44422
45087
45098
44614
45090
45171
44439
45169
44670
45046
45358
44504
44361
44949
44903
45208
45247
45268
45323
44669
44398
44479
44362
44507
44218
45081
44253
44561
44913
45493
44279
44612
44341
45112
45146
44788
45303
44571
45221
44456
45459
44202
44388
46098
45876
46628
46488
46394
46556
45606
46437
46012
46376
45623
46624
46538
45608
46611
46759
46536
45689
45805
45715
45541
45735
46580
45588
46676
45636
46426
46090
46155
45710
45862
45551
46011
46627
45927
46583
45882
46118
45672
46663
46723
46086
45545
45913
46600
45965
45984
45827
45769
45867
46075
45668
46713
46716
45854
46604
45694
46552
46209
46325
46784
46338
46250
46424
45533
45794
46324
46168
46708
46203
45818
46587
45592
46693
46199
45911
46685
45981
46534
46776
45536
46304
46695
46775
46517
45682
46120
45509
45785
46177
45946
46333
45742
45684
46541
45893
45554
45778
46468
45935
47680
47260
47206
47646
47565
47532
47239
47858
46933
48084
47413
47593
47507
47487
47688
46865
46875
46980
47590
47730
47976
48025
47407
47893
47345
47628
47883
47594
47051
46818
46929
47296
47010
47067
48098
47021
47442
47527
47208
47548
47374
47715
47734
47807
46869
47823
46859
47712
48046
47920
47222
47497
47036
47066
47996
47940
47531
47455
47249
47437
47895
47428
47280
46836
47291
47318
47584
47979
47391
47852
47099
47266
47399
47585
47314
47012
46931
47238
47519
47572
47727
47675
47410
48060
48078
47255
47713
46823
47477
47059
47093
47231
47060
47072
47297
47856
47842
47894
47736
47145
48889
48379
48308
48369
48958
48478
49121
48382
48422
48894
48566
48950
49087
48337
48794
49016
48788
48457
48592
48942
49266
49355
49227
48602
49231
48130
49373
48631
48110
48991
48409
48372
48884
48523
48833
48298
48578
49050
49127
49091
48540
49309
48425
48362
49249
49138
49204
48570
49348
48257
49320
48548
48545
48637
49359
48984
48444
48334
48598
48236
48121
48265
48203
49211
49392
48251
49219
49071
49084
49374
48845
48574
48508
48152
48643
48323
49396
48965
48567
48161
48300
48416
48972
48304
49251
48900
48226
48882
48876
49252
48448
48234
49046
49285
48460
48748
48155
48538
48343
49315
50561
50638
50683
50691
49940
50416
50596
49664
50313
49584
49513
49917
49569
50465
49502
49840
50698
50051
50526
50550
49504
49586
50231
50418
50172
49993
49719
50697
49925
50062
50598
50655
49935
50530
50058
50285
50507
50495
50539
49645
49890
50480
49648
49782
49577
50388
50562
50291
49638
50491
49698
50322
50385
49535
50522
49525
50439
50337
49523
50591
49500
49529
50487
50258
50486
50627
49933
49674
49872
49429
49444
49696
49540
50647
49718
49603
50633
49468
50344
50205
49493
50129
49740
50453
50450
49784
49419
49804
50625
50211
49426
49643
50347
50295
49450
49670
50215
50117
49549
49490
51201
51704
51740
51392
51120
51396
51443
51583
51984
50867
51548
50767
51623
51818
51014
51405
51688
51786
51800
51377
51803
51426
51187
50820
51579
50939
51401
51853
51088
51864
51419
51551
51692
51506
50756
51729
51748
51705
50847
50889
51477
51331
51241
51427
51659
51056
51292
51725
51646
51458
51571
51828
51822
51424
50713
51678
51609
51212
50980
51244
51091
51805
50897
51108
51862
50768
51681
51808
50955
51099
51556
51192
51691
51495
51744
51404
51907
51203
51715
51176
51532
51554
50960
51337
51041
51386
50779
50888
50954
51005
50940
51154
51580
51796
50733
50703
50887
51169
51289
51949
53173
52250
52510
52198
52522
52304
53270
52203
52988
53186
52154
52396
52909
52467
52283
52505
52054
53286
52778
52887
53172
52998
53156
52168
52677
52093
52458
52450
52935
52114
52675
53179
52094
53078
52416
52276
52384
52459
52162
52590
52730
53283
52436
52709
52585
52650
52158
52156
53003
52414
52117
53287
53118
53089
52403
52264
52959
53080
52696
52015
52692
52689
52309
52765
52496
53221
52820
53051
52350
53092
53057
53220
52847
52118
52694
52669
53110
52864
52599
52018
52417
52789
52731
52717
52774
52961
53224
52004
52722
53154
52032
52908
52226
52511
52193
52225
52901
52297
52980
52415
54451
54096
53612
54023
54560
53908
54388
54545
54271
53705
53403
53737
53504
53844
53761
54329
53806
53623
53741
53302
54543
54456
54156
54580
53579
53500
53832
53962
53502
54306
54512
54100
53695
53838
54524
54442
54077
53529
54304
54189
54143
53490
53865
53833
54569
53754
54218
54521
53610
54269
54094
53919
53779
54477
54370
54523
53555
54300
54024
54302
53463
54018
53870
53439
54065
54508
53939
53527
53586
54081
54346
53422
53576
53503
54060
53765
53666
54072
54037
53864
54027
53787
53804
53892
54067
53807
53799
54224
53635
53398
53438
54257
54486
54038
54339
54573
53837
54325
53884
54041
54984
55025
55798
55026
54626
55325
55205
55061
55000
55156
54740
54697
55698
55812
55053
54950
55233
55054
55606
54779
55023
55739
55663
55470
55193
55866
54675
55655
55406
55500
54813
55400
55175
54663
55585
55543
54756
54645
54842
54943
55670
54678
55249
54811
54615
55486
54954
55425
54619
54801
55209
55827
55811
55760
54798
54908
55224
54656
55252
55594
55726
54884
54734
55157
55264
55618
55868
54604
55395
55588
55628
55223
55638
55182
55174
55490
55243
54870
54791
55381
54710
54686
55841
55604
55853
55545
55897
55302
54929
55347
55432
54936
55062
55890
54854
55269
54657
55172
55676
55482
57046
56004
56585
56112
56782
56359
56484
56968
56230
56858
56156
56722
56486
57120
56567
56827
56063
56305
56238
56086
56654
57074
56565
56013
56033
56148
56082
56925
56863
55920
57118
57065
57057
56085
56703
56437
55931
56036
56362
56367
56177
56397
56201
56259
56766
56510
56139
56208
56377
57075
56573
57034
56420
56718
56606
56473
56883
56392
57026
57197
56887
56723
56149
56067
56818
57114
56898
56344
56495
56182
56003
56682
56824
57124
56713
56375
56641
56951
55957
56044
56188
56501
56750
57076
56091
56597
55992
56672
56506
56256
56509
56593
56934
56449
55939
56838
56212
56340
56310
56955
58208
57758
57581
58138
58192
57450
57548
57690
58412
58276
57923
57492
57988
57498
58388
58490
57233
57444
57461
57757
58439
57860
57211
58354
57558
58459
57513
57755
57648
57583
57602
57457
57497
58351
58028
57235
57349
58281
57274
57699
57290
57874
57421
58247
57314
58264
58156
57948
58069
58302
57815
58196
57452
57209
58036
57260
57208
57610
58136
57223
57484
57902
57460
57801
57714
57356
58074
58417
57551
57905
57635
57482
57480
57556
57364
57919
57898
57429
57987
58365
57441
57611
58451
57430
57669
58278
58056
58291
57849
58127
57467
58313
58172
57449
57696
58269
58066
57422
57818
57344
59235
59044
59368
58891
59226
59386
58894
59257
58711
59051
59567
58909
59383
59670
59410
59782
58887
58573
59750
59631
59617
58540
58641
58598
58685
59350
58863
58507
59358
59731
59228
58952
59022
58865
58873
59370
59444
59622
59553
58555
59189
58985
58572
58521
59532
59170
59784
59306
59186
58998
58591
59653
59099
59212
59261
59061
58925
58657
59606
59624
58777
59578
59236
58629
58675
59556
59671
59537
59111
58870
59122
59066
59665
59580
59745
59577
59451
59371
59395
59154
59415
58940
59460
59018
59313
59770
59772
58531
59345
59417
58664
59693
58602
59302
58867
59400
59282
58535
59374
59109
60524
59968
59988
60878
59899
60908
60994
60158
61058
60421
60338
60978
60051
60198
60310
60819
61079
60968
59894
59983
60562
60436
60258
60329
60162
60788
60427
59872
60242
60980
60998
60822
60104
59854
60450
61053
60233
61091
60745
60670
61064
60440
59810
59985
60184
60854
60559
60816
59909
59932
60282
60896
60419
60372
60493
60510
59962
60271
60712
60583
61060
60799
60382
60263
60060
60178
60623
61032
60033
59954
60940
60925
60903
60135
60366
59952
60912
60726
59998
59849
60348
60782
60606
60072
60528
60336
60251
60626
60186
60561
60303
60913
59819
59902
60771
60076
61080
60787
60253
60039
61816
62080
62274
61809
61267
61961
61383
61875
62235
61154
61596
62066
62018
62355
61773
62268
61404
62302
61499
62041
61289
61198
61131
61327
61139
62032
62238
61103
61299
61955
61547
62389
61550
62395
62255
62136
61122
61384
61920
61459
62399
61437
61285
61868
62123
61359
61745
61485
61503
61474
61939
61143
61442
61862
62280
62271
62220
61984
61606
61370
61658
61748
62087
62059
61163
61826
62187
61209
61132
61882
61460
61917
62090
61291
61221
61783
61182
61318
61710
62115
61879
61691
61766
62337
61323
61708
61974
61361
61982
62371
61663
62038
61907
62082
62084
61742
61254
62390
62062
62151
62716
62878
62933
62875
63431
63073
62954
62565
63345
62574
62624
63575
62960
63019
63202
63596
62582
62831
63354
63683
62749
62839
63165
62974
63147
62469
63153
62947
63321
62727
63655
63334
63558
63448
63288
62854
63585
63426
63587
63085
63550
63152
62649
62999
63633
62992
62962
63390
63428
62453
62513
63511
62594
63097
62980
62940
63554
63530
63662
63546
63435
63092
63141
62810
63477
63014
62882
63119
63472
63066
63249
63079
63588
62769
63413
62909
62473
63451
63567
62928
62494
63082
63359
62997
63041
63136
63375
62459
63507
63590
62417
63584
62696
62625
62476
62545
63622
63105
63614
63525
64928
64549
63818
64098
64775
64144
64600
63840
63814
64954
64473
64698
64516
63983
64068
64945
64378
64751
63878
64351
64420
64173
63937
64265
64148
64931
64444
64652
64951
64273
64074
64183
64504
64632
64223
63982
63824
64777
64822
64156
64462
63760
64932
63978
63861
64676
64072
64729
64779
64966
64790
64310
64294
63876
64142
64073
63746
63786
63966
64866
64889
64502
63944
64905
63988
64062
64140
64101
64097
64933
64186
64150
64235
64714
63833
64467
64270
63959
64853
64272
64902
64282
64691
64997
64907
64231
64201
64515
64581
63998
64023
64471
64005
64696
64370
64128
64099
63790
64331
64709
65219
65831
66148
65102
65704
65841
66078
65035
65726
66096
65530
66155
65048
65263
65819
66175
66259
65289
66190
65522
65375
65482
65931
65013
65870
65828
65376
66264
66206
65610
65890
65036
65881
65600
65923
66174
65561
65403
65598
66005
65074
65406
65692
65873
66069
65723
65971
65426
65265
66163
65572
66044
65082
66017
65565
65852
65453
65023
65637
65489
65812
66252
66238
65014
65316
65348
65880
65887
65596
65149
65463
65222
65758
66292
66027
65710
65909
65703
66168
65034
65193
66219
65568
65691
65278
65745
66243
65340
65885
66025
65822
65948
65241
66203
65073
66297
65110
65174
65539
65955
66895
66634
66868
67524
66549
67392
66650
66435
67579
67584
66618
67025
67250
66831
66521
66955
66399
66972
66525
67226
67030
67259
66633
66968
66562
66931
67387
67312
66461
66649
67106
67178
67122
67400
66570
66395
66577
67163
67110
66505
66785
66943
66893
67111
66759
66445
66613
67594
66712
66963
67410
66740
66923
66546
66554
67510
67181
67422
66849
66662
67484
66876
67503
66734
66770
67247
67427
66687
67136
66843
67246
66309
66758
67571
66541
66406
66779
67433
67306
67425
67022
67256
66884
67497
67570
66604
66412
67090
67204
67377
66705
66483
66551
67543
66602
66865
67123
67416
67596
67476
68301
68450
68304
68780
67740
67734
67612
67966
67925
68068
68273
68431
68681
68740
68843
68053
68468
68144
67616
68720
68481
68168
68438
68529
68006
68056
67602
67843
68841
67712
68724
68354
68725
68101
67972
68497
67635
68733
67935
68167
67656
68171
68562
68016
67904
67844
68898
68722
68046
68374
68776
68321
68640
68340
68221
67736
67793
68812
68084
68373
67820
68356
68886
68828
68532
68588
68743
68490
67753
68237
67903
67991
68582
68345
67943
68037
68848
67897
68824
67788
68331
67807
67777
68351
67968
67611
68098
67640
68842
67951
68708
68020
67969
68815
68731
68883
68745
67999
67835
67708
69071
68998
69871
70189
69296
69746
70037
69536
69329
69188
69584
69177
69190
69324
68987
70053
69715
69985
69058
69994
69493
69799
69267
69784
69364
69534
69858
69869
68957
70093
70052
69212
70148
70182
69522
69480
69679
69352
69083
69455
70146
69218
69475
68904
69305
69426
69712
70082
70155
69698
69515
69535
68984
69234
69031
69120
70060
70176
69320
69290
69351
70042
68915
69923
69059
68931
69538
68918
69187
70174
69098
69327
69916
69471
69932
69900
69610
69849
69456
69284
69238
69495
68954
69542
69285
69969
70054
70069
69023
69580
70092
69166
68947
69539
69901
69423
69200
69983
70087
69402
70463
71464
71004
70331
70599
70879
70948
70351
70909
70567
70710
71031
71243
71257
70236
70229
70780
71486
71258
70845
70745
71343
70508
71129
70274
71335
70962
71062
70518
70675
70368
71342
70929
70722
71406
70836
70207
70285
70262
70260
71239
70554
71471
70949
70503
71241
70415
70208
70590
71045
71293
71499
71060
71452
70945
71359
70513
70788
71484
70944
70352
70460
70650
70328
70705
70718
70425
70421
70295
70716
70600
71400
70478
71002
70698
71372
70277
71071
71104
70404
71019
71103
70785
71327
70379
71493
71428
70603
70366
70435
70700
71434
70343
70334
71328
70484
70636
70493
71193
70999
71874
71596
71614
72309
71713
71832
72556
72005
71792
71987
71920
72400
71632
72288
72615
72617
71690
72224
71513
71625
72662
72495
72242
72598
72727
72380
72669
72522
72673
71825
72226
72594
71652
72266
71650
72023
72122
72105
71590
72793
72398
72180
71609
71654
72733
71603
71635
71738
71695
71721
72343
71642
71875
72216
72783
72243
72633
71804
72708
72765
72684
72029
71734
72075
72411
72278
71887
72291
72646
72149
72785
71501
71840
72774
72300
71864
71953
72578
72090
72013
72385
72148
71568
71872
71692
72766
72683
71521
72527
72009
71983
72689
71882
72462
72534
72741
71986
72381
71600
71671
73558
72906
73520
73108
73897
73756
73946
73480
72962
73021
73545
73843
72891
73999
73429
74062
73403
73346
72810
73828
73814
73519
73846
73748
73355
73184
73713
72976
72924
73285
73734
74012
73599
72838
72996
73331
73198
73340
73187
73138
72912
73250
73841
72972
73399
74069
72966
72905
73883
72953
73312
73147
73170
72930
73286
72836
73988
73192
72815
73651
73113
74098
73372
72903
72869
73037
72961
72993
72900
72915
72947
72805
74002
73032
73123
74084
73705
73893
72874
72820
74044
74003
73185
73597
74094
73472
73049
73718
73515
74059
73259
73932
73208
73850
73087
73730
73085
72901
73555
73175
75126
74890
75361
74624
75028
74118
74231
74674
74883
74176
74368
74901
74139
74155
74328
74202
74618
75348
74462
74177
75034
74776
74136
74137
75303
75254
74304
74312
75150
75166
74190
75306
74781
75305
75243
74983
74433
75279
74172
75395
74982
75038
74320
74980
75313
74620
75302
74228
75369
74640
75098
74880
75119
74207
74797
75366
75141
74900
74649
74630
74439
74597
74928
74791
74794
74178
75367
74659
74955
74972
74456
75018
75013
74855
74402
74182
74478
75048
75368
74588
74821
74256
74858
74561
74614
75387
74688
74979
75356
74171
74650
74682
75289
74802
74916
74108
74508
75390
74450
75347
75583
76209
75562
76347
76633
75581
76405
75686
76295
76231
75822
76100
75992
75956
75541
75881
75950
75500
76550
76611
75766
76659
76203
75927
76095
76191
75953
75689
76342
75883
76172
75452
75601
75933
76304
76140
75874
76417
76681
75921
76418
75726
76456
76271
76427
76110
75841
76200
76331
75612
76419
75522
75542
76698
75833
75469
76294
76053
76568
75764
76013
75771
76598
76670
76267
75474
75408
75760
75449
75693
75904
76024
75783
76380
76270
75520
76001
76325
76487
75734
76175
76147
75619
75929
75402
76048
76290
76219
76337
75609
76696
75807
76165
75433
75577
75800
75539
75931
75568
76609
76888
77914
77599
77539
76872
76784
77713
77506
77733
77688
76720
76873
77542
77396
77377
77816
77657
77457
77426
77488
76856
76796
76974
76919
76727
77232
76785
77726
76947
76982
77102
77069
77075
77741
77108
77559
76834
76927
77772
77212
77629
77135
76845
77068
77925
77564
77076
77230
77281
77970
77752
76718
77235
77170
77466
77441
77234
76782
77608
77272
77747
77736
77407
77395
77328
77138
77526
77931
77410
77171
76918
77706
76975
77994
77625
76811
77630
77812
77434
77154
77211
76925
77661
77677
77544
77324
77956
77477
77694
77664
77413
77530
76803
77002
77808
77534
77838
77373
77922
77954
78383
79181
79073
78831
78073
78032
78628
79096
79170
79046
79133
78402
78355
79128
78115
78045
78915
79086
78551
78168
79290
78225
78670
78894
78288
78233
79230
78417
79041
78343
78328
78074
79208
78150
78748
79048
78049
78449
78436
78263
79071
78394
78736
79244
78538
78961
78569
79192
78172
78860
78629
78838
78298
78121
78587
78564
78357
78508
78330
78487
78630
78811
78737
78210
78824
78550
78062
78751
78827
78401
78016
78089
78257
78741
78365
79199
78241
78356
79187
78234
78725
78086
78514
79014
78572
79004
78131
79065
78821
78933
78128
78415
78273
78873
79163
78426
78614
78868
79011
78556
79449
79885
80567
80270
79656
79731
80407
80107
79469
79653
80499
80298
80127
80003
80375
79467
79427
80293
80087
80540
79806
79493
79570
79655
79538
79901
80277
80529
80550
80452
79325
80483
79629
80069
79337
80576
79499
80130
80555
80271
79383
80108
79921
79997
79552
79964
80376
80491
80151
79513
79474
80451
79548
79558
79339
80093
79677
79836
79433
80427
79763
79330
80088
80006
79644
80202
79650
79927
79754
79860
79344
79316
80467
80363
79315
79465
79647
79915
79659
80495
79732
79875
79668
79605
80100
79542
80012
80509
79357
79702
79986
79317
79950
80110
80579
80521
79354
79378
79537
80536
80673
80855
81547
81564
81682
80972
81615
81826
80814
81378
81463
81012
81688
81056
80638
81365
80754
81290
81825
81768
81561
81281
80876
80907
80730
80718
81762
80664
81173
81678
81255
80709
81138
81349
81555
81460
81611
81893
81197
81500
81841
81864
81868
80742
80992
81852
81037
81313
81029
81373
80629
80956
80820
80914
81115
81127
80915
81028
81574
81496
80900
81620
80818
80847
81427
80639
81578
80821
81589
81576
81683
81614
81662
80700
81477
80878
80622
80792
81187
80723
81408
81315
81284
80886
81063
81612
81782
81074
81781
81554
81419
80696
80728
80945
81491
81110
81354
81359
81345
80636
83059
82946
83161
82861
82857
81967
82389
82130
82466
82748
82443
82484
82114
82638
83014
82915
83147
82446
82726
82600
82502
82941
82004
82304
82129
82577
82613
82633
82315
82881
82522
82848
82764
83096
82266
82710
82687
82594
83185
81974
82868
82729
82535
83025
82051
82332
82492
82490
83125
82366
82456
81900
83172
82491
82624
82597
82408
82011
82220
82368
82888
82222
81950
82755
82587
82276
82789
82418
83166
82610
82108
81941
82095
82576
83022
82923
81957
82357
82119
83113
82010
82968
82074
82750
83137
82955
82557
82083
83039
82930
82474
82538
82896
82681
82701
82379
83180
82207
82855
82928
83767
83614
83744
84041
83586
83475
83286
83988
83268
83216
83955
84397
83353
83781
83215
83814
84040
84415
83261
83416
84135
83998
84124
83660
83880
84458
83666
83897
83887
84488
83622
83724
83769
83786
84218
83429
84304
84109
84191
84099
84380
84342
84454
83951
84370
83861
83697
83617
84057
84252
84055
83620
83700
83388
83691
83971
84133
83618
84422
83307
83627
84299
84261
83611
84364
84303
84351
84384
83964
83664
84319
83524
83328
83984
84053
84471
84154
83957
84334
84022
84120
84230
84003
84447
83652
84440
83993
84361
84307
83855
84479
83658
83477
83599
84160
84336
83901
83399
83351
83760
85425
85453
84663
85796
85680
85185
85045
85025
84960
85108
84868
85202
85572
85234
85748
85623
84962
85442
85103
84664
85135
85520
85164
85431
85076
85716
84964
84790
84805
84988
85662
85726
85775
84567
85756
85785
85599
85284
85638
84972
85532
84959
84878
84738
85582
85573
85760
84759
85430
84701
84784
85645
85173
85648
84951
84993
85049
85501
84978
85376
85554
84958
84986
84771
85769
85672
84770
84901
85031
84747
85211
84787
85535
84909
85186
85400
85163
85255
85498
84994
85567
85459
85159
85699
85724
85104
85257
85689
84537
85478
84638
84627
84865
85624
84737
85124
84961
85770
85487
85615
86201
86534
86883
86829
86734
86127
86058
86586
86776
86953
85947
86785
86513
86766
86925
86576
86385
86235
86992
87061
86114
86449
86642
86997
85885
86643
86422
86006
87022
87042
86632
87014
86684
86005
86521
87054
86499
86691
86351
86087
86282
86491
86736
87027
86487
86137
86675
86218
86938
87097
86891
86361
86183
86518
86260
86429
85986
86272
86294
85982
86476
86787
85812
87070
85971
86182
86778
87006
86694
85847
86753
86821
86393
86965
86276
85946
86625
86548
86841
86856
86000
85802
86022
86967
86806
86474
86705
85827
86788
86717
86575
87010
87012
86791
85901
86313
86607
86627
86940
86595
88338
87583
87884
87599
87488
87848
87769
87705
88290
88305
88247
87116
88037
88186
87355
87405
88385
88242
87785
88288
87995
87261
87332
88042
87879
87186
87115
87343
88337
87851
88170
87194
87963
87114
88156
87292
88277
87268
88291
87708
87603
88205
87934
87416
87913
87877
87352
87630
87139
87436
87988
87446
87975
88230
87745
88381
87856
88314
87627
88140
87467
87553
88251
87185
88108
88195
87515
87955
87698
87290
87561
87639
87143
87160
87345
87903
87985
87399
87199
87703
87881
88317
87320
88125
87733
87309
88213
87127
88144
88060
87567
87509
87445
87590
87943
88302
87101
87973
88331
87140
88613
88510
89541
88458
88812
89696
89089
89014
89200
89686
89403
89612
88436
88445
89364
89472
89558
88963
88940
89271
88411
89384
88677
89199
89156
89053
89304
88508
89540
89215
88755
88756
88476
88753
89172
89232
89182
89518
89227
89542
88417
88563
88888
88739
88901
88424
88574
89434
88594
89345
89234
89249
88998
89069
89337
89223
88734
88643
88402
88575
89573
88813
88924
88828
89577
89595
89311
88435
88944
89587
89387
89492
88702
88801
89184
88478
89598
89043
88630
88625
88798
89164
89552
88558
88800
88497
89035
88675
89503
89141
88530
89528
89439
88695
89378
88432
89671
89265
89666
88430
90865
90822
90476
90292
90296
90834
90767
90901
90760
90981
90961
90991
90607
90821
90904
90437
89816
90209
90781
90933
90612
90126
90010
90194
90537
90962
90039
90297
90334
89700
90345
90041
89864
90752
90125
89770
90139
90078
90915
90208
89986
90237
89994
90900
89797
90283
90327
90367
90509
90045
89966
90698
89872
90258
90568
90959
90249
89801
90003
89731
90416
90383
90001
90528
89719
89838
90600
90375
90572
90017
90113
90741
89845
90911
90569
90423
90324
90738
90337
90908
90835
90665
90316
90820
90982
90928
90872
90999
90264
90448
90231
90028
90608
89955
90226
89811
90993
90762
89824
90594
92223
92109
92156
91958
91838
91576
91905
91360
91268
91494
92115
91396
91412
92107
92080
91926
91405
91152
91981
91248
91402
91481
91711
92097
91875
91540
91372
91390
91895
92286
91399
91879
92022
91835
91960
92288
92173
92162
91281
91699
91414
91006
91508
91308
92272
92140
91962
92244
92038
91241
91468
91013
91401
91294
91931
91057
91060
91472
91558
91274
91190
91918
92186
91356
92153
91687
91415
91874
91079
92289
91954
92063
91288
91628
91820
91677
91332
92123
91172
92132
91799
91700
91441
91091
91749
91581
91147
91515
92258
91890
91259
92151
91917
91884
92021
91724
91574
91146
91082
91003
93048
92561
93462
93215
93263
92866
92802
92614
93275
92864
93488
92686
92487
92386
93485
92951
93381
92648
93143
93598
92352
92687
92659
92546
93250
93171
93445
92390
92933
93102
93474
93034
93088
92650
93014
92857
92433
93321
92411
93124
92542
92464
92405
93477
92992
92409
92787
93024
93133
92412
92684
92633
92898
92786
93261
93083
92884
92545
93255
92693
93426
93451
92301
93103
92356
92584
93443
92474
93338
93123
92607
92460
93572
92848
93372
93154
92457
93455
93112
92661
92738
92639
92920
93406
92715
92918
92419
92381
92430
92493
92554
93260
93050
93178
93559
92462
93023
93560
93070
92721
94211
93954
94140
94457
93936
94783
93671
93817
94336
94853
93613
94577
94082
93699
94345
94158
94277
94838
94595
94878
94267
94340
94396
94761
94855
94482
94742
93611
94618
94367
93931
94636
93605
94629
94072
94493
94523
94695
94503
93977
94788
94895
93951
94152
93979
94301
93629
94369
94644
94617
94438
93643
94303
94223
94426
94409
93731
94167
94840
94481
93718
93659
93750
94141
94514
94350
94338
94031
94584
94774
94430
94696
93804
94828
93678
94466
93650
94019
93666
93646
94036
94272
94451
94358
94874
94197
94136
94845
94740
93748
94600
94283
93609
93710
93940
94745
94113
94667
94639
94394
95601
95600
95289
96069
96199
95769
94996
96196
95367
95982
95414
95332
95512
95320
95941
95844
95683
96007
95626
95805
95939
95003
95343
96022
95675
95542
95248
95078
95585
95486
94941
96120
95732
95541
95040
95624
95920
95523
96183
95580
95103
95760
96143
95205
96142
94913
95651
95670
95774
96017
95987
95755
95678
95042
95984
95331
96049
94937
95693
96129
95250
96127
95928
95652
95410
95879
96166
95139
95404
95596
95555
95171
95049
95867
94935
95544
96083
95005
95629
95346
96056
95877
95142
95864
95940
95148
95244
95444
95882
95423
95000
95114
95808
95361
95715
96097
95273
95044
95352
95785
97218
97108
96798
97016
96686
97368
97203
97429
96995
97494
96411
96600
97233
96800
96669
97158
97087
97113
97228
96553
96253
96524
96525
97451
97300
97473
96998
96786
97136
96835
97054
96501
97360
97317
97249
96460
97362
97095
96327
97162
96463
96957
97379
97445
97107
97434
96906
96560
97244
96737
96596
96651
97066
97440
96399
96978
97059
97274
96249
96346
96840
97186
97419
96221
97261
97491
96744
97283
96315
97350
97232
97490
97308
96592
97271
97082
97358
97347
97077
96403
96211
97106
96255
96683
96534
97453
97357
97404
96923
96754
96931
96875
96233
96609
97079
96218
97179
96200
96527
97011
97772
97785
98435
98116
97841
97653
98630
98296
98700
98720
97604
98461
98632
98597
97869
98652
98502
98181
97994
98238
98261
98522
97501
98228
97826
97750
98512
98605
97755
98226
97551
98295
97945
97552
98386
98171
97541
97710
97507
98487
98527
97771
98442
97569
97778
97634
98208
98048
98614
97605
97528
97669
98050
97960
97708
98729
98579
98467
98277
97784
97629
98791
98348
98576
98643
98326
98727
98314
98347
98107
97600
98460
98757
97728
98634
98159
97997
97564
97748
98439
98303
98100
98318
98121
98496
97948
98198
98014
97689
98372
98393
98336
98691
97594
98346
97882
98633
98510
98339
98426
99602
99560
98869
99155
99640
99490
99730
99112
99422
99009
98949
99590
99639
99571
99726
99145
99851
99322
99826
98904
99101
99010
98982
100059
99140
99642
99276
98983
98993
99116
99001
99990
99575
99955
100079
99487
99744
99521
98970
99980
100084
99050
99210
99563
99556
100042
99038
100034
99409
100071
99046
99400
99872
99434
98952
99683
99390
99647
98871
100036
99603
99821
99948
99587
100086
99135
98804
99845
99000
99273
99378
99937
98823
99023
99874
99298
99467
99681
98832
100081
98926
99735
100067
100094
98905
99245
98828
98942
99319
99672
99897
99876
99047
99425
99884
98877
99125
99365
99912
99144
101215
100469
100412
101109
101098
100424
100903
101177
101372
101240
100248
101139
101009
100122
100790
100101
100629
100885
100704
101262
100889
100553
101077
100970
100779
100495
101010
101172
101123
100691
100725
100330
101212
100562
100535
100544
100543
100918
100952
101176
100149
100870
101294
101101
100261
100793
100304
100935
100363
101063
100124
100788
101005
100803
100292
100403
101038
101214
100274
101099
100446
100765
100714
100172
100662
100638
100465
100324
101046
101126
100926
101284
100611
100125
100607
100121
101169
100353
101035
101319
100270
100168
100576
100226
100262
100239
100797
101236
100678
100180
100493
101034
100393
100537
100905
100608
100179
101229
100579
100345
102547
101669
101925
101739
102470
101553
101680
101448
102599
102620
102157
102425
101625
102530
101838
102235
102257
101813
102468
102115
101828
101586
102481
102549
101677
102238
102352
101490
101864
102241
101942
101405
102586
101627
102163
101866
102308
101955
102003
102294
102429
102546
101948
101970
102592
102321
101960
101973
102478
102310
102567
101440
102641
101655
102090
102388
101482
102355
102644
101979
101991
102172
101740
102202
102423
102409
102496
102623
102502
102608
102229
102432
101999
102689
102360
101850
102493
102640
101773
102463
101441
101576
102304
101430
101741
101878
102366
101639
101937
102697
102555
102693
102421
102364
102389
102314
102659
101761
102275
102637
102924
103280
103074
102956
103018
103098
103838
103786
103923
103199
103002
103052
103294
103507
103814
102723
102822
102976
103562
103431
102781
103286
103193
103582
103716
103336
103796
103367
103370
102929
103301
103261
103803
103202
103157
103258
103113
102864
103677
103349
103017
103822
103769
103171
103443
103762
103022
102720
103462
103021
103384
103781
103513
103807
103898
103152
103757
103841
102970
102939
103143
103206
103288
102895
103253
103237
103477
102709
103455
103854
103937
103034
102967
102701
103158
103000
102811
103150
103459
103156
103393
103282
103751
103181
103104
102986
103652
103559
102831
102784
103756
103332
103723
103645
103449
103194
103211
103770
103894
103864
104497
105128
104505
104944
104208
105159
104240
104764
104188
105009
105269
104856
104232
104755
104565
104420
105098
104472
104334
104818
104165
104404
104269
104714
104129
104702
104553
104275
104093
104724
105241
105130
104194
105261
104671
104821
104708
105142
105031
104759
104376
104998
105119
104080
104731
104137
104003
104438
104209
104752
104615
104636
105257
104459
104851
105240
105070
104535
104058
104881
105131
104757
104709
104422
105157
104219
104816
104958
104256
104483
104784
104386
104581
104277
104319
104362
104359
104929
104096
105141
104628
104212
104148
104677
104993
104839
104349
104077
105226
104333
104516
104164
104541
104486
104402
104197
104634
104151
105256
104825
105812
106080
105870
106193
106515
106504
106031
106093
106496
106264
106509
106418
106375
106568
105358
105900
106081
106263
105865
105493
105714
106010
105781
106402
105989
105605
105835
105798
106325
106399
106175
105810
105664
105558
106366
105501
106103
106445
106408
105822
105766
106149
106300
106153
106332
105784
106545
105720
105993
106365
106419
106223
105588
106346
105362
105763
105643
105721
105872
105336
105815
106246
106169
106481
105603
105521
106596
105401
106214
105939
105341
106374
106390
106276
105985
106599
106306
105458
105866
105656
106211
105576
106376
106068
106538
105671
106451
106447
106085
106594
105472
105686
105364
105496
106311
106212
106132
105988
105361
105661
107592
106720
107041
106865
107329
107578
107291
107739
107872
107520
107726
107770
107827
107670
106741
106798
107092
107806
107137
107003
107779
107010
107744
107202
107432
106663
106600
107552
106983
107517
107706
107419
107153
106844
107421
107247
107245
107758
107004
107638
107873
107242
107767
107875
107818
107532
106960
106647
106988
107217
106605
107783
107182
107057
106768
107040
107686
106654
107073
107732
107417
107728
106624
107347
107366
107423
106699
107382
107234
106885
107273
107123
106893
107540
106723
106777
106868
106614
106811
107842
106679
107188
106814
107633
107341
107454
107644
107360
107301
106694
107828
107213
107572
107024
107333
107886
107834
107236
107204
107762
108436
108149
108424
108140
108767
108614
108764
109126
109167
109156
108613
109138
107919
108957
108948
108912
108333
108318
108633
108560
108100
107939
109115
108194
108327
108438
109078
108024
108199
108289
108338
108598
108430
109028
109085
109093
108853
109180
108881
108032
109112
108507
108263
108706
108700
107985
108252
108078
108357
107967
108004
108372
108459
108238
107933
108915
108954
108710
109094
108942
108413
108212
108339
108813
109128
107900
108183
108243
107940
108662
108521
108314
107906
107962
108612
109031
108403
108208
109118
108719
108190
108747
108409
108159
108934
108795
108823
108307
108807
108628
108973
108342
108599
109154
108843
108081
108655
108452
108531
108402
110024
109865
110013
109814
109268
109809
109738
110115
110047
109990
110238
110357
109846
110485
110032
109470
109710
110493
109463
110254
109326
109719
109541
109331
110186
109530
109766
109200
110373
110391
110147
110484
110495
110269
110017
110455
109621
109484
110211
109584
109398
110266
110058
109913
110130
109792
109305
109911
109590
109806
110446
109957
109345
110039
110176
110179
110404
110156
109906
109540
109475
110111
109636
110220
109314
110418
109508
109310
109646
110014
109698
109788
109941
110249
109534
109485
109613
110408
109368
109587
109574
110458
109419
110292
109480
110457
109632
109624
109388
109387
109723
109332
109324
110368
109561
110460
109576
109580
109544
110031
111418
111663
110981
111177
111037
110717
111375
110550
111612
110548
110515
111086
110577
110911
111514
111525
111777
110939
111266
110800
110627
111641
111681
111539
111408
110797
111192
110815
111345
110830
110747
111028
110581
110505
111505
111141
111417
111161
111299
111490
111155
111587
111517
110750
110836
111127
111606
111319
111687
111707
110702
111219
110811
111451
110787
111673
110938
110852
111012
111467
110760
111389
110805
111516
111774
111041
111060
111128
111151
111089
110918
111341
110657
110633
111403
110540
111623
110843
110839
110916
111364
111216
111025
111162
110730
111220
110688
111645
110880
111565
111310
111737
110952
111625
111015
111478
110670
111734
110666
111339
113050
112439
112178
113072
112119
112743
112094
113011
112451
111921
112361
112773
112191
111939
112768
112379
111989
112229
111845
112956
112111
113080
112010
112643
112067
113004
112323
112603
112670
112003
112374
112827
112352
112182
112382
112158
112662
112319
112027
112102
111814
113051
112651
112341
112607
112400
111873
112390
112717
112674
112967
112700
112505
112014
111853
112830
112933
111885
112816
112486
112403
112655
113084
112555
112121
112892
111800
113078
112313
111837
112385
112692
111923
112539
112144
112122
112444
112170
112738
112321
112088
112093
111968
112272
112940
112413
112625
111860
112484
112197
112426
112785
112667
112084
111806
112477
112434
112580
112844
111905
114295
113574
113580
113152
113746
114253
113324
113164
113247
114392
113483
113362
113787
113205
114192
113983
113945
113661
113442
113216
114032
113301
114209
113893
114228
113499
113525
114318
113118
114194
113680
113226
113431
113428
114060
114387
114245
113256
113681
113389
113314
113619
113196
113270
113297
113146
113213
113322
114094
113561
113141
113641
113651
114020
113276
114269
113248
113489
113382
113954
113748
113688
113750
113491
113871
113877
113863
114182
113538
113415
113966
113738
113652
113361
114172
113562
113885
114221
114155
113132
113384
113634
113298
113655
114248
113542
113795
113246
113851
114373
113253
113399
113756
113109
113757
113770
114033
114313
114294
113759
115065
115660
115594
115552
114959
114535
114743
114819
114718
115455
115602
115235
115634
114621
115299
114835
114415
115648
115222
115264
115262
115180
114785
115257
115427
114834
114513
115085
114901
115191
115354
115268
115593
114762
115192
115278
114404
115356
114624
114958
114908
114700
114667
114575
115185
115355
115044
115216
114642
115619
115501
115199
114780
115026
115129
115509
115670
114685
115091
115296
115229
115698
115343
115087
115471
115601
114957
114820
114471
115421
115178
115366
114673
114461
114426
114665
115241
114751
115662
115293
115040
114953
114733
115031
115045
114902
115067
115290
115524
115270
115441
114578
114843
114962
114850
114433
115652
114887
115428
115100
116992
116792
116208
116417
116620
116180
116704
116294
116934
115826
116848
115917
115909
116043
115726
116589
115819
115867
115780
115752
116941
116672
116483
116912
116177
115825
116047
115842
116851
116698
115700
116879
116778
116320
115997
116550
116815
116404
116572
115875
116870
116302
116293
116520
115812
115774
116121
116224
116046
116981
116906
115954
116222
115773
115743
116976
115899
115723
116434
116332
116782
116766
116740
116588
116226
116284
116333
116299
116395
116529
115859
115835
115768
115724
116614
115843
116688
115832
115983
116166
116987
116519
116594
116020
115738
115881
115789
116699
115796
116157
115934
116343
116911
116286
116255
116985
116536
115862
116650
115854
118116
117176
117066
117181
118035
117567
117515
118265
117505
117315
117582
117814
117753
117868
117836
117297
118048
117770
117050
117314
118053
117233
118162
118113
117312
118202
117995
117476
117211
117502
118093
117395
117307
117158
117576
117304
117841
117812
118214
117025
117782
117817
117016
117543
117153
118227
117850
117393
118188
117279
117215
117862
117454
117289
117620
117762
117839
117426
117871
117128
117976
117654
117265
117878
117949
117960
117468
117491
117919
118094
117720
117221
117601
117364
117354
118255
117656
117288
118151
117899
117783
117981
117563
118238
117334
117978
118279
117402
117689
117521
117237
117678
118156
117643
117523
117551
118250
118253
117409
118196
119003
119045
118532
119368
119357
118590
118588
118575
119114
119064
118516
118541
118894
119379
119025
118369
118836
119421
118615
119338
119302
119063
119111
118342
118415
118983
119088
118507
118627
119483
119536
118529
119006
119542
119462
119431
119296
119050
118379
119046
119204
118992
119532
118331
119294
119410
119445
119229
118595
119389
118704
119510
119586
119147
118416
118732
119134
118363
118361
119019
119191
118922
118441
118637
119155
118650
119071
119514
119349
118782
119328
118378
118586
119195
118312
118880
119067
118796
118471
118928
118603
118456
118800
118857
119289
119372
118336
119596
118706
119089
119441
119232
118799
118620
119014
118756
119322
118332
118626
119325
120059
119886
120769
120851
119904
120688
120837
120726
120096
120858
120706
120547
119647
119705
120541
119796
120126
120447
120459
120208
120740
120222
119778
120794
120448
119866
120139
119666
120543
119923
120324
119985
120578
120483
120047
120162
120159
120645
120558
120892
120749
120002
120220
120358
119827
120711
120410
119661
120400
120037
120830
119750
120090
120201
120487
120594
119897
120804
119713
120682
119949
119651
120856
119676
119807
120455
119835
120849
120280
119988
120148
120580
120857
120097
120196
120335
119839
120351
120272
120579
120426
119609
120649
120016
120755
120306
120496
120567
120528
120177
120522
120609
120076
119648
120492
120423
119978
119766
120506
119699
120991
121001
121308
121690
121576
121222
121114
121371
121921
121646
122067
122180
121204
121977
121818
122104
121324
122171
122112
121332
121505
121143
121071
121229
121228
121045
121801
121705
121984
121201
122126
122022
121503
120954
122015
121038
121764
121884
121885
121166
121157
120929
122096
122088
121161
121717
122082
121647
121082
122045
121620
121124
121873
121597
121092
121347
121176
121901
122035
121513
122195
122049
121560
121892
120919
121682
120909
122008
120979
121235
121867
121699
121991
121844
122100
121271
121320
122129
121879
121103
121790
121070
121912
121254
121771
121251
121729
121761
121345
121635
122189
121805
121262
121294
121426
122128
121361
121536
121195
120958
122476
122622
122821
122594
122814
123422
122862
123151
123483
122559
123426
123344
123078
122735
122948
122920
123376
123071
122934
122639
122233
122955
122415
122213
123477
123474
123147
122687
123164
122285
122784
122382
123387
122416
122301
122237
123314
122592
122993
122550
122393
123230
122595
122509
122741
122610
122697
123105
123354
122611
123211
122225
122293
122524
123090
123396
122463
123251
122481
122214
122833
122499
122879
122626
123388
123025
122410
123177
123491
122675
122492
122907
123258
122757
123073
122953
122412
122302
123429
123242
122370
122904
123478
122328
122553
122809
122575
122673
122926
123449
123023
122853
122635
122724
122918
122247
122561
122287
122356
123329
123814
123523
124599
123787
123579
123586
124551
124634
124289
124466
124481
124393
124579
123904
123730
124721
123584
123636
124594
123582
123895
124188
123912
124475
123618
124125
124587
123715
124781
123675
123564
124306
124263
124069
124261
124045
124611
123955
124612
123682
124640
124664
123533
124246
123806
123686
124271
123698
123516
124148
123592
124387
123667
124135
124326
123836
124154
124303
123616
124345
123968
123792
123695
124758
124650
124302
123783
124126
123744
124407
124278
124743
124575
124585
124218
124541
124724
124202
124215
123568
123989
124091
124524
124513
123685
124320
124192
124111
124090
124529
123774
124534
124441
123741
123953
123789
124134
124573
123504
123627
125672
125705
125381
126026
125865
125806
125415
125779
125276
124815
126007
125983
125169
126072
125524
125000
125239
125228
125882
125790
126059
124906
124901
126048
124952
124974
124856
125832
125187
125917
125189
125088
125484
124962
125991
125324
125191
125722
125861
125952
125136
125249
125355
125824
125620
125145
125055
125438
124880
126043
125998
125918
124825
125831
125059
125578
125726
125133
125152
125157
125582
125966
125891
125688
124811
126001
126086
126067
124991
125093
125954
125449
125319
125572
125244
125912
124981
125955
126015
125740
125308
125194
125781
125092
125805
125048
125548
125313
125255
125976
126029
125601
125143
125687
125470
125394
125103
125241
125980
125304
126660
127057
126525
127099
127060
127210
126526
127348
126280
126338
126870
127065
126397
127185
126354
126719
126336
126495
127080
126944
126411
126127
127308
126884
126811
127097
126930
126801
127079
126175
126199
127215
127232
126659
126282
126332
127262
127172
127175
126345
127263
127169
127184
126451
127269
126227
126494
126772
126832
126447
126741
126317
127329
126385
126662
126742
127234
126673
127173
126562
126802
126664
127067
126337
126787
126717
126162
126230
126791
126157
126516
126224
126433
127071
126485
126250
126439
126795
126328
126940
126344
126869
126812
127182
126555
126954
126950
126414
126436
126353
126423
126521
126975
126341
127115
127004
126523
127031
126893
126726
128584
128429
127621
127412
128286
127532
128253
128672
127539
127763
127467
128630
128543
128169
127642
128537
128167
128038
128094
128435
127403
128693
127528
127697
127672
128000
128495
127828
128012
128157
128687
128222
127867
127556
127914
128644
128623
128208
127738
128025
128405
127426
127853
127597
127462
127594
127720
128241
128333
128287
128280
127574
128414
127419
127833
127565
128318
128187
128135
128183
128020
127737
127915
127494
128394
127587
127425
127526
128308
128246
127647
127986
128087
127671
127529
127625
127618
128526
127691
128023
128379
128154
128660
128158
127578
127977
128337
128579
128320
127489
128317
128514
128547
128565
128546
127592
127803
128381
127722
128309
129720
129212
129857
129605
129195
129292
129597
129943
129349
129261
129960
128887
129001
129115
129511
129068
129631
129547
129433
129300
129225
129889
129022
128747
129567
128814
128810
129182
129074
129367
129686
129219
129866
129513
129532
129479
128772
128705
129707
128750
129526
129258
128776
129890
128857
129582
129552
128879
129691
129458
129188
129189
129798
129436
129723
129460
128973
129101
128826
128737
129331
129577
129046
128853
129579
128995
129539
129758
129510
129941
129253
129143
129794
129994
129813
129100
129560
129530
129518
128933
128946
129475
129880
128756
129946
129138
129516
129781
129451
129536
128927
129953
129957
129990
128989
129448
129711
129174
128749
128723
