1133
906
2382
1404
3515
3466
5184
4554
5366
5437
7643
7230
8211
8290
10264
9987
11013
11370
12675
12807
14293
13224
14469
15466
15711
16393
17476
17435
18955
19236
19755
20705
21247
21958
22185
23106
24498
24693
25156
25969
26932
26443
28220
28353
29123
29613
30093
30297
32240
31668
33611
32675
33960
35025
35326
35847
37137
36523
38164
37981
39752
40146
41432
41215
42586
41608
44150
44156
44474
44597
46056
45502
47599
47165
48560
48289
49652
49582
51287
51115
52929
52326
54357
53414
54690
54731
56859
57092
57451
57826
59342
59628
60573
60097
61491
62326
62535
62446
63750
64840
65033
65921
66979
66629
68738
68771
69631
69893
70910
71134
71667
72184
73931
74027
74749
74372
75890
76073
77503
77564
78226
78792
80389
79928
81004
81205
82080
83129
83472
83981
84950
84539
86166
87074
87792
87559
88459
88539
90738
90582
92283
92030
92626
92893
93671
94372
96092
94937
96482
96585
98391
97720
98963
99672
100141
100695
102669
101477
102849
103089
104006
104927
106370
106544
107450
107459
109166
108661
109402
109520
111069
111205
112455
112796
114023
113710
114725
114548
116114
115785
117801
117305
118897
118630
120508
120264
121005
122082
122499
122288
123684
124615
125027
125291
126350
127085
127486
128691
129926
128988
