772
768
204
1207
132
803
575
108
731
57
45
929
873
1070
636
1228
897
3
347
377
1009
1021
843
198
568
39
1182
223
1002
268
164
382
1082
362
412
1137
221
826
265
705
675
770
998
1283
351
1155
954
515
100
1292
585
238
761
903
542
1049
596
629
445
158
600
1069
850
446
753
505
317
851
42
340
934
1149
836
901
225
747
968
335
988
757
1263
490
1143
991
310
274
296
676
567
311
995
1194
35
1103
1208
252
48
1058
307
556
1785
1715
2594
1775
1380
1973
1414
1349
2184
1848
1347
2228
2058
2483
2303
1719
1572
2223
1427
2220
2156
2449
1686
1622
2465
2064
2395
2416
1846
1597
2596
2464
2569
1680
2049
2068
2588
2079
1880
2152
1770
2393
1407
2452
1438
1911
2450
2248
2167
2332
1917
1643
2317
1661
2242
1573
1931
2129
2173
2310
2562
1752
2392
1689
1860
1368
1640
1371
2441
1956
2570
1583
2374
1772
2070
2180
1337
1981
1525
1786
1787
2245
2378
2485
1366
1840
2059
1930
1856
1912
1386
1841
2002
2162
1835
1958
1925
1943
2456
2148
3135
3114
3611
3301
3788
3014
2964
3334
3223
3624
3564
3545
2832
3167
3491
2996
2974
2825
3501
3066
3692
2879
3338
3463
3821
3883
2977
3460
3570
2713
3612
3042
3873
2710
3870
2747
3798
3805
3507
2671
3803
3299
2797
3234
2873
3715
3568
3484
3362
3751
2685
3216
3230
2995
2613
3750
2714
3688
3876
3639
3578
3713
3231
2782
3288
3218
3370
2778
2947
3763
3278
3450
3536
3746
3830
2970
3828
2608
3487
2934
3344
2914
2666
2842
2700
3462
3156
3314
3796
3040
3488
3258
3418
3259
3547
2609
3533
3407
3700
2889
4178
4210
4130
4438
4384
4119
4971
5053
4445
4605
4336
4856
5171
4492
4518
4941
4923
4929
4562
4496
4992
4640
5144
4573
4950
3992
4858
4843
4003
4262
4093
4271
4609
4634
3991
4751
4643
4041
4157
5106
5001
4265
4192
4881
5027
5165
4097
4268
4824
4947
4403
4193
4195
4184
4976
4367
4159
4056
4786
4921
5076
4404
4744
4432
4102
4997
4933
4788
5005
4153
4462
4420
5112
4198
4684
4981
4370
4602
3915
4722
3954
4658
5083
5108
3936
4903
5169
3951
4579
4417
5052
4038
4066
5055
4224
4113
4800
4945
4096
5040
5458
5202
6445
5827
6214
6101
5726
5535
5928
5305
6062
6263
5588
5753
6448
5798
6395
6290
5979
6420
6150
5467
5427
5630
5823
5398
6374
6090
5795
6251
5959
6303
5423
5819
5497
6189
6468
5283
6181
6265
6231
6490
5807
6139
5716
6459
6025
5374
5466
5274
6180
5222
5926
5277
6293
5904
6239
6200
6443
5418
5542
6328
5973
6320
6472
6453
6485
5755
5593
6431
6496
5960
5296
5369
5233
5763
5235
6486
6282
6417
6307
6446
5864
6123
5891
5578
6455
6310
6073
6398
5584
6038
5473
5615
6204
5519
5796
5944
6439
5870
6772
6773
6944
7447
6552
7610
6808
6610
6516
7667
7123
7135
7072
6589
7166
7153
7451
7532
6582
7100
7499
7128
7404
7026
7435
7481
7680
6761
7747
7487
6698
6640
6781
7491
6690
6801
7240
6758
7436
7458
6559
7735
7237
6676
7537
7159
7489
6892
7006
6541
7430
7544
6788
7223
6636
6876
7241
6933
7185
7639
7757
7422
7197
6683
7398
6702
7265
7200
7625
7358
7084
6592
7017
7001
7067
6601
7046
7242
6976
6858
7645
6958
6675
7080
6901
7790
7437
7758
7660
7047
7705
6942
6571
6994
7617
7347
6575
7571
7373
6528
8790
8233
8205
8688
8364
7868
8412
8268
7806
8913
8529
8759
8772
8095
8525
8018
8531
8260
7951
8053
8615
7941
8856
8073
8199
8535
8808
8350
8657
8056
9001
8309
8775
8517
8644
7896
8546
8900
8466
8978
7829
8038
8295
9094
8121
8998
7893
8482
8947
8341
8242
8548
9055
7864
9063
8127
8090
8108
8066
8425
8851
9032
8123
8365
7874
7960
8226
8661
8854
7809
8516
8701
7802
7804
8599
8586
7930
8409
8221
8946
7917
9039
8927
8511
8539
8389
9093
8798
8572
7884
8520
7844
8541
8590
7909
8722
8488
8193
8748
7966
10347
9806
9638
9267
10139
9263
9517
9193
10354
9675
9990
9370
10266
9900
9695
9391
10379
9944
9690
10342
9264
9157
9738
10180
9682
9380
9967
9174
9946
9710
10218
9351
9692
9901
9163
10201
9222
10045
9319
9843
9388
10110
9793
10038
10063
9310
9296
9863
9161
9139
9439
10122
9246
9158
10366
9572
9153
9155
9978
10037
9170
10019
9288
9103
10023
9501
10209
9173
9491
9797
10324
9298
10004
9348
9630
9950
9871
9886
9135
10333
9236
10238
9908
9665
10008
9453
9390
9442
9933
10033
10271
10359
9138
9742
10164
9203
10334
10016
9107
9729
10586
10476
10776
10644
11497
11156
11130
11543
10607
10733
10458
11190
11336
11017
11355
10757
10452
11686
11324
11138
10833
10775
10855
10693
11581
11635
11413
11240
11225
11533
10986
11165
11411
10443
11220
10734
10626
11536
10412
11505
10628
10737
10907
11030
11074
10863
11674
11447
10966
10630
10660
10722
10646
10749
10591
10870
10976
10936
10958
10690
10496
10489
10469
11515
10555
11077
10513
11349
11539
11375
11042
11111
10973
11656
10743
11477
11209
11299
10930
10731
11133
11311
11476
11253
11662
10753
11351
10542
10861
11271
10441
10462
10565
11457
11449
11621
10683
10554
10993
11588
12300
12882
12361
12463
12297
12001
11747
11751
12905
12585
11832
12586
12054
12368
12504
11778
11867
12997
12352
12857
12774
12751
11768
12365
12225
12575
12712
12787
12260
11729
12346
12445
12133
11868
12064
12741
12896
12108
12147
12669
12322
11854
12983
11754
12014
12284
12238
12140
12959
12276
12583
11955
12247
12604
12406
12910
12132
11815
12707
12739
12067
12525
12564
12789
12778
12813
12210
12929
12049
12360
12840
12227
12937
11787
12503
12455
12746
12430
11976
12234
12856
12357
12792
12171
12203
12233
12562
12385
11922
12706
12986
12384
12174
12509
12386
12004
11954
12688
12921
12510
14143
13318
13858
13249
13373
13240
13826
14129
13051
14006
13874
14105
13860
14132
14152
13364
14178
13110
13740
13522
13327
13180
14037
14133
13723
14286
14278
14127
13711
13675
13868
14236
13890
13065
13356
13856
13221
13589
14145
13555
14157
14014
14117
13499
13032
13509
13161
14034
13325
13192
13981
13590
14201
13658
14276
13512
13088
13564
13342
14121
14136
13760
13224
14216
13112
14035
14243
13282
14176
13701
13862
13435
14283
13357
13149
13103
13290
13987
13285
13257
13833
13188
13741
13519
13026
13369
13693
13001
14166
13259
13825
14126
14167
13008
13838
13215
13920
13889
13577
13349
15415
14419
14791
15330
15155
14418
14386
14887
15409
14515
14951
14567
15545
15384
14941
14316
14505
15107
15388
15213
15239
14798
15581
15358
14503
15535
14632
15077
14845
14812
14799
15448
14697
15574
14980
14742
15378
14984
14531
14481
15441
15380
15537
15291
14773
14644
15272
14672
15177
15018
14662
15570
15140
15557
15439
14963
14862
15027
15267
14770
14892
15054
15033
14361
14592
15266
14353
15229
14533
14738
14664
15475
15372
15144
15472
14999
14609
14364
15506
14528
15546
15221
15325
15503
14796
14666
14688
15245
15553
15522
14389
14918
15001
14547
15085
15457
15019
15095
14404
14807
16801
16369
16486
15808
15721
15647
15780
16658
16780
15821
16545
16159
16350
15848
16121
15826
16550
15764
15984
16263
16095
16841
16049
16824
15629
16656
16673
16584
15735
15606
16088
15656
15846
16292
16178
15600
16472
15635
15655
16851
16004
15607
16894
15668
16418
16735
16664
16110
16239
16106
16399
16861
16018
16316
15981
15725
16837
16648
16429
15692
16784
16074
16557
15665
15776
16370
15711
16779
16479
16394
16420
16090
16119
15761
15939
16662
16769
16608
15651
16683
15929
15829
16744
16502
16252
16719
16799
16875
16260
16793
16270
16898
16670
15731
16346
16669
16015
16856
16047
15964
17049
16926
18068
17612
17286
16958
17499
17459
17620
18083
17071
18134
17855
17639
17750
17409
17608
17326
17082
17076
17130
17560
17581
17905
17189
17636
16992
17827
16989
17570
17595
17052
17753
17555
17906
17269
17180
16930
18186
16929
17672
17425
17006
17547
18196
17463
17623
16964
17808
17050
18076
17005
17423
17363
17417
17042
17144
17219
17001
17564
17379
17228
17688
17163
17867
17400
17216
17139
17433
17591
17590
17243
17549
17734
17674
18027
17936
17028
17172
17683
17438
18075
17014
18019
17390
17488
17448
17466
18180
17752
17633
17952
18130
17325
17467
17801
16931
17954
17109
17518
19009
18462
18408
19478
19091
18656
18929
18251
19143
18870
18980
19475
18402
18580
19331
19148
18473
19357
18670
18554
18573
19015
18698
18701
19069
18680
18951
19397
19138
18535
18548
19195
18256
18956
19251
18400
18444
19157
18560
18247
19159
18827
18417
19399
18688
18911
19170
19267
19390
18783
19426
19393
18288
19336
19359
19498
19065
18440
18592
19271
18885
18864
19152
18804
18300
18553
19034
18632
18627
18801
19114
19491
18848
18527
19118
18480
18739
19315
18965
18952
18534
19476
19112
18942
18577
19002
19088
18988
18794
18797
19207
18961
18230
18860
19079
18863
19483
19284
18437
19188
20496
19748
20673
20760
20004
20644
19625
20040
20184
20480
20533
20058
20767
19756
20042
20754
20516
19970
20722
19839
20628
20367
20451
20254
19886
19981
20617
20032
19642
19624
19746
19845
20172
20084
20284
20494
20519
20207
19841
20201
20384
20170
20022
20269
20750
19884
20246
20283
20222
20087
20305
19835
19811
20133
20368
19575
20784
19918
19690
20700
20412
20023
20503
19919
19587
20107
19768
19772
19787
20507
20079
19905
19967
20478
19892
20277
20782
20060
20575
20110
20623
20372
20537
20358
20559
20352
20786
20658
19857
19744
19705
20311
20323
20777
19647
20362
19599
20657
20411
20355
21417
20959
21265
21636
21736
22084
21106
21361
21483
21253
20808
21252
20822
21652
21127
21527
20955
21105
20980
21365
22063
21703
20966
21547
21922
21277
21060
21658
21371
21269
21590
21668
21615
21311
22024
21813
21335
21251
21319
21592
21987
21344
22057
21601
21167
21063
21567
21554
21938
21951
21992
21424
22091
21368
21192
21007
21292
21660
21760
21033
21077
21966
20866
21614
21693
21298
20852
21884
21069
21570
21803
21496
21939
21895
21150
21432
22010
21898
21086
21005
21858
21974
21548
21407
21394
21032
22030
20894
21999
21771
21078
20838
21790
21181
20888
21088
20998
21535
21185
21925
22963
22903
23337
22407
23359
22779
22241
23365
22868
22911
22225
23171
23347
22532
22811
22222
22538
22705
23298
23207
23030
22192
22610
22339
22603
22361
22587
23050
22358
23290
23394
22774
23097
23397
22529
22619
23216
22258
22563
22745
22928
23372
22701
22634
22866
22164
23098
22468
23240
23167
22902
23236
22209
22670
22381
22638
22601
22152
22128
22699
22350
22411
23366
22943
22520
23102
23268
23019
22201
23083
22300
22658
23201
22118
22707
23241
22858
22910
22495
22406
23360
23173
22263
22525
22418
22694
22511
22108
22136
22178
22558
22987
22528
23128
22502
23095
22635
22562
22185
22446
23680
24286
24202
23973
23644
23483
24280
24213
23754
24034
23588
23809
24477
24132
24414
24061
24475
24442
23450
23451
23879
23756
24656
23768
24133
24129
23583
23622
24425
24486
23453
24421
23513
23935
23652
24660
24449
24473
24674
24106
24346
24675
24589
24288
24556
24000
24406
24118
24496
24454
24433
23783
23554
24050
24255
24350
24637
24546
24127
23686
24246
23670
23782
23625
23967
23989
23465
23961
23559
23890
24641
23486
23898
23733
24412
24282
24097
23911
23407
24517
24515
24096
24390
24424
24283
23576
23615
24194
24291
23767
24119
24488
23655
23437
24267
23603
23422
23847
24502
24273
25469
25394
25007
25252
25004
25271
25727
25177
25877
25607
25175
25002
25384
25079
24857
25721
25353
24968
25403
25101
25995
25652
25800
25440
25385
24880
25808
25213
25702
25410
25285
25740
25462
25826
25703
24770
25442
25052
25457
25344
25324
25352
25630
25411
25627
25566
24720
25418
25374
25676
25217
25770
25438
25934
24862
25291
24939
25726
24887
24970
25688
25595
25080
24775
25562
25269
25976
25294
25473
24805
25186
25308
25245
25912
24769
25911
25078
24766
25279
24967
24893
25575
25330
24926
25609
24700
25865
25930
25854
25070
25889
25468
25283
25382
25993
25580
25132
24976
24716
25121
26231
27268
26970
26795
26749
26838
27190
26818
26314
26897
26119
27066
26846
26031
26580
26064
27082
26359
27155
27248
27143
26109
27146
27273
26384
26730
27162
26728
26326
27285
26760
27122
26168
26014
26245
26099
26500
27299
27044
26131
27172
27016
27229
26229
27263
26530
26409
26295
27125
26536
26406
26277
26313
26340
26331
26557
27097
27279
26368
26305
27288
27011
26165
26621
26102
26284
26881
27109
26600
26790
26804
26947
26920
27182
26024
26271
27283
27227
26059
26039
26435
27250
26129
26847
26586
26581
26010
26405
26540
26796
26275
26833
26115
26902
26764
26648
26985
26057
26931
26829
27718
27447
27387
27865
27331
27312
27793
27588
27787
28557
27384
27701
27967
28500
28304
28131
28559
28198
28531
27974
28343
28091
27883
28170
27710
27956
27747
27548
27959
27739
28110
28192
28043
28370
27487
27455
27424
27688
27631
27461
27936
27434
27818
28022
27564
28224
28341
27655
27303
27571
28164
28517
28050
27887
27389
28325
27596
28005
27644
27561
28203
28176
28573
28123
27319
27899
27729
27662
27938
27691
28077
28221
28451
27952
27927
28473
28384
27925
28280
28078
28118
27515
28503
28032
28538
28504
28030
28462
28390
27825
27349
27840
27982
28574
27785
28512
28418
27579
28597
27993
29361
29682
29224
29732
29848
28776
28861
28935
29166
29004
29204
29173
29395
28914
28679
29830
28902
29165
28995
29658
29811
29208
29581
29313
28648
29299
29455
29577
29302
29251
29676
29670
29151
28740
29607
28762
28829
28856
29122
28840
29561
29567
28660
28993
28912
28871
29693
28706
29072
28745
29283
28712
29033
29565
29392
29296
28846
29128
28629
29130
28645
29429
28906
28822
28949
29138
29898
29615
29603
29089
29850
29340
28881
29415
28692
29271
29187
29161
29535
29249
29762
29610
29495
29384
29763
29899
28753
29414
28950
29024
29621
29403
29675
28895
29472
28615
29818
29088
29813
29575
30742
30617
30532
31198
30522
29966
31178
30506
30116
30734
31151
30855
30474
30460
30399
30764
31069
29931
30072
30467
31011
30033
30562
30320
31066
30556
30318
30252
30025
30389
30996
30224
30346
30940
29959
30699
30501
30943
31199
30789
30970
30353
30760
30292
30017
29913
30916
30817
30524
30661
31064
30444
30260
31194
30691
30963
30728
30341
30408
31177
30856
30022
30794
30715
31171
31159
29983
30106
30788
30992
30941
30118
31098
29991
30782
29942
29907
30753
30619
30348
30709
30584
31068
29917
30623
29986
30053
30765
31115
30787
30515
31042
30832
30044
30887
30809
31006
30243
30010
31074
31846
31598
32216
32427
32265
31603
31829
31719
31267
32175
32456
31643
32480
32077
32061
31827
32091
32346
31322
32154
32357
31305
31863
32335
31760
31421
31867
31842
31844
32450
31823
32090
32226
32105
31331
31879
31481
32457
31278
32050
31723
31347
31206
31379
31771
32064
32312
31511
31950
32103
31808
31551
32435
31773
31243
31730
31764
31354
31945
31262
32122
32344
31368
31802
31949
32330
31200
31408
31968
32215
32141
31326
32209
31664
32421
31687
32020
31338
32326
32296
32014
31212
31251
32293
31684
32167
31896
32395
31769
32008
31438
31767
31380
32286
31411
31639
32350
32319
31998
32150
33441
32694
33039
33384
33220
33031
33270
32730
32967
32896
32849
32911
33755
33193
33436
33102
32526
33633
33602
33140
32710
33575
33455
33409
33553
33087
33239
33796
32970
33570
32676
32809
32955
32946
32744
32623
33275
32581
33337
33387
33636
33632
33608
32883
32697
33291
33422
33308
32537
33490
32921
32753
33669
33086
32627
33236
33124
32649
33799
32735
32591
32781
32789
33675
32845
33369
33517
33183
32713
32764
33552
33573
33612
32589
33003
33746
33402
32818
33778
32972
32924
32910
33702
33631
32978
32886
33406
33362
33079
33688
33233
33459
32853
33093
32611
32879
33200
33399
33777
32909
35001
34320
34147
34172
34798
33914
34887
34482
34621
34321
34849
35019
34472
33938
34074
34450
34575
34584
33928
33875
34971
33840
34677
34549
34425
34615
34804
34226
34884
34271
34568
34430
33878
34550
34294
34129
34089
33991
34795
33893
34229
34021
34518
34237
34041
34802
34650
34032
35054
34980
34941
34863
34738
34494
34122
33889
33964
34368
34055
34768
34965
33962
33911
34272
34929
33918
34886
34250
34564
34990
34206
34589
34196
34662
34251
34881
34687
34303
34937
35038
33871
33975
34028
34810
34173
33808
34580
34807
33998
34394
34330
34477
33992
34392
34920
34737
34254
33863
33872
34769
36101
35254
35711
35798
35341
35367
35706
36116
36049
36152
35920
36228
35777
35666
35955
35444
35525
35514
35556
35172
35714
35110
36177
36083
36262
35394
36391
35131
35540
35531
36231
35653
35656
35914
35636
36331
35908
35193
36276
36282
36287
35693
36054
35412
36230
35871
35818
35122
35287
36115
35410
35335
35804
36264
35441
36123
35199
35730
36364
35826
36082
35571
35135
35180
36335
35409
35971
35303
35816
35779
36140
35128
35429
36345
36020
35320
35477
35486
36390
35852
36302
35799
36349
35646
35800
35819
36214
35626
35369
35483
36257
35383
35775
35269
35439
35348
35557
35554
36170
36382
37359
37003
36562
37528
36896
37233
36524
37204
36664
36414
37167
37366
37180
36686
36529
36417
37492
36838
37443
36963
37214
36594
37431
37500
37011
37598
36779
36488
36857
36892
37641
36808
37584
36759
37378
36687
37398
37410
37230
37066
37524
36656
37569
36449
37270
37483
37348
37173
36912
37594
36769
36735
37107
37076
37420
36544
37447
36859
36791
37473
36995
36812
36642
36453
36959
37666
37019
37175
36806
36501
36455
36400
37104
37210
36997
37575
37574
37026
36936
37686
37484
36987
36567
36669
36470
36578
37061
36649
37117
37118
36630
36683
37530
37125
36465
36658
37177
36758
36463
37313
38058
38055
38578
38961
38703
38993
38867
37940
38666
37965
37985
38485
37994
37815
38644
38142
37779
38331
38806
38104
37796
38438
38250
38781
38329
37981
38686
38953
38186
38938
38932
38116
38326
38476
38264
38958
38054
38355
38107
38699
38684
38854
38804
38673
38718
38413
38125
38428
38918
38051
38665
38659
38007
38588
38905
37936
38157
38762
37778
38465
38906
37882
38853
38327
37743
38523
38301
38248
38822
37838
38841
38683
38257
38633
38929
38589
38710
37706
38306
38742
38632
38281
38032
38381
37887
38440
38456
38376
37732
37731
38304
38009
38421
38708
37718
38181
38483
38189
38879
38763
40150
39216
39288
39420
39158
39257
39461
40221
40062
40161
40090
40295
39663
40297
39090
40174
40079
39237
40029
39854
39490
39035
40048
40296
39194
39921
39040
39087
40045
40259
39127
39081
39589
39562
40042
39614
40072
40293
39602
39440
39217
39930
39619
39028
39806
39368
39019
39208
40291
39374
40100
39002
39033
39410
39020
39439
39234
39084
39048
39519
40257
39717
39016
40114
39149
40127
39030
39744
39814
39119
39173
39017
39772
40219
40179
40003
40095
39121
39141
39874
39625
39841
39620
39749
39383
39018
39282
39361
39542
39758
39558
39554
39797
40288
39577
39781
39946
39086
39229
39136
40625
41361
40333
40598
41122
41023
40861
40990
41491
41156
40843
41574
40350
41508
41272
40885
40950
41240
40376
40773
40356
41186
40986
41212
40673
40494
40988
41598
41537
40862
40390
40781
41310
40929
40813
41313
40541
41552
41187
40791
41123
40411
41562
40437
40305
40544
41312
40744
41546
41524
41269
41299
40704
41103
41046
40379
41394
40341
40772
41130
40951
41228
41391
40432
41006
41172
40671
40383
41125
40630
41177
40989
40514
41472
41279
41126
41131
41192
41529
41469
41045
40628
41412
40542
40960
41246
40572
41164
41073
40911
41396
41536
40856
40489
40789
40605
41460
40800
41357
41335
41675
42222
42880
42508
41779
42588
42006
42047
42090
42025
41934
42381
41658
42539
41679
42004
41656
42082
41764
42201
42690
41800
42136
41757
42687
42841
42261
41961
42134
42512
41780
42717
42189
41957
42397
42693
42306
42620
41616
42654
42825
42760
41920
42469
42777
41910
42413
42005
42429
42604
42688
42817
42356
42651
41974
42129
42152
41603
42400
42373
41712
41838
42008
42382
41673
42398
41716
42550
42140
42172
41618
41860
42551
41848
42058
42348
42316
42144
41687
42217
41766
42402
42607
42767
42763
41802
42610
42614
42525
42285
42615
42241
41854
42802
41759
42863
42811
42583
42889
41822
44027
43217
43618
42972
43528
43592
43535
43202
44076
42923
43198
43004
44153
43783
43327
42971
43164
44010
43236
43877
42963
43901
43370
44093
43514
44022
43553
43351
43068
42920
42965
43904
43130
43245
43871
43768
43128
43059
43650
43498
44136
43952
43008
43796
43861
43326
43102
43479
42931
43778
43271
43339
43176
43093
43213
43709
43739
43692
43636
43931
44132
43476
43192
43161
44086
43588
43984
43234
43062
44135
43727
43382
43291
43691
43214
43782
43433
43231
43058
44184
43079
44174
44070
43425
43445
43520
43036
43356
43026
43022
43503
43180
43842
43389
43726
43689
43304
43944
43378
43561
45054
44282
44366
45220
45019
45043
44778
45499
44693
45358
44772
44324
44644
44743
45481
45404
44221
44806
45153
44510
44382
44922
45423
45336
45426
44553
44926
44254
44339
45000
44389
44601
45204
44239
45085
44350
45022
44533
44910
45099
44555
44617
44649
45409
45136
44467
45283
45185
44931
44385
44684
44525
45450
44954
45113
44208
44789
44597
44573
45368
44387
45410
45364
45021
45208
44413
44835
44979
44483
44544
44718
44757
45305
45206
44907
45077
44924
44543
44255
44559
45042
44471
44296
44854
44445
45036
45196
45460
45055
44833
45187
44501
44978
45341
44528
45100
44331
45094
45244
45200
46411
46369
46095
46442
46692
46452
46482
45924
46325
46750
46484
45758
46727
45658
46028
45558
45696
46311
45644
46196
46412
46284
46504
45828
45752
46221
45975
46156
46145
45541
46203
46405
46577
45853
46346
45821
46532
46020
46098
46045
45776
45881
46704
46575
46752
46666
46049
45762
46377
46265
45854
46079
46170
45692
46477
45615
46396
45712
45899
46201
45794
45578
45583
45786
45636
45749
46456
46487
46184
46256
46252
46516
46682
46113
45681
46379
45603
45796
45572
45791
45815
46043
45936
46229
46617
46437
45710
46448
45922
45648
46424
46153
45588
46621
45876
45666
46652
46778
46266
45767
46803
47175
47190
48099
47322
47585
46969
47869
47284
47054
48078
47420
47221
48095
47154
47842
47943
47217
47478
47358
47360
48006
47164
46896
47255
47887
47035
47117
47818
47166
47735
47203
47064
48030
47817
47049
47511
47470
47935
47201
47468
47749
48049
47240
47593
47142
47961
47870
47065
47803
47727
47390
48033
46859
47623
47107
46965
47058
47116
47838
47075
46829
47103
47146
47690
46901
47418
47455
47129
47594
47489
47036
47040
47854
47760
47644
46954
46871
48014
47440
46815
47949
47141
47571
47102
46865
47612
48040
47598
47232
46886
47848
47767
47913
47297
47183
47197
47042
47198
47121
48286
48902
48484
49113
48297
48680
49361
49043
49248
48797
48743
49353
48446
49114
48465
48822
49296
48634
48344
48294
48245
49101
49033
49335
48390
48131
48402
48212
48746
49067
49074
49165
48295
48814
49221
48163
48699
48430
48992
49384
48336
49099
49177
48325
48187
49342
49141
49107
48388
48399
48242
48945
48618
48472
48119
49056
48997
48968
48318
48940
48350
48200
48157
49281
48257
49300
48141
48463
49348
48957
48690
48384
48695
48348
48409
48417
49269
48199
48938
49264
48708
48651
48102
49093
49286
48800
49215
48546
48801
49201
48567
49324
49061
48135
48458
48953
48856
48662
48304
48489
49893
50089
49595
50406
49752
49853
50699
49478
50001
50471
50685
49485
50503
49653
50252
49470
49679
49714
50385
50275
49678
50599
50647
49852
49484
50653
49468
49956
49401
50571
49632
50215
49933
50326
49625
50546
50530
50028
49896
49454
49794
49920
50260
50048
49976
50394
49427
49577
50567
50520
49465
50645
50316
50217
49414
50516
50052
50657
50697
50032
50124
49645
49434
50684
49469
49760
50040
50595
50087
49554
50198
50470
50615
50682
50293
50504
49777
49727
49656
50495
49720
50343
50501
50062
50585
50439
50581
50204
49412
49542
50165
49618
50545
50085
49511
49806
49559
50630
49942
49602
50881
50820
50790
51758
51936
51175
51977
50830
51380
51234
51713
51770
51329
51067
50762
51014
50865
51278
50876
51247
51091
51068
51527
51269
51044
51394
50979
51004
50895
51577
51804
51462
50858
51660
51498
51035
50763
51425
50760
51579
51519
51674
50920
51215
51626
51793
50851
51601
50941
50995
50806
51696
50754
51581
51236
51964
50964
51015
50852
51256
51786
51578
50980
51195
51046
51755
51619
50886
51707
51547
51999
51635
51644
51983
51967
51357
51190
51031
50841
51638
51955
51687
51517
51780
50848
51995
51980
50826
50996
51704
50836
51912
51599
51379
51476
51333
51873
51331
50965
50877
52721
53136
52345
52540
53278
52211
52623
53019
52529
52826
53249
53233
52157
53220
52979
52588
52810
52014
52551
52251
52823
52578
52774
52850
52119
52959
52868
52250
52738
52182
52795
52981
52924
52370
52974
52180
52983
52693
52894
53127
53272
53064
52459
52903
53128
52838
52773
52654
52295
52793
52757
53215
53245
52576
52329
52681
52635
52799
52612
52141
52797
52424
53114
52833
53078
52471
53129
53039
52907
53081
53234
53289
52916
52701
53032
52667
52254
53040
52206
52155
52642
53044
52533
53236
52975
52992
52989
52787
53213
53042
53256
52166
52011
52372
52620
52972
52173
52980
52481
52760
53428
53647
54012
53681
54086
54498
54011
53733
54139
54135
53729
53976
54515
53935
53303
53702
54415
54520
53313
53914
54119
54461
54231
54365
54186
53941
53765
53911
54017
53792
54439
53686
53915
54509
53489
53581
53666
54381
54218
53990
54083
53777
53314
53700
53860
53382
54211
54242
54293
53965
54137
54502
54103
53705
53503
54558
53932
53768
53600
54482
54519
53508
54584
53790
53509
53988
54044
53922
53783
54136
54246
53934
53900
53352
54253
53658
53738
53879
54307
54376
54572
53997
54440
54057
54363
54080
53831
54418
54383
53575
54526
53755
53395
53982
54109
54261
53897
53522
53822
54024
55584
54908
55204
54714
55585
55306
54874
54884
55862
54692
54983
54695
55664
55004
55548
55721
55769
55540
55839
55253
54901
55439
55867
55103
55320
55307
55347
55499
54879
55443
55786
55733
54645
55172
54684
55039
55384
54799
55267
55601
55064
55027
55614
55100
55484
55621
54618
55418
54959
54731
55147
55251
55355
55870
55452
55084
54789
55314
55879
55416
54952
55016
54707
55789
55235
54778
55372
55718
54759
54863
54816
55221
55613
54854
55258
55424
55759
55441
54636
55551
55220
55336
55705
55622
55168
54849
54751
55123
55438
55741
54813
55188
55120
54754
55345
55471
55429
55888
55531
54780
55960
56617
56163
56175
56261
57105
56659
57094
56166
56887
56247
56461
55902
56452
56759
56877
57054
56683
57037
56778
56552
56551
56095
56499
56838
56658
57135
56328
56154
56419
56624
56773
56051
56276
56308
56586
56183
56200
56115
56570
56279
56250
55912
56990
56542
57027
56348
57181
56845
57008
56632
57038
57150
55944
56876
56730
56245
56576
56761
56710
56865
56806
56420
57063
57127
56195
56904
56140
56225
56160
56544
57188
56902
56975
56377
56782
56020
56324
56772
56198
56831
56052
57156
56684
56248
56381
56067
57050
56670
56437
56956
57064
56093
56514
56533
56784
56819
55969
55994
56640
58401
57497
58417
58215
57784
57961
57435
57634
58018
57487
58327
57876
58366
57660
58067
57678
57568
57846
57479
57496
58303
58227
57914
58066
57796
57729
57888
58423
58352
57734
57407
58062
57367
58459
57878
58115
57738
57490
57214
57378
57400
57708
57394
57235
58431
57710
58065
57350
57258
57728
58146
57637
57397
58133
58419
57993
57310
57712
58063
57323
58025
57602
58241
57829
57900
58147
57469
58395
57495
57570
58197
57808
57751
58311
57423
58110
57526
57462
57302
57408
58030
57682
58331
57952
57774
58068
58006
57920
57948
57840
57857
58234
58407
57854
58355
57947
57677
57701
58492
57778
59163
59096
59366
59398
58984
59459
58664
58855
59756
58876
59638
59440
58797
59743
59443
59200
58864
59049
58967
58635
59147
59052
59552
59610
59431
59350
58614
59653
58669
59261
59024
58760
59436
59362
58564
59670
59605
58693
58913
58720
58773
58646
59368
59109
59740
59369
58969
58814
59377
59286
59689
58899
58985
59117
59239
58745
59542
58868
59304
59725
58592
59199
59068
59575
59535
59105
58804
58943
59731
58934
58731
59729
58754
59297
59053
59433
58704
58714
58616
59309
59408
59594
58670
59328
58941
58709
58746
59775
59457
59674
59269
58800
58986
59319
59463
58999
59583
58845
59635
58673
59863
60560
60828
60446
59977
60885
60555
60859
60072
60287
60741
59943
60896
60656
59918
59960
60917
60264
60503
59853
60566
60997
61061
60466
59911
59851
60394
60462
60927
60576
61017
60178
60642
60877
60716
60340
61039
60094
60050
60383
60770
60399
60931
60067
60324
60440
60945
60888
60950
60470
60854
61050
60407
60715
60308
60119
59823
60418
61010
61034
60677
60912
61068
60257
60668
60753
60666
60884
60535
60380
60728
60216
60860
60445
59942
60234
60635
60463
59833
61099
60621
60155
60224
60723
60102
60960
60983
60836
59967
59856
61094
60239
59892
59848
60712
60664
60294
60909
60649
60177
62011
61640
61177
61182
62309
61771
61791
61415
62232
61641
61741
61290
61192
61155
61107
61538
61417
61878
61904
61714
61303
61516
62180
61131
62082
62058
61354
61257
61435
61750
61799
61273
61709
61338
62342
61824
61308
62220
62210
61380
61642
62242
61966
62357
62206
61920
61158
61780
62271
61513
61869
61242
61430
61971
61228
61246
61852
62306
61666
61612
61148
61594
62142
61589
61405
61414
61937
61304
62028
62121
61508
61240
62203
61306
61876
61209
61510
61412
61704
62378
61629
62079
61946
61226
62319
61349
61894
61236
62019
62391
61765
61758
61816
61986
61831
61926
61887
62153
61789
62119
62891
63500
62788
63352
62443
63040
62574
63692
62721
63337
62878
63315
63582
62706
62592
63471
62487
63041
63589
63525
63227
62491
62500
62791
63510
62794
63334
63212
63136
62579
63638
62919
62870
62885
63518
63535
62724
62590
63615
63633
63652
63470
63261
62913
63020
62785
62782
63333
62976
63429
63394
62433
62746
62674
62642
63564
63159
62797
63236
63010
63671
62459
63281
63495
62975
63469
62555
63267
63006
62767
63225
62887
62558
63109
63298
63085
63598
63324
63309
62892
62851
62932
62986
62873
62624
62910
63224
63019
62846
63637
62534
62948
63162
62775
62958
63504
63539
63459
62736
63220
64091
64118
64777
64634
64475
64861
64668
64245
64614
64556
63931
64325
63901
64782
64143
63855
64615
64080
64756
63995
64971
63821
63720
64258
63853
64247
64878
64479
64169
64201
64303
64041
64719
63970
64883
63843
64273
64488
64090
64061
63929
64588
64778
64364
64355
63907
64697
64633
63704
63732
64217
64448
64664
63799
64799
64228
64396
64717
64239
64723
64429
64641
64280
64718
63856
64608
64105
64935
64936
64141
64338
64441
64851
64066
64676
64449
64913
64385
64604
64259
64413
63932
64087
63752
64096
64436
64528
64775
64305
64631
64908
64573
64392
64787
64899
64001
64330
64873
64415
64481
65477
65617
65854
66246
65592
65254
65094
65537
65658
65833
66267
65891
65570
65087
65074
65836
65728
65660
65669
65510
65619
66194
65701
66253
66106
65918
65496
65779
65876
65128
65025
66022
65442
66008
65341
66227
65965
65379
65387
65604
65772
66123
65126
65926
65026
65150
65010
65287
66202
65565
65335
65867
65704
65921
65832
66240
66133
65410
65514
65428
65571
65368
66110
66158
65717
65117
65830
65590
66122
66223
65629
66182
65846
65320
66088
65557
65011
65731
65313
65944
66272
65292
65584
65450
65688
65229
65840
65164
65035
65231
65603
65264
65677
65566
65191
65436
65202
65091
65455
65499
67536
66518
67245
67172
66512
66746
66757
66742
67244
67099
66750
66801
66637
66446
67499
66953
66879
66439
67382
67345
67545
67043
67183
66542
66715
66884
66404
67356
66563
67191
66429
66361
67575
66741
67482
67039
67088
66858
66674
66936
67277
67406
67158
66365
67314
67029
66370
66721
67440
66338
66745
66585
66862
66511
66313
66889
67527
66922
67484
66867
67329
67041
66596
67518
67265
67443
66494
67501
66684
66790
66653
66440
66463
66973
66414
67122
67174
66772
67346
66410
66645
66332
67528
66908
67253
67156
67062
67239
67584
67419
67148
67390
67569
66970
67396
67558
67472
67474
66860
66442
67660
67727
68224
68856
68630
67862
68873
68041
68461
68129
67954
67983
68245
68555
68694
68212
68008
67883
68401
68737
68218
68014
68056
67748
68544
67990
68497
68459
68729
67758
68309
68414
67603
68795
67716
68190
68841
68100
68735
68256
68066
67886
68087
68535
67885
68846
68819
68871
68078
68895
68350
68373
67662
68574
68852
68062
68600
67946
68390
68648
67874
67741
68736
68550
67692
68341
68534
68509
67749
68636
68044
68155
68184
67966
67668
68395
67731
68342
68507
68432
68257
67629
68250
67755
68423
67720
68584
67827
68887
67718
68813
68109
68450
68658
67842
68278
67760
67993
68734
68872
69770
70163
69442
69501
69687
69910
69460
69820
70154
69149
69521
70006
70153
69989
70124
69014
69884
69971
69307
69077
70052
69573
69739
69300
69916
69314
68921
69531
70027
69756
69308
69558
69644
69601
69244
68941
69994
69450
69522
69943
69901
69570
69951
70080
70138
69490
69835
70193
69632
69295
69417
68910
69047
69639
69373
69792
69238
70072
69984
68974
69862
69620
69016
69432
69487
69185
69672
69453
70147
69667
70155
70131
69969
69624
69869
70032
69552
69227
69139
70108
70118
69157
68972
69195
69434
69847
69352
69640
69568
69488
69933
69056
69986
70117
69392
68996
69913
69391
69589
69890
71187
70364
70764
70955
70332
71108
70896
70381
70993
70659
71224
70210
70611
71093
71157
70886
70817
71369
70387
70417
70873
71328
71403
70303
70825
70892
70576
70847
70828
71014
71012
70547
70951
70494
71348
70378
71499
70713
71190
71270
71148
70603
71038
70271
71449
70361
71418
71448
70458
70584
70416
71337
70985
70259
70300
71161
71459
71103
70555
71223
70778
70691
70488
70913
71232
71356
71390
70898
70463
70267
70242
70474
70550
70265
70322
70882
70784
70382
70266
71156
70256
70716
70908
70334
70654
71146
70641
70842
70495
70960
70936
70321
71407
70551
71244
70359
70278
70692
70615
70395
72467
71578
72443
71891
71839
72274
71668
72316
72561
71818
71527
72465
72592
72631
71607
71961
72062
71516
72562
71791
72422
71997
71918
72399
71772
71923
72187
71703
71574
72737
72739
72735
72384
72517
72582
71948
71706
72400
72777
71922
72319
72586
72090
72192
71925
71866
71861
72065
72342
72328
72500
72606
71654
72659
72703
72736
72479
71909
72483
71906
72580
72695
72547
72457
72588
72232
72265
72140
72693
71831
71937
72269
71812
72100
71968
72071
71577
72732
71709
71887
72654
72646
71713
72542
72671
71739
72089
71860
71652
72727
72585
72421
71856
72168
71544
71974
72427
72466
71537
72799
72952
73903
73596
73212
73954
73060
72862
74017
73502
73858
73257
72877
73258
73715
74071
73445
73078
73429
73317
73096
74093
72812
73554
73722
73944
73335
74087
73641
73671
73719
73506
73755
72960
73293
72929
73640
73077
73724
73650
74056
73895
73718
72943
73385
73560
73938
74038
72842
73405
73773
73698
73798
73260
73229
73017
73249
73319
73393
73295
72880
72982
73518
73606
72882
73808
73275
74047
73884
72918
72809
73963
74005
72986
73514
73904
74032
73001
73191
73617
73401
72823
73082
73565
73338
73973
73947
73739
73822
73477
72803
72866
72897
73863
72887
73762
73337
73065
73083
72814
73748
74298
74894
74982
74206
74684
74732
75262
75028
74157
74838
75252
74134
74706
74268
74636
75247
75354
74486
74250
74766
74942
74197
74979
74401
74362
75239
74394
74127
75313
74526
75007
75015
74761
74491
74874
74536
74819
75293
74366
74121
75133
74865
75381
74128
74246
75193
74650
74352
74663
74545
74825
74510
74974
75319
74137
74799
75334
74236
74644
74279
75204
74972
74207
74347
74828
74136
74210
74619
74881
75292
74289
75281
74185
74402
75143
75299
74898
74690
75009
75172
74877
75074
75104
74390
74334
74524
74593
74252
75063
74667
74868
74235
74993
74617
74495
75396
74758
75212
74457
74566
75921
75472
76123
76671
75505
76627
76081
75742
75459
76281
76023
76115
76275
75846
76097
75446
76563
76691
75549
76616
76263
76570
76100
75406
75418
76365
76503
76430
75823
75751
76293
75661
76033
76596
75545
75896
75872
75825
75548
76429
75496
75474
75730
76035
75874
76266
76306
75576
75407
76193
75758
75425
76601
75491
76176
76295
75536
76327
75802
75679
75487
75519
76384
76003
75908
75735
75684
75772
75585
76206
76232
76079
75994
76502
76614
76052
75533
75690
76326
75890
75840
76602
75712
76001
76633
76201
76259
75967
76686
76147
76210
76067
76665
75747
75565
75470
75715
75991
75627
75424
77557
77108
77713
77286
77915
77658
77959
77030
77782
77021
77613
77791
77895
76930
77679
77486
77745
76870
77873
76951
77456
77593
76886
76798
77293
77507
77053
77281
76824
77348
77605
77353
77675
77389
77008
77246
76838
77397
77845
77941
77213
77914
77209
77036
77562
77304
77019
77071
76735
76801
77575
77862
77947
77871
77512
76821
77047
77863
77991
77762
76717
77342
77522
76917
76859
77328
77152
76714
77191
77190
77961
77163
77806
77748
77506
76760
77603
77002
76740
77276
77072
77449
77736
77430
77859
77929
77803
77802
77473
77523
77765
77377
77323
77352
77996
77134
76793
77491
77578
77505
78299
79150
78219
78388
78468
79142
79026
78581
78817
79288
79040
79094
79128
78407
78627
78912
78357
78194
78435
78789
78764
78062
78156
79294
79090
78820
78708
78078
78414
78747
78882
78616
79278
79237
78381
79180
78339
78702
78222
78560
78660
78019
78525
78746
79246
78449
78731
78175
78307
78472
79262
78002
78206
78355
78929
78754
78103
79111
78601
78234
78227
78862
78624
78121
78861
78528
78342
78938
78317
78370
78733
78418
78130
78512
78363
79226
78266
78497
78052
78761
79224
78426
78729
79183
78680
78633
79116
78198
78249
79248
78174
78931
79122
78999
78155
78909
79254
78338
79165
78743
80392
80266
79612
80155
80446
80500
79844
79516
80491
80324
79794
80151
80408
79650
79785
80025
79832
79647
79533
80333
80440
80484
79419
80163
79610
79777
79896
79863
80424
79511
79329
79388
79937
80369
79665
79557
79857
80354
80452
79464
80310
80113
80425
79518
79936
79709
79623
79989
80526
80053
80353
79875
80156
79810
79434
80375
79459
80591
80516
80058
79833
79549
79764
80396
79453
79722
80057
79890
80395
80112
80576
79478
80069
79414
79894
79564
79830
79589
80000
80295
79327
79848
80328
80318
80152
79315
79545
80350
80080
80279
79373
79407
79689
79380
80211
80557
80246
79730
80325
79645
81160
81096
81322
81308
81052
81067
81882
80795
80675
80765
81513
81350
81708
81192
81469
80873
80909
81153
81693
81265
81375
81445
80753
81460
81396
80643
81266
81420
81286
81134
81883
80652
80933
81704
81079
81090
81246
80806
81293
80936
81655
81292
80825
80648
80774
81857
81018
81378
81790
80993
81707
80830
81639
80683
81339
80907
81807
81824
81035
81800
80983
81369
80651
81440
81766
81164
81116
81217
80859
81799
81606
81237
81555
81358
81833
81392
81037
81476
81441
81120
80998
80862
81504
81163
81029
80911
80654
80632
81006
80827
81247
80603
81001
81546
81556
81605
81147
81073
81547
80752
82425
81914
81945
82614
82753
83128
82909
82508
82857
81944
82780
82938
83185
81932
81904
82529
83098
82853
83109
82555
82345
82316
83080
82331
82572
82026
82915
82353
83153
82983
83192
82582
82727
82020
83016
82502
82275
82214
82691
83171
82109
82663
82461
82074
82856
82556
83191
83129
82522
83044
82807
82951
82764
83047
82392
83092
82700
82150
82813
82000
82637
83014
82175
83050
82774
83072
81950
82829
82170
82791
81991
82276
83108
82820
82062
82835
83150
81965
83106
82111
82949
82277
82368
82290
82436
81925
82876
82073
82116
82995
82402
82564
83127
82134
82880
81924
82063
82568
83132
83064
83412
83917
83767
83694
83775
83762
83654
83840
84014
84222
83379
84351
84381
84377
83444
84277
83552
84161
83303
84178
83516
83285
83867
84096
84049
84499
83886
83622
83803
83357
83888
84469
84258
84120
84321
83695
83735
83353
83578
83810
84426
83345
83965
83964
84079
83583
84478
84297
83542
83593
84219
83265
83410
83950
83765
83480
84471
83700
83415
84236
84129
83731
83843
83513
84234
83470
83360
83976
83530
83430
84405
84113
83490
84001
83800
84112
83522
83489
83906
83678
83813
83227
83666
83293
83525
83925
83366
83707
83606
83378
83786
84194
84197
83611
83549
83467
84486
83612
83854
83284
84727
85164
84589
85182
85396
85200
85463
85250
85248
84635
84623
85016
85236
85221
85393
85054
85629
84889
84572
85002
85696
84951
85277
84871
85215
85145
85133
84515
84711
85499
85035
84568
85313
84786
85770
84849
85502
85775
84625
85315
85059
84615
85437
84783
84953
85501
85793
84733
85407
85662
85137
84810
85119
85603
85709
84726
85794
85000
85275
85255
84763
84519
84908
85066
84920
84996
85169
85129
84678
84677
85741
85009
84880
84580
85021
85440
84644
85787
85090
85676
85571
84954
85109
85723
85505
84720
84574
84739
84693
85342
84656
84591
85431
84514
85592
84605
84624
85763
85227
84674
87093
86189
85911
86424
86382
86210
86406
86057
86842
87032
86130
86480
86536
86401
86603
85809
86152
86728
86497
86680
86824
86508
86985
86802
86911
87043
86551
86988
86973
86117
86092
86944
86960
86066
86270
87056
85935
86970
86640
86412
85954
87013
86185
86836
86980
86463
86495
86550
86075
86441
86827
86308
86377
85820
86963
86822
86872
87061
85801
86404
86888
85943
86696
86863
86613
85829
86679
86734
86656
85953
85948
86815
86801
86809
86476
86877
87057
86310
86350
85921
86537
87053
86990
86752
86609
86132
86618
86239
85811
85843
86017
86396
85983
86436
86731
86235
85861
86814
85804
86438
87906
87596
87731
87267
87160
87478
87986
87495
88053
87289
88229
87910
87926
88305
87571
87203
87782
87162
88140
87966
87609
88349
88380
87872
87963
87786
87616
87588
87297
88176
87849
87835
87448
88360
88386
87937
88065
88126
87985
88109
87903
87479
88215
87704
87927
87282
88067
87702
87832
87190
88374
87141
87490
87195
88139
88022
87997
87460
87384
87833
88043
87326
87539
88367
87114
87293
87428
87515
88220
88324
88018
87389
88095
87538
87313
87482
87136
87385
88362
87365
87714
87447
88050
87386
87973
87102
88382
87192
87652
88233
87532
87982
87303
88275
87312
87392
88250
87234
87309
88253
88667
89691
89199
88766
88574
88933
89343
89577
89346
89607
88958
88938
89098
88432
89420
89489
89435
89184
89438
88994
89018
89289
89136
89263
88761
89016
89236
88693
89525
89377
88598
89003
89449
89317
89024
88593
89550
89497
89166
88640
88849
89477
89075
88806
88985
88794
88516
88784
88876
88467
89355
88532
88835
88747
88706
89669
88507
88904
89022
89202
88560
89105
88490
88982
89590
89011
88848
88521
89521
88905
89674
88686
89403
88511
88510
88454
89043
88946
89183
89572
89335
88968
88967
89272
88937
88976
89126
89431
89554
89586
89413
88592
89186
89655
89452
88638
88665
89622
89667
88812
89865
89714
90206
90016
90952
90284
90053
90063
90425
89783
90816
90716
90040
90742
90809
89880
90666
90466
90135
89752
90341
90473
90692
89999
90939
90184
89794
89986
90671
90660
89856
90141
90119
90553
90453
90046
90274
89851
89824
89717
90398
90733
90577
90441
90924
90399
89884
89904
90354
90059
90373
89702
90416
90034
90549
89921
90755
89858
90705
90954
90150
90079
90026
90938
90690
90713
90873
89756
89813
89707
89922
90707
89815
89890
90806
90061
90761
90844
90907
90973
90526
90941
89881
90700
90627
90607
89847
89804
89984
90087
90185
90406
89713
90004
90024
89817
89859
90415
90563
89725
91441
91349
91427
92148
91130
91560
91961
91409
92194
91940
91983
91522
92035
92057
91969
91224
92003
91929
92016
91656
91153
91979
91681
91164
91744
91390
92175
91648
91402
91188
92027
91376
91207
91136
91491
91626
91727
92094
91564
91172
92180
92192
91420
92070
92046
92226
91114
91237
91187
92292
91811
91576
91163
91090
92008
91855
91662
91372
92134
91400
91194
91236
92170
91978
91884
91825
91993
91729
92236
91074
91798
91323
91492
92169
91314
92260
91106
91970
92203
92221
91762
92251
91424
91857
92114
91250
91394
91721
91379
91649
91446
91080
92235
91274
91121
91528
92218
91070
92206
91754
93186
93311
93230
93329
92565
93598
93189
93347
93438
92700
93578
93506
93138
93509
93056
93558
93386
92359
92834
92984
92934
93064
93398
92384
92551
92356
93512
93068
92432
93397
92784
93466
93573
92916
93303
93228
92473
92846
92568
92949
93459
92316
93450
93422
93412
93407
93105
92307
93494
92839
92405
93058
92396
93103
93080
92717
92515
92862
93448
92845
92340
93168
93490
93007
93218
93294
92517
92623
92352
92615
93059
92407
93178
92408
93118
92459
93496
92986
92614
92626
93021
93224
92648
93037
92826
93252
93486
93242
92715
93132
92436
92646
93013
92503
93173
92691
92419
92433
92486
92493
94655
93685
94663
93621
94455
94078
94350
94138
93608
94510
94876
93661
94226
94370
93782
94527
94023
94305
93677
94070
94345
94545
93635
94331
93947
93633
94195
93997
94755
94698
94828
94547
94209
94405
94176
93766
94550
94397
94316
93961
94441
93678
93721
94442
93881
94274
94753
93636
93627
94801
93691
93817
93707
93775
93980
94690
94258
94366
94785
93894
93898
94645
93705
94270
94555
94762
94479
93819
94604
93801
94751
94431
93729
94069
93921
94445
94470
94332
94389
94419
93845
94115
93616
94050
94137
93632
94152
93687
93996
94306
93866
94474
94600
93613
94047
94629
94486
94806
93745
93953
95748
95158
96073
94995
95616
95783
95476
95094
95391
95465
95840
95989
95551
96147
95110
95522
95097
95571
95867
95622
96101
95922
96003
95971
95902
95401
96144
95909
95604
95580
95937
95781
95393
95191
95036
95281
96184
95599
95169
95570
95552
95509
95744
96081
95342
95459
95665
94975
95072
95773
95051
95305
95359
95297
95574
95411
95127
94949
95980
95762
95547
95078
94918
95850
95759
95039
96047
96022
95854
95244
95667
96061
96141
96187
95555
95434
95886
95302
95735
95209
95377
95877
95033
95686
95481
95417
94911
95186
95026
95461
96004
95354
95312
95749
94920
95940
95990
96128
95343
95219
96714
96645
96349
96775
96764
96335
96776
96400
96627
96842
96465
96460
96921
96991
97090
96298
96216
96848
96381
96821
96596
97464
97427
96884
97036
97477
97462
96415
97095
96288
96312
96508
96512
96847
96213
97389
97109
96276
96975
97037
96894
96459
97052
96346
96792
96834
96428
97414
97385
96523
96569
96968
97442
96554
96585
96497
96597
96891
97081
97458
96607
96414
96299
96716
96685
96541
97425
96720
96342
97228
96742
96329
96313
96586
97050
97205
97456
97201
96375
97211
96317
96728
96811
96250
96695
97435
96916
97218
97214
97490
97164
96209
96469
97483
96882
96477
96482
96800
96394
97026
97620
98769
98786
98379
98449
98610
98024
98524
98739
98402
97978
98550
98688
98553
98689
98356
97865
97887
97896
98355
98382
98164
97742
98132
98733
98097
98675
98536
98731
98437
97930
97628
97661
98436
98250
98466
98474
98628
98581
97849
97558
98242
98344
98015
98139
98757
98576
97760
98592
97769
97519
98098
98762
98256
98799
98502
97576
98513
97626
98568
97839
98035
97924
98399
98730
97743
98791
98304
97826
97817
97533
97998
98479
97999
98181
98602
98148
98456
97906
98432
98764
97708
98575
98249
97808
98438
98787
98614
97725
98763
98262
98478
98027
98415
98265
97575
97860
98683
97614
98482
98938
99191
99074
99733
99148
99176
99514
99768
100087
98801
99239
99940
99242
98867
99669
98910
99548
99101
99497
99658
98819
99984
99422
99992
99780
99761
99564
99219
100073
98898
99943
99296
99906
99474
99918
100009
100048
99298
98996
98816
99068
99983
100070
99264
98840
98976
98848
98893
99829
100081
99287
100008
99470
99455
98953
100035
99195
99006
99544
99499
99836
99250
99150
100096
99862
98836
99689
99557
99149
100078
99757
99618
100015
100020
99758
99486
99090
99031
100088
99581
100045
99384
98987
100083
100074
99795
99790
98916
99447
99919
99666
99147
99293
99025
99939
99387
99837
98969
99120
100052
100248
100310
101222
100698
101346
100152
100860
100572
100381
100247
101048
100641
100987
100619
100614
100242
100729
101315
101021
101190
100964
101063
101154
100558
100214
100969
101173
100451
100665
100523
101152
100919
100345
100497
101258
100298
100934
100757
100742
101205
100466
100377
100292
100620
100259
101302
100467
100598
101393
100956
100570
100480
101353
100549
100666
100218
101313
100512
101118
101359
100109
100735
101207
101321
100701
101230
101033
100303
100432
100573
101056
100581
100809
100375
100176
101278
101307
101280
100187
101364
100407
100999
100227
100276
100463
101298
101104
100332
101369
101172
101239
101292
100589
100618
100799
100623
100981
100465
100785
100367
102465
102453
101595
101651
102661
102617
101817
102430
102153
101833
101634
102211
101408
102359
101689
102365
102627
102297
102332
102133
102001
101922
102676
101578
101625
101897
101465
101704
102127
101890
101917
101793
102054
101693
101838
101955
101860
102105
102221
102584
101753
102662
102174
102604
102523
101898
102532
102275
101877
102570
101631
101429
101450
101868
101891
101736
101712
101549
102378
101871
101745
101932
102663
102111
102199
101572
101824
101842
101504
102552
102072
101963
102018
101673
101874
102343
101791
102499
102493
101696
102087
101887
102252
101861
102659
101899
102471
101723
102115
101612
102463
101972
102249
101462
102117
102032
101456
101947
102539
102331
103520
103908
103415
103639
102889
102810
102777
102958
103932
103346
102772
103439
103865
103971
103575
103165
103482
103082
103379
103468
103998
103502
103629
103595
103423
103104
103064
103450
102974
103479
103949
103209
103784
103277
103737
102985
103294
103434
102886
103770
103409
103569
103630
103477
103055
103107
103904
103366
102724
103816
103226
103538
103941
103420
103050
102938
103847
103385
103085
102937
103954
103178
103633
103313
102876
103806
103651
103746
103213
103752
102754
102740
102780
103464
103903
103089
103763
103069
103242
103756
103929
103305
103127
103930
103419
103627
103787
103574
103939
102725
103622
102991
102870
102908
103586
103877
103497
103823
103977
103647
104120
104432
104831
104881
104282
104866
104228
104784
105144
105031
105291
104360
104520
105288
104761
104846
104398
104841
104740
104878
104239
104605
104435
105109
104998
105196
104182
104745
104052
104610
104207
104250
105018
104885
104379
105122
105099
104650
104785
104155
104977
104273
104017
104214
105209
104837
105166
104733
105190
104215
105189
104016
105014
104180
104472
104098
104744
104058
104357
104665
104576
105090
105280
104667
104852
104718
104792
104762
104844
105039
104565
105135
104669
104608
104764
105296
104047
104935
104819
105220
105201
104263
105157
104063
105015
104434
105094
104702
104506
104307
104571
105278
104431
104851
104256
105215
104918
104602
104102
105194
106436
105417
105752
105805
105951
105950
105461
105463
106239
105656
106087
105690
106027
105379
106513
105522
105794
105833
105817
105382
106525
106490
105808
106486
106092
105542
105503
105320
105556
105625
105822
106215
105747
105361
105546
105961
105952
106425
106241
105928
106118
105477
105981
106499
105650
105852
105357
105727
106343
106571
106137
105821
106422
105426
106117
105598
106179
105890
106488
106458
106358
105903
106412
106516
106446
105485
105733
105716
106433
105806
105318
105464
106549
105857
105935
105780
105959
105754
105512
106527
105895
105790
106144
105767
106554
105761
106226
106198
106555
105985
106176
105390
105525
106281
106274
106272
105557
105940
105445
105444
107436
106930
107489
106865
106615
107080
107831
107427
107064
107155
107129
106852
107687
107823
107598
106827
107569
107339
106895
107549
107488
107503
107600
107547
107265
107299
106735
106931
107280
107504
107735
107037
107812
106884
106996
107758
107259
106708
107027
106700
107143
106715
107644
107340
106850
107684
107745
106874
107249
106798
107100
106779
107778
107479
107442
107648
106605
107461
106603
107794
107350
107317
107231
107698
106694
107407
107007
107279
107430
107783
107495
106937
106646
106693
107118
106692
107625
107739
107245
107391
107292
107342
107537
107085
106958
107713
106604
107011
107599
107204
107540
107671
107733
106687
107766
106940
107659
107676
107275
107124
108825
108493
108148
108541
108456
108755
108800
108482
108007
108145
108376
108170
109142
109121
108126
108624
108595
109139
107981
108638
108234
108114
108287
108132
108680
109049
107990
107967
108424
108489
108277
108198
108614
107944
108498
107913
109005
108043
108025
108721
108888
107954
108055
108343
108581
108798
108967
108752
109167
108231
108003
107936
108169
108858
108182
107907
108244
108573
109062
108001
108758
108222
108158
108187
108849
108901
108856
108246
108394
107928
108179
109108
108019
108691
108984
108593
108916
108228
109061
109051
108338
109052
108449
108018
108417
108393
108811
107916
108874
108365
109123
108138
108923
108570
109066
107994
108144
109103
108587
108726
109291
109984
109811
109791
110220
110495
109550
110110
110418
110000
109457
109674
109903
110067
109626
109761
110476
109236
109854
109881
110485
110372
109346
109764
110437
109680
109825
109413
109690
109947
110072
109525
109662
109586
110377
109391
110376
109458
109598
109809
110162
109319
110268
110086
110117
109479
109826
110369
110237
109689
109864
109993
110093
110196
109389
109217
109273
109522
109656
109974
110273
109711
109342
110083
109694
109370
110241
110034
109887
109262
109987
109758
110011
110425
110244
110212
109431
109216
109234
110052
110213
109935
110455
109455
110081
109298
110279
110028
110392
109899
110360
110351
109698
110322
110144
110170
109958
110179
110245
110239
110673
110608
111061
110785
111415
111256
111224
111791
110616
111418
110880
111657
111315
110855
110505
110832
111313
110899
111470
111482
111168
111000
110921
111371
111157
110922
110630
111584
110911
110541
110695
110954
111519
110958
110517
111643
111090
110561
110991
111159
111401
110904
110710
111476
111410
111227
110951
110694
111649
110588
111596
110788
111114
110931
110515
110707
111664
111026
110831
111212
110808
111540
111685
110903
110961
111060
111700
111226
111016
111691
111550
110860
111230
110618
111263
110703
110986
111208
111543
111532
110682
111674
111378
110975
110737
111153
111043
110798
111536
111726
110716
111594
111588
111763
110942
110892
111211
111624
111592
110852
112639
112200
112440
112212
112143
112434
112342
112859
112004
112441
111932
112042
111805
112874
113053
111939
112524
112135
112219
112037
112745
112485
112287
112179
112101
112399
112974
112260
112839
112507
112282
111918
111910
112497
112791
112798
112226
112386
111842
112869
112644
112144
112516
111832
111860
112699
112274
112746
111991
112718
113000
112233
112460
112939
112608
112842
113009
112229
112777
112119
112257
112836
111851
112599
112616
112517
113052
112418
111807
112014
112304
112769
112916
112946
112743
112554
112279
112803
111887
111949
112326
112047
112661
112920
112153
111937
113078
112600
112375
111891
113037
112043
112104
112942
112906
111990
112392
112792
112082
112940
114316
113311
114175
113904
113171
113418
113157
113433
114084
113747
114255
114046
113922
114247
114069
113586
113131
114073
113959
113902
113516
114329
114226
114065
113489
114154
113562
113633
113644
113811
114048
114324
114195
114241
114196
113520
113733
113511
113743
114299
114289
113200
114026
113542
113795
113653
113865
113742
113414
114192
113269
114323
114209
113737
114352
113847
114119
114231
114051
113510
113308
113389
113548
114233
113363
114314
114213
113846
114075
113405
114021
114111
113324
113781
113818
113450
114246
114132
114227
113891
114180
114242
114200
113966
113576
113905
113212
113741
113655
114074
113564
114156
113634
113424
113245
114118
113800
114077
114232
114349
114523
114671
114880
114984
115314
114928
114660
115282
114856
115414
114512
114674
115100
115298
115380
114648
114540
115226
114683
114974
115338
115527
114724
114684
115344
115465
115601
115454
114965
115644
115670
114644
114859
115686
114639
115489
114995
115125
115211
115588
114589
115688
114740
115622
114964
114665
114439
115583
114970
115612
115431
114620
114962
115120
114695
114738
114413
115245
115418
115006
114976
114736
114652
115058
115390
114509
115430
115065
115070
114865
115180
114414
114686
115661
115680
115231
114977
114505
114707
115381
114726
114952
115151
114822
114669
114598
114766
114443
114861
115297
115025
114892
114457
115394
115062
115539
115610
114940
115354
115156
116881
115935
116511
116188
115920
116943
115842
116883
116350
116384
116247
116359
116851
116087
116413
116915
116565
116782
116208
115713
116869
115765
115973
116501
116910
116735
115894
115719
115782
116150
116311
115886
115885
116965
116009
115959
116014
116784
116566
116832
116893
116913
115794
116412
116860
116048
115982
116190
116101
115863
116648
116634
116813
116759
115756
116277
116074
116013
116758
115737
115980
116510
116000
115827
116426
116948
116070
116716
116777
115752
115916
116229
116146
116435
116990
115847
116344
116086
116297
116120
116242
116901
116912
115797
116248
116692
115874
116825
116279
115739
115730
116803
116065
116850
116222
115832
115834
116395
116947
116624
117441
118001
117447
117796
118187
117001
117912
118154
117975
118217
117579
117424
117108
117289
117485
117049
118222
117613
117260
117655
117541
117091
117022
117287
117061
117448
117515
117357
117716
117436
117944
117433
117027
117730
117798
117840
117653
117826
118027
117416
118207
117836
117574
117269
117724
117825
117323
117475
117637
117368
118120
117324
117726
117619
117630
117200
117468
117772
118186
117696
117442
117457
117503
118212
117127
117444
117821
117721
117212
117909
117789
117007
117089
117453
117374
117148
117681
117687
117534
117542
117600
117819
118164
117263
117757
117854
118118
117173
117030
117576
117575
117617
117042
118238
117087
117916
117915
118090
117373
117652
119510
119118
119117
119426
119266
118919
119559
119386
119494
119036
118484
118475
119598
119039
119226
118343
118616
118643
118331
119519
119534
119060
119217
119576
119199
119589
119138
118730
119054
119310
118817
119065
119487
118792
118304
119273
118666
118810
118316
118569
118494
118585
119560
118722
118972
118592
119034
118560
119177
118420
119213
119086
119499
119548
119233
118862
119465
119528
119071
118728
118590
119198
119565
119207
118445
118725
118545
119246
118654
118447
118620
118797
118425
118735
118369
118567
118693
119139
118684
118945
119109
119009
118897
118303
119591
118851
118971
118799
119286
118710
119569
118478
118314
119167
119355
119349
118979
119203
118858
119090
120431
120479
120822
120084
120739
120781
120595
119770
120323
119709
120182
120275
120205
120600
120281
120136
120679
120552
120566
119635
120292
120720
119962
120293
120540
120032
120588
120201
119884
120844
119921
120198
120226
120064
120038
120227
119675
119977
119679
120563
120196
120737
120166
120705
119761
119723
120512
120891
120478
119882
120534
119705
120861
120429
120173
120594
120530
119600
120685
120547
120840
120410
120220
120328
119771
119776
120690
119944
120667
120669
120491
120581
120873
120889
119732
120833
120204
119711
119849
120803
120132
120348
120694
120228
120851
119945
119654
120044
120735
120401
120480
120357
120676
120577
120896
119980
119758
120080
120024
120054
121469
121617
121651
121482
121567
121335
122083
121361
120965
122180
121802
121098
121635
121874
121990
121158
121091
121510
121843
121525
121392
121316
121495
121473
121947
121382
121547
121244
121844
121280
121865
121826
121029
120990
120988
121067
121797
121536
121074
121691
121224
121299
122148
121853
122101
121131
121285
121949
121783
121178
122086
121961
121243
121108
121742
121529
121309
122157
121379
121655
121084
121744
121475
121488
121211
121966
122149
120970
121927
121541
121785
121535
121293
121039
120908
121722
121606
121759
121480
121784
120950
121062
121504
121646
121434
121568
121401
121919
121028
122160
121276
121533
122112
122184
121133
121890
121591
121432
121089
121656
122275
123493
123245
122215
123034
123283
122356
122419
122796
123370
123080
122414
123187
122219
122806
122411
122408
123234
123095
123445
123196
122524
122674
122448
123423
122639
123255
123242
123341
123163
123017
122898
123224
122705
123097
122551
122246
123036
122486
122676
122476
123028
123160
122623
122828
123001
123098
123408
122306
123454
122400
123491
122662
122446
122724
122336
123459
122619
123180
122472
123129
123482
123313
123462
123328
122537
122987
122541
123453
123498
122470
122770
122295
123440
122247
122364
123281
122597
122981
122236
123363
122672
122338
122622
123044
122859
123273
123046
122988
123101
122766
123472
123133
122655
122830
122234
122906
122449
123368
122429
123624
124382
123678
124640
123642
124508
123942
123502
124652
123536
124335
123986
123827
124248
124240
124798
123641
124430
123913
124384
124637
123922
124398
124018
123635
123795
123831
124156
124617
124611
124580
124790
123989
123568
124436
123508
124022
123554
124173
123525
123904
124439
124122
123981
124014
123804
123793
123883
124406
123928
124759
123877
124480
124700
124130
123915
123794
123933
123736
124102
124068
123732
123639
123712
123952
123570
123864
124660
124699
124103
124220
124268
123790
124792
123585
124526
124355
123501
123813
124654
124454
123621
124441
124117
123948
124489
124779
123762
123676
124077
123627
124342
123665
123786
123654
124651
124740
123906
124532
124712
125246
125758
125931
124989
125996
125127
125848
125291
125957
125119
125650
125067
124950
125771
125646
125874
125928
125825
125893
124848
125684
125823
125492
125419
125457
125080
124887
125779
125124
125720
125481
124971
125939
125897
125060
125761
125280
125913
125107
125979
125844
125824
125898
124993
125282
125770
125952
126023
124879
124933
124809
124941
124980
125973
125603
125601
125037
124973
125486
124841
126000
125796
124919
125315
125500
125782
125628
125491
125813
124850
125599
125202
126027
125727
126035
125040
125669
125150
125538
125426
125332
125972
125153
125010
125934
126015
125915
126084
125136
125048
124810
125425
126016
125053
125012
125983
125456
126062
125402
125776
126339
126561
127152
126814
127345
126650
126517
126113
126774
126246
126104
126539
126614
127397
126770
126932
126657
126218
126200
126754
126414
126320
127184
126803
126239
126938
126346
126513
127041
127240
126936
126887
127197
126475
126242
126277
127100
127298
126577
127359
127196
126458
126651
126620
127291
126460
127159
127024
126105
127288
126356
126503
126254
126670
126664
127114
126502
127118
126236
126669
126558
126342
126317
126713
126717
127307
126832
126529
127273
126918
127101
126974
126909
127259
126588
126309
126564
126850
126569
126763
126169
126823
126519
126468
127116
127310
126694
126597
126336
126878
127320
126720
126931
126472
126107
126971
126262
127028
126402
126161
127478
128218
128365
128022
128408
128588
128643
127862
128011
128474
127823
127511
128293
128137
127605
128121
127817
127827
127909
128140
128277
127475
127484
128613
127422
128516
128029
127828
127667
127445
128386
128034
127481
128267
127580
128553
127614
127979
127490
128224
128057
127697
127832
128647
128673
128462
128621
128562
128345
127549
128407
128008
127810
128699
127713
127793
128081
127586
127820
127631
128017
128368
128487
127600
127554
128183
127739
127410
128396
128528
128674
128268
127582
128425
128395
127868
128037
127800
128308
128441
127506
127700
127676
128612
128513
127966
127763
127457
128382
127915
127401
128016
128687
128461
127762
128676
128303
128677
127716
127504
129848
128878
128852
128928
129829
128924
128863
129422
128881
129308
129267
129550
129319
129644
129976
129441
128934
128721
129861
129085
128903
129388
129685
129748
129807
129280
129796
129714
129046
128947
128759
129600
129669
129384
129358
129559
129795
129490
129136
129745
128948
128865
129921
128741
129759
129214
129078
129706
129261
129066
128735
129368
129941
128859
129048
129698
129752
129007
128925
129416
129811
129277
129830
129781
128990
129252
129079
129115
129181
129334
129020
128927
129734
128856
128918
129229
129802
129488
129874
129340
129152
128767
129125
129987
129707
129421
129551
129222
129141
129704
129379
129325
129156
129867
129332
129938
128894
128867
129592
129132
