1265
2244
3568
4829
5931
6512
8663
9491
11437
12056
13598
14608
16505
17340
18306
20372
21059
22218
24347
25973
27154
27595
29542
30921
32101
33483
34882
35967
37567
38321
39924
40704
41726
42949
44344
46150
47380
48544
50545
50755
52791
54328
55303
56725
58181
58693
60186
62125
62844
64321
66218
67009
68235
69754
70631
72162
72953
74869
75437
77579
78665
80507
81415
82643
83704
84945
86331
87754
89027
90268
91723
92426
94875
95387
97210
98686
99935
100214
101848
102764
104537
106250
106958
108123
110042
110949
112467
113127
115216
116789
117427
119577
120524
121074
123011
123944
124864
127256
128352
128928
