343
791
1309
1877
2992
3591
4884
5171
6418
5553
6797
7242
8572
8124
9796
9943
10452
10789
11924
12091
13492
13862
15378
15561
16197
15822
17599
17478
18725
18639
19867
20319
21334
21398
22475
22671
24410
23624
25304
24753
27119
27080
27514
27340
28792
29080
30906
30125
32260
31879
33126
32757
34385
34725
35793
35240
37514
37098
38913
38887
39725
39573
41521
40735
42021
42478
43095
43660
44755
45094
46541
45681
47705
47697
48256
48417
50391
50254
51851
51780
52432
52011
53641
53318
55498
55189
57182
57046
57867
57361
59301
59529
60012
59968
61730
61462
63301
62456
64459
64022
65816
66173
66354
66812
67797
68754
69020
70183
71411
71181
71784
71824
73946
73749
74287
75388
75608
75833
77325
77910
78371
78757
80457
80244
81066
81122
82757
82910
84422
84230
84765
84582
87001
86379
87426
87329
88847
88616
90092
90817
92278
92014
92619
93365
93621
94544
95988
95338
96858
96789
98157
97930
99356
99966
100962
101262
101607
101692
103501
103982
104884
104315
105738
105675
107732
107105
109068
108184
109304
110120
110835
111767
112512
112863
114206
113771
114851
115431
116521
115724
117097
117060
118619
119517
119818
120500
121316
121512
123075
123070
124239
124084
125035
125384
126293
126879
127513
128416
129964
129484
