1088
853
1186
592
756
2241
1760
2242
2587
2443
3200
3758
3838
3491
2840
4008
4105
3947
5152
3996
5476
6426
5253
6490
5682
7623
7205
7414
6884
7178
9068
8974
8314
8079
8760
9336
10300
9862
10238
9175
11532
10887
10799
10876
11487
12707
11987
12890
11906
11827
14075
14192
13298
13798
13146
14323
14542
14638
14980
15459
16817
15942
16691
16310
15675
16950
18123
17304
17922
17275
19266
19458
18650
18531
18328
20372
20130
20454
19838
19790
21372
21211
21112
21342
21311
22159
22278
22853
22882
23092
24606
24553
24497
24108
23660
25700
25813
25496
24992
25254
26415
26263
27265
26588
26023
28082
28044
28287
28412
28518
28810
28999
29467
28913
28975
30670
30295
30537
29900
30590
31797
31359
31245
31840
31293
32856
32557
33257
33322
33010
34757
34699
34132
34013
34045
35254
36100
35766
36143
35165
37026
37307
37160
36576
37109
37913
37776
38169
38427
38278
39427
40262
39575
39238
39140
40647
40964
41387
41329
40555
42437
41638
41685
41758
42762
43774
44052
43006
43524
43269
45112
44381
44480
44237
44386
46248
45579
46437
45539
46405
46857
46872
48082
48057
47786
49141
49127
48340
49222
48240
50120
49561
49992
49963
50040
50869
51662
51962
51080
51653
52602
52093
52059
52010
53183
53828
53495
53837
54598
53858
54934
54695
55106
55245
55156
56966
56211
56908
56335
55962
57505
58155
57916
57269
58305
59183
58555
58976
59600
59776
60200
60397
60412
60700
60564
61149
61578
61469
61477
61472
62850
62661
62471
63499
62488
64982
63956
64025
64462
63808
65588
66159
65777
66220
66057
66891
66310
67487
66741
66324
68182
68816
68637
68370
68687
69067
70192
70184
69231
70044
70359
70375
70821
70988
70978
72049
72796
71978
72411
72162
73382
73744
73448
73333
73408
74338
74423
74348
74508
74749
75848
76342
76262
75471
76282
77172
77549
76855
77955
76820
78623
78918
78835
79156
78752
79333
79980
80164
80205
79311
81236
81289
80986
81527
80724
82305
83126
83184
82829
82512
83708
83924
83337
83248
83816
85136
84687
84821
85644
85462
86853
86041
86309
86666
86817
87713
88368
87785
88103
88208
89577
88684
89096
89213
89270
90197
90151
90731
90082
90472
92015
91093
91489
91741
92233
93050
92873
92809
92493
93331
94613
94890
93784
94212
93767
95717
96123
96067
95274
95740
96857
96820
96283
96961
96667
97927
98210
97837
98541
97897
99521
99004
99341
99740
99293
100543
100892
100360
100463
100189
102607
102204
102496
102076
102379
103892
103506
103242
103554
103268
105011
104504
104940
104871
104488
105487
106288
105437
105477
105608
107119
106956
106930
107788
107376
108915
109131
108169
108367
107953
110045
109705
109949
110222
109987
111754
111126
111147
110661
111652
112628
112614
112819
111823
112761
113955
113155
114110
113803
114005
114467
115121
115699
115631
115438
116733
116105
116980
116402
116938
117482
117463
117389
117834
117181
118957
118378
118415
118919
119555
120497
120855
120720
120075
120843
121245
122096
121896
121306
121929
122475
123246
122892
122633
122993
124668
124112
124191
124045
123880
126028
124992
125340
125219
125185
126210
126454
126203
127213
127172
128183
128009
127867
128096
128164
129906
129182
128701
129659
129500
