930
875
881
1926
2505
1977
2901
3757
2870
5029
5031
4326
5569
6041
5990
7243
7478
6961
8918
7856
8894
10331
9201
9680
10470
10727
11670
12196
12040
12255
13037
13097
14144
14677
14467
14893
16612
15754
16899
17142
17658
18026
18405
18775
18592
20016
20126
19886
21469
21080
22071
22168
23081
23356
24239
23453
24479
25113
25545
25548
26684
26292
26765
28457
27570
28262
29602
29683
28943
30468
30585
30227
31996
31628
31932
32967
33688
33486
33838
34774
34789
35501
35613
36097
37683
37483
37476
38010
38632
38170
40146
40004
39078
41593
41362
40401
42066
42514
42643
43602
43140
43280
44754
45485
45429
46648
45859
46663
47670
47712
47294
48110
48428
49277
50221
50132
49605
51354
50904
51230
52791
53177
52644
53611
54376
53818
55669
55171
55416
56359
56783
55950
58020
58418
57373
59415
59686
58724
60807
60670
60472
61991
61845
61404
63596
63601
63186
64343
64738
63860
65574
65003
65025
66673
66690
66879
67997
68512
67950
69861
69182
69614
70240
71022
70635
72298
72531
72166
74090
72833
73779
74720
74890
74187
76054
76460
76091
77666
77092
77766
78988
78597
78595
79766
79862
79726
81315
81552
80953
83143
83151
82265
83695
84159
83277
84657
85483
84611
86116
86461
86425
87571
87432
88173
89141
89028
89464
90368
90817
90755
91298
91587
91256
92436
92719
93531
93662
94322
94847
95383
95635
96115
96974
96876
97324
97551
98391
97609
99748
98969
99686
100696
100760
100704
101870
101469
102057
103262
103465
103176
104716
104561
105077
106007
106196
106006
106873
107181
107126
109151
108312
108489
109423
109498
110431
110630
110637
110737
112041
111953
112022
114132
113605
113407
114467
114552
115352
115914
116338
116808
117338
117556
117785
118310
119148
119382
119737
119852
119817
121035
121029
121626
123116
123036
123255
123869
124035
123617
125170
124922
125247
127215
126411
126888
127828
128074
128235
128785
129197
129593
