1188
404
2363
2259
2941
2667
5093
5153
5540
5813
7776
6832
8957
8973
9912
9951
10606
11367
12981
12541
13096
13732
14440
15176
15680
16489
17375
17765
18518
19056
19806
19838
20839
21596
22733
22742
23924
24062
25104
24705
27030
27176
27754
28094
29567
29616
29930
30606
31451
31853
33364
33158
34778
34360
35225
35134
36628
36966
38936
37909
40070
39632
41576
41374
42601
42896
43014
43261
45457
45348
45524
45704
48032
47644
48724
48710
50172
49560
51578
51559
52100
52886
53620
54287
54797
55134
57146
57119
57611
57571
59341
59568
60007
60281
61462
61403
63084
63377
64588
63700
65324
65272
67220
66998
67651
68864
68956
69758
70373
70942
72275
72750
73651
73166
74575
75382
75684
76029
77313
77365
78281
78600
79807
80165
80679
81782
82874
82693
83801
84389
84785
85753
87069
85981
88181
88206
89683
88557
90062
89793
91330
91052
93599
93350
93940
93923
95911
96194
96869
96739
97941
98219
99335
99194
100153
101380
101528
101607
103519
103308
104807
105235
105601
105662
107751
106926
108968
108304
109684
109480
111194
111361
112282
113082
113488
113392
115245
115547
115848
116658
117050
117029
118748
118845
120564
120061
121189
121602
123441
123302
123743
124322
124898
125064
126498
126371
128166
127408
129227
129878
