1234
666
582
521
971
614
1002
1256
713
1018
216
788
994
1031
821
1244
960
522
1179
331
691
887
669
663
344
448
1204
1134
1222
911
520
1064
1106
121
1042
483
1166
355
95
163
492
1013
687
609
1275
232
1124
886
84
847
717
434
455
106
77
647
170
336
951
601
111
680
147
730
950
1151
605
844
1215
71
224
240
957
266
130
86
633
980
262
1046
447
375
1012
715
740
559
842
977
169
803
1272
178
73
23
43
758
854
1003
974
15
1515
2107
1611
2523
2570
2319
1365
2408
1650
1592
2416
1308
1659
1739
2245
1942
2134
1699
1313
1879
1923
2276
2538
2298
1708
1907
1446
2519
1606
2227
1827
2401
2340
2337
1963
2138
1363
2563
1510
2351
1957
1509
1552
1543
2117
1433
1866
1596
1535
1838
1612
2156
1655
1601
2222
2215
2125
1502
2315
2300
2476
1839
1905
2019
1303
2036
1300
2232
2226
1800
1301
2081
2521
1320
1863
1762
2502
1979
2249
1377
2599
1833
1436
1635
2431
1938
2474
1439
2500
1689
2347
1337
2243
1951
2582
2168
1916
2064
1834
1875
3150
3633
3193
3457
3012
2744
2733
3642
3326
3171
3169
3186
2947
2928
3181
2930
3423
3759
3558
3727
3502
3860
3312
3434
3729
3743
3236
2826
2777
2605
3493
3238
3584
3031
3365
3228
3274
3511
3311
3637
3694
3604
3859
3788
3433
3134
3684
3670
2692
3373
3564
3783
3259
2944
3645
3655
3770
3667
3117
3791
2830
3570
3883
3398
2606
3732
2769
3243
3619
2819
2688
3202
2952
3050
3356
3164
3438
3198
2951
3878
3665
3678
3815
3519
3248
3650
3882
3106
3620
3507
2898
3866
3489
3281
3441
3588
3873
3340
3448
3197
4839
4260
5019
4442
4110
3986
5142
5151
4792
4349
4486
4123
4571
5063
4433
4656
4252
4628
4826
4386
3905
4340
4245
4483
5028
4422
5029
4740
4756
4640
5181
4953
5055
4887
5192
4155
5180
4364
4329
4381
4235
5016
4471
4817
5122
4612
4165
4141
5084
5152
4753
4138
3993
4371
5107
3907
4375
4778
4394
4899
4159
4543
4339
4947
5127
5069
4750
4156
3959
4620
3957
4981
4251
4828
4204
4051
4613
4285
5150
3942
5114
4695
4044
3969
4266
4439
4129
4236
4734
4711
4415
4203
4115
4528
4546
4462
4326
4350
4625
4002
5514
6367
6411
5277
5990
5720
6433
5446
6356
6376
5925
5909
5469
5584
5417
5724
6020
6243
6144
6453
6467
6127
6457
5231
5788
5907
5269
5275
5318
5322
6056
5845
6076
5564
5346
6347
5578
6498
6291
5217
5875
5449
6062
6491
5327
5950
6069
6476
5822
6252
6348
5376
6057
6006
5983
5753
5839
5748
5203
5858
5829
6068
6010
5999
5892
6168
5668
5651
5332
5384
6278
5488
5518
5830
6038
5881
5853
5899
5425
5250
6446
6385
5342
5511
5718
5680
6223
5522
6420
5820
6123
6419
5612
5506
5624
5400
5563
5264
5747
5618
7453
6847
6850
6624
7613
6609
6879
7510
6868
6804
7644
6999
7270
6549
7431
6717
7556
7674
7153
7508
6678
6560
7404
7102
7239
6941
7621
6874
6970
7289
7523
7381
7187
7617
6700
6905
6579
7505
7086
7045
7276
7112
7249
6526
7548
7642
6677
7095
6814
7105
7409
7777
7708
7365
7462
6940
6561
7410
6640
7177
7282
7175
7616
7042
6747
6686
7702
6883
7528
7471
6803
7091
7490
7573
7075
7025
7388
6808
7169
7348
7342
6819
6766
6771
7557
7395
6501
6833
7667
6852
7558
7448
7328
7147
7320
6623
6710
6596
7537
7519
8139
7947
8480
8866
8707
8628
8984
8597
8916
8501
8778
8015
8442
8338
8861
7866
8056
8463
8688
8318
8823
8025
8684
8965
8844
8653
7993
8479
8963
8076
7874
8788
9007
8797
8290
8460
9070
8300
8051
8924
8847
7970
8309
8414
8949
8770
8872
8677
8679
8913
8003
7878
8667
8837
8238
8485
8005
8603
9086
7820
8322
8095
8559
8497
7997
8588
8768
8551
7918
8871
8161
8394
8065
8668
8923
7806
8455
9025
8447
8639
9045
8529
8851
8765
8439
9041
8298
8324
7945
8943
8749
8210
8377
8592
8019
8117
8371
8583
8360
8931
10124
9376
9439
9186
9515
9417
10114
9348
9480
9582
9460
10304
10079
9986
9211
9888
10004
9844
9746
10325
10066
9366
9790
9399
9904
9895
9880
9246
10184
9605
9852
9332
9228
9896
10213
10285
9910
10064
9497
10214
9486
9692
9248
9588
9901
9133
9272
9282
9411
9404
9155
9487
10148
10204
9722
10002
9677
9640
9394
9251
9589
9388
10005
9284
9170
10164
9333
9946
9779
9433
10383
9233
9287
10318
9999
9236
9555
9380
9739
9465
9796
9617
9240
9475
10133
10363
9403
10336
9892
9940
9295
9219
9225
9386
9744
9443
10095
9422
9293
9204
11328
10978
11326
10875
11443
10558
11310
11312
11290
10766
10810
10573
11148
11251
11137
10578
10669
10923
11383
11147
10947
10602
10652
11344
10823
10877
11520
11265
11536
11244
11171
10498
11448
11394
10657
10996
10439
10546
10814
10689
10579
11442
11288
11090
10411
10662
10443
10723
10717
10674
11598
11238
11630
10516
10801
10985
10595
10420
11640
11061
11050
10771
10478
10821
10667
10710
10563
11256
10461
11114
10980
11167
10869
10615
11540
10870
10450
11273
11211
11227
11085
10958
10552
10835
11311
10479
11066
10857
11186
11263
11116
11498
10812
11003
10965
11655
11121
10418
11553
11538
11907
12240
12102
11968
12911
12400
12139
12591
12262
12288
11897
12108
11849
11802
11743
11715
12267
12356
12670
12457
12384
12830
12157
11985
11754
12060
12004
11704
12606
12295
12903
12110
11775
12190
12970
11705
12187
11747
12296
11949
12319
12919
12844
12200
11702
12204
12690
11909
12973
12410
12064
12715
12314
12113
12620
11768
11818
11916
12950
11766
11856
12869
12472
12937
12744
11991
12153
12215
12385
12000
12854
12750
11763
12659
12702
11733
12628
12402
12614
12953
12292
12243
12802
11918
12713
12383
12106
11896
12934
12059
12487
11857
12001
12969
11783
12035
12994
12948
11912
12014
13994
13922
13553
13080
13908
14267
13752
13248
14188
13552
13027
13765
13001
14159
13317
13164
13261
13412
14031
13487
13637
14089
13005
13652
13585
14078
13216
13045
13929
13397
13889
14175
14127
13642
13792
13006
13651
13522
13848
13905
13566
13574
13555
13618
13964
13740
14120
13944
13483
13571
13627
13514
13797
13267
14094
13189
14266
13079
13713
13255
13291
13661
13675
13186
13170
13544
13399
13960
14117
13561
13053
14095
13046
13769
13144
13850
13477
14222
13214
13600
13182
13221
13314
13257
14087
14128
13702
14269
13898
13496
13133
14162
14093
13499
13822
14136
13794
13309
13390
13683
14778
14551
15453
15333
15191
14437
15110
15211
14916
14627
15258
15322
15396
15240
15441
15067
14619
14614
14699
15433
14313
14504
14403
15466
14701
15131
14576
14734
15349
14798
15487
15252
14681
14342
15395
14388
15457
15215
15454
15307
14783
15115
14628
14846
14982
14936
14655
15003
15492
15423
15597
14695
15168
15568
14772
14486
14867
15477
14993
15079
14665
14854
15371
14919
14876
15316
14409
14634
15011
14988
14424
15002
14336
15171
14358
14530
15075
14974
14598
14362
14784
15309
15430
14484
15000
14700
14795
15575
14965
15393
15432
15056
15482
15351
15195
15299
14475
15519
15282
15303
16639
16536
16505
15694
16130
16127
15953
15854
16496
15760
16241
16384
16848
16280
16083
16448
16267
16309
16046
16084
15624
16111
16058
16653
16621
16312
15838
16062
15726
16214
16850
15639
15934
16324
16023
16811
16195
16871
15928
16720
16666
16357
16716
16674
16108
16305
16182
16547
16560
15739
15772
16433
16501
16269
16005
16794
15644
16566
16787
16792
16244
15907
16578
16146
16859
15710
16260
16700
16263
15828
15636
16128
16191
15915
16707
15785
16729
16644
16015
16791
16657
16491
16620
15975
16291
15799
15728
16777
16767
15927
16143
16641
16808
16826
16022
16102
15621
16161
16661
16166
17267
17350
18141
17987
17984
17100
17420
17348
17090
18032
18119
18156
17500
17961
17449
17521
17033
18024
17160
17031
17912
18044
16986
17342
17622
18108
18078
16958
18030
17242
17924
18095
16917
17281
17725
17897
17021
17671
17563
17404
17048
17411
16988
17556
17981
18060
17540
17738
17211
17356
17046
17114
17192
17923
18137
17576
17728
17839
17123
17246
17683
17669
17174
18039
17380
17881
17574
17057
17441
17938
16976
17794
17299
17597
17197
17362
17015
17305
18099
17082
17567
17827
17262
17701
17729
17005
17050
18094
17233
17554
17078
17914
17456
17220
17134
16950
17169
17343
17609
17154
18792
19488
18286
18643
19049
18749
18296
19165
19320
18618
19083
19084
19217
18696
18335
18939
18366
18641
18963
19209
19123
18894
19283
18230
18662
18255
18355
18832
19466
18919
18813
19388
18206
18866
19393
18998
18614
18948
18432
19273
18265
19197
18980
18635
19446
19406
19342
18742
19099
18995
18275
18324
18831
18520
18863
19180
19275
19468
19402
18210
19403
18870
18541
19028
18946
18755
18314
18807
18202
18509
18836
19428
18222
18956
18840
18495
18711
19232
18645
18259
18505
18548
19172
19205
18653
18965
18737
19184
18754
19362
18437
18397
18336
18224
18672
19144
19411
18988
18323
19498
20520
20325
20460
20419
19719
20788
19906
19926
20582
20573
20350
20632
20172
19673
20339
20563
20707
20725
19960
20568
20193
20557
20218
19759
19665
20112
19741
20053
20171
20526
19995
20135
20334
19768
20319
19990
20560
20349
20022
20514
20619
19989
20548
20537
20316
20176
20400
20509
20044
19555
20724
20059
20651
19677
19500
19569
19536
20481
19922
20181
19901
19583
20243
19625
20495
20399
20478
20384
20747
20457
20785
20121
20291
19612
20173
20196
20542
19611
20577
20127
19543
19821
19685
20086
20036
20367
20274
20786
20049
19623
20490
20074
20799
20600
19731
20524
20439
20504
19889
19923
21819
21363
20880
21765
21295
21659
21736
21408
21785
21838
21400
22020
21635
22005
21773
21221
21350
21982
21487
22015
20835
20840
20884
21110
21090
21277
21497
21058
20982
21448
20800
21919
21332
21741
21688
21479
20968
21227
21027
21826
21678
21734
21057
21234
21214
20810
21249
21614
21386
21309
21272
20903
21827
21753
21941
21224
21163
21777
21648
21358
21737
21205
21768
20900
21791
21140
20812
21405
20869
20934
20969
21362
21620
22095
21775
21913
21060
21781
21476
21036
21013
21252
20818
21396
21463
20826
21415
21064
21625
21178
20984
21470
21014
21988
21207
21492
21558
21296
22087
22029
22960
22296
22390
23094
22827
22663
22214
22315
22134
23239
22681
22382
22429
23371
22872
22620
23148
22469
22226
23260
22818
22422
23364
22742
22135
23129
23198
22971
23286
22997
22850
23390
22558
22138
23082
22604
22200
23093
22234
22870
22914
22250
22673
22939
22332
23128
22813
22188
23184
22759
22403
22767
22637
22743
22686
22847
22974
22480
22391
22320
22899
22801
22273
22477
22642
23232
22428
22432
23106
23028
22883
23115
22194
23114
23362
22201
22897
22415
23085
22433
23392
23190
22701
22305
22519
22581
22115
23027
23132
22405
23378
22205
22691
22148
23016
23256
22923
22143
22313
23090
24176
24662
23517
23993
24166
24588
23704
23807
23535
24138
23447
24450
23885
24462
23523
23856
24086
24472
23797
23766
24287
24685
23439
23867
24451
24667
23402
23768
23774
24489
23572
24601
24664
23991
24568
24107
24182
23958
23915
24289
23564
23701
23895
23967
23599
24052
24334
23758
23681
24557
23616
24643
23470
23587
23828
24227
24433
24524
23585
24468
24435
23520
23735
23510
24496
24596
24348
24147
24550
24241
24284
24021
24431
23555
23643
24536
23452
23968
23851
24349
23903
23825
24157
24000
23595
23955
24031
24043
23914
23874
23694
23779
24320
23746
23622
24293
23410
24199
23909
24148
25129
25538
25352
25692
24793
24871
24964
25499
25204
25918
25216
25356
25974
25036
25435
25841
25869
25729
24752
25983
25715
25046
25114
25011
25861
25546
25051
25213
24712
25430
25109
24938
25052
25358
24920
25593
25132
24991
25635
24849
25327
25060
24959
25208
25642
25220
25339
25552
24980
25603
25269
25591
24908
24954
25063
25136
25117
25290
25503
25033
25334
25241
25627
24788
25989
24979
24749
25946
25382
24872
25297
24966
25040
25472
24803
24901
24875
24735
24860
24862
24830
25168
24831
25318
24868
25739
25990
25056
25432
24943
25169
25676
24997
25795
25313
24700
25843
24935
25226
25441
27018
26088
27211
26871
27242
27249
26408
26079
27025
26705
27071
26074
26913
26248
26434
26321
26132
26044
27081
26342
26680
26800
26528
26028
26791
26156
27103
26332
26719
27285
27287
26545
26336
26676
26322
26628
26353
26753
26252
27232
26794
26380
26245
26658
26225
27000
26138
26264
27250
26089
26232
26728
26752
27283
26492
27220
27157
26718
26505
26726
26952
26915
26265
26897
27019
27244
26205
26731
26763
26597
26257
26075
26229
26850
26128
26106
26286
26272
27139
27147
27217
26269
26271
26995
26436
26263
26874
27179
26714
27178
26696
27295
26923
26299
26756
26734
26424
27028
27203
27186
28496
28462
28456
27706
27442
27928
27543
28425
27340
27422
28225
28549
27907
28556
28300
27519
27369
27805
28503
28083
28378
27542
28004
27558
28390
28450
27858
27590
27975
28388
27617
28035
28335
27432
27944
27936
27767
28069
27583
27414
27728
27652
28587
27980
27914
27712
27766
27879
28214
28036
28356
28170
27938
28505
27495
27559
27687
27479
27451
27537
27723
27508
28253
28158
27815
28423
27860
28365
27487
28195
27942
28259
27499
28001
27586
28367
28550
27471
27525
27490
27680
27611
28131
27475
28317
28033
28250
27953
27420
28267
28447
28371
27776
28038
28512
28376
27394
28344
27863
27905
29132
29584
29271
28797
29885
29570
29098
28953
28796
29183
29326
29397
29153
28726
28663
29555
29101
28697
29530
29373
28693
29199
28876
29743
28908
29021
29381
29588
28646
28954
29045
29781
28765
28945
29393
29067
28706
29395
29123
28617
29014
29087
28778
29400
29171
29531
29608
29040
29649
29468
28966
28807
29131
28806
28730
29663
29063
29197
29453
28776
29481
29543
29578
29611
29544
29723
28922
28879
28632
28782
29566
28934
29026
29657
29394
29534
29263
29623
29080
29505
28862
29813
28751
29143
29815
28674
29629
28615
28737
29141
28679
29020
29565
29366
29834
29739
28600
28913
29818
28803
30473
30987
30594
30994
30101
30687
30527
30271
30459
30756
30281
30776
30537
30670
30654
31178
30304
30915
30111
31086
31032
30364
29974
30394
30317
30164
30141
30747
30187
29956
30213
30753
31160
30493
30275
30077
31001
31010
30363
30650
30223
30368
30678
30128
30216
30100
31064
30622
31021
30266
29919
29944
30836
31028
29924
30030
30982
30449
30955
31057
30868
30383
30181
30465
30137
30081
30402
30814
31054
30476
30296
31065
30482
29923
31044
30909
30660
30272
30895
30529
30360
30746
31103
30103
30358
30483
30048
30234
30568
30603
30096
30782
31017
30410
31171
30162
30925
30370
30571
31023
31318
31631
31893
32079
31317
32388
31734
32150
32169
32165
31758
32039
31696
32082
32478
32277
31442
31237
31787
32155
31961
31433
31667
32246
31997
31203
32163
32048
31922
31253
31224
32041
31811
32332
31694
31880
31853
31344
31778
31615
32012
31353
31593
31536
31634
32074
32222
31252
32304
32498
31874
32468
32439
31982
31449
31375
31238
32367
32377
32072
32405
31463
32193
32386
31266
31628
32441
31850
31320
32028
32473
31980
31502
32059
31664
32058
32487
31329
31781
32323
31466
32095
31429
32485
32412
31837
31649
31671
32436
32356
32302
32162
31483
32116
31532
31331
32288
32328
32353
32348
33417
32693
32857
32740
33788
33146
33398
33413
32622
32614
33327
32822
33060
32730
33072
32873
33654
33581
33672
33160
33752
33261
33484
33374
33172
33084
32935
33310
32991
33687
32641
32667
32772
32972
33038
33505
33451
32850
33185
32874
33277
33329
33353
32569
33182
32944
32807
32566
33386
33334
33690
33112
33641
32942
32744
32932
33419
32781
32680
33158
33306
33637
32990
32507
33498
33457
32538
33276
33135
32500
32829
33445
32809
33740
33632
33123
33242
32662
33718
32934
32796
33344
33210
33013
32893
33467
32810
32831
33795
32551
33349
33053
32999
32585
33073
32692
33014
33437
33054
32800
34968
34175
34421
34025
34236
34174
34726
33968
34621
34234
34549
34759
34443
34506
34358
34862
34989
34678
35025
34765
34115
34313
34413
34598
34614
34357
34889
34731
35002
34573
34931
34977
34570
34565
34350
34090
33907
34086
33877
34002
33909
34825
35077
34974
34943
33967
34719
34309
34608
34133
34193
35013
34980
34265
34335
34999
34904
34927
35037
34390
34902
34790
34096
34888
35097
33823
34084
34648
33891
34163
33845
34603
33997
34990
34982
34208
34334
34916
34963
34768
33942
34125
34845
35015
34432
33813
34052
34840
34880
34611
33936
34734
33986
34911
33889
34828
34374
34301
34959
34415
36325
36174
36252
36317
36137
36222
36225
35924
35173
36366
35250
35219
35997
35205
36319
36266
35883
36344
35590
35873
35596
35874
36363
36029
35124
35346
35358
35294
35110
35331
35388
35301
35264
36373
35710
36332
35342
35112
35694
35356
36201
35738
35327
35832
35509
35713
35221
35260
36158
36308
36150
35153
35203
36204
35669
36340
35925
36099
35957
36318
35631
35916
35808
36322
35984
35247
35658
35495
35676
36152
36047
35641
35863
35852
35724
36146
35964
35577
35508
35254
35533
36117
36057
36185
35648
35306
36021
35589
35802
35646
36342
35141
36239
35677
35617
35454
36241
35190
36135
36327
36470
37194
37513
36489
37240
36816
36953
36491
37456
36758
37477
36499
37546
37439
36839
37046
36612
37390
37182
36592
37135
37022
36637
36940
36682
36807
36448
37098
36549
37172
36843
37188
37287
36432
36626
36605
37401
37126
37109
37696
36575
37619
36608
37679
36939
36861
36818
36870
37615
37347
37549
37608
37524
36914
36414
36887
36602
36997
37396
37204
37283
36652
36486
36678
37237
37059
37035
36646
37694
36502
36547
36917
36467
37522
37692
37112
36450
36757
36425
37582
36830
36824
36517
37212
36449
36520
37238
36562
36541
36439
37015
36945
37203
36926
36419
36879
36579
37558
37315
37376
38588
38581
38202
38369
37777
38995
38651
38140
38371
37947
38161
38130
38449
38188
38110
37931
38290
38035
38653
38808
37995
37844
38191
38761
38687
38344
38689
37755
37860
38298
38186
38492
38757
38523
37702
38162
38105
38921
38997
38045
37718
37704
38880
38448
38001
38501
38565
38710
38288
38795
38103
38852
38692
37923
38610
37857
38939
38526
38068
38090
38741
38242
38575
38149
37973
38827
38062
38812
38787
37812
38910
38214
38515
37920
38705
38782
38599
38951
38600
38832
38123
38012
38287
37770
38229
38496
38308
38652
38345
38488
37982
37888
38255
37726
38292
38033
38475
38342
38708
38464
39173
39484
40272
39911
40018
40055
39072
39928
40129
39272
40206
39521
39237
39700
40063
39590
40212
39321
39452
39512
40294
39429
39259
40024
39226
39565
40019
40241
40085
39376
39043
39282
39034
39415
39504
39828
39138
40287
39074
39366
39114
40137
40214
39197
39185
39018
40043
39289
39104
39236
39940
40228
39442
39887
40046
40098
39383
40293
39586
39222
40074
40295
39925
40164
39917
39454
39748
39939
39786
39346
39658
39489
39525
39474
39884
39242
39081
39257
40278
40247
39341
39785
39297
39870
39184
39714
39960
40010
40182
39630
39410
39296
39905
39444
39284
39055
39488
39338
39800
40099
41383
40700
40894
40878
40812
41518
40706
41356
40337
40955
41119
41134
40769
40358
40632
40482
41426
41451
41050
40494
40691
40688
41246
40745
40517
41099
40444
40883
41339
41011
40965
41006
40496
40564
41027
41262
41169
40935
40956
40918
40626
41302
40364
40491
41317
41084
41286
41549
40497
40829
41126
40320
41375
41086
40977
41460
41590
40774
40355
41520
41571
40838
40925
40304
40775
40543
41256
40316
41095
41205
40510
41387
40612
41497
40566
40488
40833
41057
41550
40968
40763
40341
40645
41087
40656
41378
40475
41476
40520
41014
40579
40978
40694
41414
40321
41013
41434
40928
41070
41318
42147
41862
42881
42741
42523
41863
42854
41751
41674
42246
42746
42635
42606
41992
42187
42704
42132
41952
42461
42629
41937
41648
42693
41838
41622
42601
41670
41608
42437
42820
42380
42727
42087
42584
41702
41614
41754
41637
42626
41653
41821
41644
42261
41790
42491
42034
41626
41877
42220
42516
42241
41662
42232
42789
42490
41970
42054
42535
41837
42027
41691
41835
42770
42764
42182
41887
42619
41731
42333
42158
42166
41706
41953
42129
41689
42131
42098
42136
42172
42496
42640
41959
41874
42896
41787
42206
42862
42012
42767
42650
42869
41778
42237
42479
41936
42387
42120
41730
42185
41716
43951
44162
42967
44029
43172
43987
43470
43437
43222
43017
43004
43400
43540
43238
43698
43150
44081
43269
44014
43200
43612
43664
43685
43754
43497
43778
43927
43889
43873
44115
43969
43748
43256
43103
43303
43482
43058
42938
43620
44017
43014
44149
43753
43929
42997
43044
43385
43610
43648
43548
43186
43564
43862
43063
44091
43831
44051
43449
43586
43277
43504
43684
42937
43106
44044
43065
43491
43908
44138
42988
42959
43773
43607
44072
43204
44077
43988
43442
43097
44165
43346
44048
43073
42999
43818
42978
43675
43674
43137
43935
43887
43547
44070
43360
43251
43192
43221
44199
43691
43152
44480
45438
45124
45351
44565
45338
44514
44820
45010
44902
44720
45414
44675
45400
44533
45115
45089
45172
45307
45444
44208
44864
44440
44355
44777
44800
44807
45339
45388
44815
44914
44860
44544
44231
45450
44551
45331
44490
45031
45479
45158
45002
44946
45371
45242
45086
45465
45178
45150
45416
45026
45208
44893
44824
45023
44776
44976
44763
45165
44475
44481
45471
45077
44500
44432
44683
44363
45342
45492
45038
44882
44220
44328
45104
44496
44594
45069
44228
44751
44342
44334
44405
44246
45347
45149
45093
45147
45487
44885
44702
45128
45326
45345
44607
45099
44923
45429
44808
45249
45456
46441
45604
46620
46180
46211
45708
45765
46781
45718
46415
46590
45895
45725
46671
46304
46394
46771
46183
45852
46785
45975
45764
45955
46667
46708
46743
46095
45900
46332
45803
45788
46468
45948
46504
45736
46131
46041
46567
45865
45926
46179
46456
46353
46053
45981
46146
45780
46277
46154
45853
46634
45782
46788
46378
45910
45800
46054
46314
46663
46615
45698
46548
45598
46434
45740
46495
46302
46551
45510
45638
46328
45909
45786
46336
45959
46561
45570
46193
46047
46638
45817
46665
46799
45902
45562
45643
46659
46299
46496
45775
45804
45994
45585
46618
46606
45611
46324
46317
46604
46594
47586
47504
47172
47010
47272
46844
47815
46843
46927
47715
46909
47164
48040
46804
47761
47595
48018
47221
47776
47193
47705
47567
47543
47912
47331
47311
46801
47107
46998
47316
46819
47310
47717
46802
47667
48085
47370
47237
48029
47734
47629
48023
47544
46837
46882
47732
47338
47417
47862
47822
46884
47985
47399
47003
47733
46932
47156
48026
47038
47356
46814
48079
47731
47219
47298
47439
47941
47188
47169
47045
47149
47194
47593
47455
47549
47309
47621
47988
47064
47708
47843
47209
47022
47323
47838
47671
47813
47321
46995
47048
47514
47346
47109
46983
47693
47355
47347
46953
47247
47662
49055
49092
48553
49018
48386
48582
48671
49177
48451
48698
48522
49256
49039
48972
49266
48528
49084
48303
48109
49214
49235
49212
49376
48911
49239
48323
48467
48639
49191
48138
49098
48607
49158
48345
48617
48235
49110
49393
49114
48185
49013
48610
48586
48557
49196
49127
48928
48693
48264
48466
49210
49138
48774
49007
48733
48945
48154
48839
49121
49004
48193
49354
49395
48696
49153
49264
48623
48309
49310
48682
48465
48756
49303
49371
49154
48366
48540
48130
48543
48180
48245
48573
48901
48108
48403
49302
48723
48941
48913
48856
48584
48996
48504
48876
48609
48892
49337
49275
48626
48342
50082
50175
50383
50001
49916
49987
49902
50469
50590
49729
50568
50651
50154
49832
50189
50643
50597
50086
49424
49962
49803
49437
49683
49477
50048
49779
49747
50381
50022
49854
50279
50285
49441
49551
49463
49576
50274
50233
50583
50049
50507
50283
49480
50062
50450
50548
50105
49579
49894
49482
50067
50561
50016
50473
49478
50031
50499
50276
50553
49834
50508
49805
49724
49944
50510
49858
49618
50216
49941
49582
50332
50489
50615
49569
50375
49697
50582
50106
50107
50412
49652
50150
49547
50504
49615
49836
50144
50627
49509
50477
50481
50466
50612
49938
49495
49872
49807
50208
50252
49736
51606
50789
51409
51628
51985
51303
51345
51658
51593
51804
51301
50850
50801
51855
51821
50776
51690
50793
50802
50836
51225
51237
51976
51364
51099
50709
51419
51105
51614
51272
51956
51894
51458
51392
51933
51787
51249
51111
51140
51569
50969
51253
51790
51172
51617
51025
51192
51921
51414
51014
51134
51662
50845
51551
50710
51425
51072
51615
51130
51256
51189
51827
50958
51137
51595
51823
50879
51261
50841
51507
51234
51314
51856
51847
51464
51540
51212
51834
50762
51244
50796
51611
51159
51767
51971
51631
51204
51714
50711
51608
51909
50902
51030
50990
51857
50907
51279
51404
50761
51852
52201
52423
52576
52643
52315
52970
53095
53277
52852
53149
52756
52335
53165
53298
52342
53268
53249
52225
52150
52705
52389
53054
52834
53048
52333
52781
52896
52341
52461
52404
52586
52935
53089
53084
52538
52728
53022
52720
52288
52485
52452
52611
52962
52760
52521
52774
53185
52673
52402
52817
52584
52866
52946
53227
52173
52488
53080
52054
52981
53216
53291
52885
52192
52242
53189
52939
52090
52446
52652
52463
52314
52088
53049
52931
52620
52706
53136
52275
52618
52204
52153
53027
52360
52151
52358
52642
52075
53043
52460
52381
52346
52213
52482
53032
52991
52287
52502
52245
52665
52514
54275
54403
53600
53424
54293
53991
53549
54362
54046
53869
53777
54294
54024
54098
53978
54328
53921
53360
53680
53523
53811
53941
53955
54531
53658
53414
53966
53747
54007
53641
53802
54434
54402
53509
53501
54579
54149
53995
53913
53428
54032
53444
54333
53413
54371
54468
54157
54020
53644
54261
54176
53659
54395
54273
53375
53334
53603
53793
53441
53507
53402
53671
53320
53372
54012
54030
54165
54019
54065
53368
53440
53990
54494
53427
53687
53721
54577
53780
53828
54205
54035
53718
53655
53369
54500
54461
53731
54495
54011
54482
53340
53832
53587
54498
53456
53377
54553
54202
54056
53816
54671
55172
55101
55335
54896
55288
55393
55012
55318
55035
54978
55394
54967
55147
54694
55758
54642
55694
54903
55819
55472
54996
55893
55683
54681
55307
55240
55485
55587
55128
55637
55155
54830
54961
55615
55677
54640
55583
55756
55648
54697
55345
55790
55103
55011
54707
55768
54937
54958
55519
54940
54711
55695
54926
55055
55309
55385
55044
54902
55486
55270
55681
55628
55765
55447
55175
55696
55384
54908
55852
55137
55115
55889
55518
54913
55584
54979
55232
55249
55262
55171
55781
55146
55181
55593
55314
54630
55428
55589
55656
55293
55591
55724
55651
55405
55825
54605
55882
54898
54947
56927
56984
56794
56379
56271
56337
56649
57064
56719
57151
56724
57108
56670
56038
56857
56471
56276
56924
56502
56723
56934
56308
56677
56011
56780
56696
56298
56159
55934
56579
56814
56785
55936
56912
56844
57177
56737
56928
57072
56057
56277
56079
56981
56343
56492
56691
56292
56949
56939
56358
55962
57036
57169
56953
56681
56406
56663
57100
55997
56103
56300
56952
57034
56196
56018
56845
57084
56994
56214
56329
56900
55984
55920
56470
56281
56338
56347
56530
56383
57171
56516
56244
56452
56022
56428
56810
56177
56806
57029
56783
56464
56910
56601
57046
56432
56815
56393
56054
56933
56474
57842
57308
57980
57790
57477
57419
58042
58143
58127
58468
58135
57735
58204
57345
58211
57536
57792
58330
58006
58381
57272
57963
57294
57876
58057
57754
57359
58217
57679
57574
57388
58187
57736
58242
57298
57527
57881
58415
57581
58236
57259
58251
57800
57907
57954
57563
57505
57557
57994
58025
57267
58282
57975
58055
58209
57281
57702
58159
57636
57422
58384
58190
57684
57904
57220
58060
57387
57500
57609
57252
57451
57965
58391
58469
58348
57389
57248
57468
57664
58383
58328
57498
58198
57324
58272
57992
58375
57659
57603
58061
58291
57465
58232
57934
57325
58484
57874
57722
58136
58027
58702
59584
59665
58939
59166
58986
59042
59318
58756
59763
59716
58846
59711
59785
59029
59344
59769
59367
58650
58841
59547
59561
59477
58512
59315
59745
58600
59106
59313
59058
58999
59621
59378
58697
59301
59768
58613
59186
58849
58997
58896
59054
59436
59092
59434
59447
58727
59220
58726
59070
58521
59158
59371
58943
59343
59373
59225
59423
58617
59339
58858
59142
58835
59021
58751
58583
58568
59457
58657
59297
59453
59627
58984
59706
59231
58749
59005
58886
59377
58911
58665
58551
59543
59320
59432
58771
58820
59661
59497
59232
59544
58563
58684
58876
59259
58739
59185
59703
59781
59203
60862
60575
60346
60781
60559
60101
60738
59973
60149
59860
60560
60438
60123
59829
59937
59938
60683
60420
60045
59845
60269
59881
60459
60325
61077
60138
60700
60448
60663
60127
59833
60433
60809
60166
59827
60396
60540
60564
61004
60619
60512
60895
60066
60839
60729
59986
60202
61034
61031
60837
60363
60529
60348
60286
60925
60192
60208
60282
60666
60139
60411
59993
60833
60390
60108
61000
60259
60416
59890
59958
60691
60464
59810
60279
59900
59997
60632
59902
60863
60518
61053
60120
60153
60323
59899
60973
60826
60798
60386
60902
61010
60295
60749
59801
59898
60196
60768
60284
60100
59940
61637
61420
61158
61692
62007
61342
61802
61703
61662
62267
61495
62338
61227
61849
62134
62080
62325
62340
61598
61152
61708
61325
61405
61881
61952
62042
61267
61355
61486
62356
62071
62334
61322
61167
61263
61804
61548
61547
61693
61581
61597
62288
62146
61998
61850
61729
61715
62327
61366
61851
62254
61898
61181
61774
62297
62186
61363
61990
61829
61559
62090
61889
61478
61866
61951
61688
62145
62168
61563
61746
61717
61308
61436
61844
62127
61451
61293
61269
62148
61771
61394
62247
62354
61571
61647
61953
61577
61800
61701
61793
61560
61900
61680
62378
61316
62386
62033
61354
61873
62383
62653
63298
63019
63062
63598
62959
62540
63005
63323
63584
63331
62411
63362
62743
63001
63601
63614
63417
62445
63077
63526
62568
63080
63531
62625
62671
62522
62459
63624
63256
62814
63646
62626
62884
63605
62516
62950
63334
63095
63591
63026
63439
62571
63129
63301
62606
63158
63224
62592
62665
62491
62691
62903
62792
62999
62652
62629
62914
63023
62594
63576
62519
62820
62461
62551
63386
63455
63161
63541
62888
62408
62876
63452
63312
62855
63421
63448
62675
62708
62922
62700
63275
62600
63305
62741
63014
63626
62639
63338
63036
63162
63234
63522
63081
63581
62481
63325
63166
62505
63539
64133
64366
63716
64425
64814
64582
63810
64402
63753
64892
64323
63920
63860
64663
64841
64192
63933
63728
64363
64990
64074
64237
63747
64715
63744
63967
64656
64576
64986
63820
64006
64021
63997
64299
64860
64369
64720
64056
63741
64831
64615
64884
64085
64488
64934
64792
64946
64104
64743
64471
64879
64682
64919
64470
64687
64805
64789
64166
64181
63972
64078
64741
64550
64029
64602
64413
64762
64989
64244
64144
63738
64541
64188
64534
64829
64688
64382
63877
64247
63785
64115
64736
64125
63977
64485
63724
64420
64548
64811
63726
64839
64745
64508
64915
64763
64481
64468
64165
64418
64179
65573
65307
66051
65469
65356
65358
66210
65267
65472
65006
65859
65214
65490
65847
65961
65562
65842
65607
65549
65668
65638
65636
65832
66169
65052
66160
65881
65226
66025
65108
65330
65723
66083
65610
66057
65533
65874
65896
65496
65544
65971
66165
65260
65736
66229
65869
66263
65827
65481
65586
65465
65088
65876
66059
65824
65950
65416
66278
65844
65178
65580
66060
66088
65096
65888
65943
65691
66221
65951
65478
65212
65035
65761
65605
65705
65221
65985
66252
65090
65525
65120
65734
65359
65146
66268
66222
65487
65367
65242
66015
65373
65940
65645
65880
65152
65338
65363
65790
66179
66198
67392
66549
67311
66901
67534
67377
67508
67056
66718
66830
66793
66410
67271
67320
67060
66701
67568
67123
67505
66762
67087
66436
67459
67086
67369
67451
67284
67572
66578
66915
67198
67076
66627
67431
66919
67301
67022
67464
66589
67164
66727
66945
66476
66872
66766
66631
66481
67381
66837
67438
66916
66846
67011
66317
67319
67039
66964
66465
66300
67397
66427
66826
66998
66789
66497
67356
67466
66986
66330
66619
66825
66828
66301
67561
66623
67437
67297
66547
67157
66309
66937
67580
67174
67159
66557
66506
67494
66343
67478
67191
66431
66323
67169
67427
66675
67163
67476
67052
67001
67234
67831
68167
67685
68860
68179
68074
68595
68857
68091
68673
67917
68328
68350
67844
68602
68628
68161
68433
67824
67921
68244
67660
68159
68110
68623
68399
68095
67993
68680
67821
67830
68622
68114
68386
68084
68884
67668
68132
68456
67616
68795
68286
68342
67730
68841
68848
67840
68063
68390
67858
68593
68062
68853
68578
67744
68316
68580
68766
68629
68278
68662
68153
68888
67662
68201
68878
68558
67912
68093
68215
68559
68312
68537
67997
68190
68733
68596
68260
67947
68771
68213
68108
68597
68835
68674
68732
68001
68383
67729
68829
68406
68037
67960
67636
68653
68779
68720
67726
68522
67750
70092
68978
69054
69836
69369
69300
69036
69261
69348
69417
69790
70015
69205
69936
70019
69828
69622
69046
70134
69918
70151
70008
69508
69253
69605
69254
69457
70104
69071
69133
69421
69697
70098
70001
69008
69848
69698
69938
68901
69775
69652
70027
69021
68916
69123
69452
69907
69083
69993
69365
69387
69702
68940
69701
68984
69074
69723
69931
68923
69890
69653
69447
69321
69818
69396
69842
69135
69466
69269
69451
69275
69858
69306
69553
69307
68976
70078
69311
68938
69309
69372
69001
70063
68910
69885
69061
69634
69583
69768
68985
69616
69012
69631
69197
70162
69587
69256
69450
69823
69911
70231
70225
71174
71238
70526
71181
70420
70285
70951
71148
70300
70306
70660
71199
71300
71408
70833
71143
71202
70363
71008
71494
70288
70202
71231
71273
71364
70458
70779
70905
70750
71295
70397
70768
70286
70200
71133
70464
71397
71065
71335
71030
70342
70546
70892
70580
71118
71355
70374
71243
71422
70839
70957
71216
70396
70887
71252
70585
71025
70826
70509
70460
71404
70734
70670
70279
71369
71102
70791
70997
70559
71315
70214
71078
70441
70698
70350
71456
70937
70304
70359
70513
71446
70846
71267
70822
70489
70910
70816
71085
71220
71333
70693
71313
71115
71474
71482
70295
70927
70210
72181
72232
72062
72614
72234
72353
71706
71592
71995
72608
72773
72573
72222
72385
72136
72618
72675
71842
71774
72238
72078
72258
72427
71678
72025
72583
72652
71557
72052
72383
71683
71758
72664
72264
72584
71558
72035
71841
72086
72245
72715
72413
71517
71953
71715
71800
71806
72331
71885
71511
71849
71767
72366
72380
72752
72447
71501
71857
71503
71742
71581
71878
72328
71944
72421
72655
72496
71703
71588
72669
71533
72102
71891
71851
72150
71532
72461
71952
72683
71714
71858
72389
71660
72103
72706
71852
72412
72141
71940
72507
72554
72788
71904
72610
72081
71650
72036
72314
71561
72763
73797
73290
73056
72988
73244
72956
73995
74018
72867
73711
73375
73637
72820
73489
73012
73158
73736
73401
73177
74090
73539
72948
73336
73542
73777
73705
73872
73873
73549
73573
72863
72901
73537
73589
73451
73122
73570
72864
74032
73835
73469
74073
73032
74023
72949
74088
73299
72923
73137
73973
74013
73223
73047
74021
74025
73794
73188
73407
72944
73298
73064
73922
73556
73761
72997
73880
74046
73676
73809
73994
73912
72853
72842
73817
72828
73885
73392
73978
73805
73744
73653
73385
73329
73398
73765
73133
73362
73458
73112
73812
73966
73379
73293
73635
73863
73263
73836
72806
72854
73364
75233
74677
74726
74516
75075
75199
75158
74612
74109
74199
74752
74841
74393
74615
74327
74753
74710
74873
74171
74436
74287
74661
74970
74946
75171
74555
74367
75091
75257
75279
74498
75140
75384
74721
74679
75349
74363
74149
74706
75272
74875
74273
74326
74148
74600
74540
74325
75331
75050
74549
74872
74927
74412
74709
74904
74749
75270
75005
75048
74220
74531
74177
74949
75322
74422
74529
74674
74161
74424
75363
74770
74261
74467
74851
74461
74626
75388
74614
75141
74165
74879
74665
74696
75129
74774
74738
75343
74390
74767
74991
74176
75064
74285
74336
74361
75358
74976
75107
74185
74678
75539
75439
75444
75873
75922
75563
76007
75738
75654
75421
76452
75552
75866
76448
76380
75743
75758
75804
75883
75755
75978
75540
76088
75703
76240
76435
76637
76500
75669
75959
76062
76344
76193
75598
76316
76445
76037
76131
75486
76662
75659
75772
76291
76655
76166
75457
75730
76213
76297
75447
75966
75737
76460
76045
75523
76161
75797
76283
75990
75435
75863
75905
76607
76503
75450
75549
76421
75898
76659
76584
75643
76406
76394
75633
76132
76001
75501
75836
76454
75512
75413
76275
76628
76100
76395
75606
76052
76324
76512
75476
75787
76190
75489
76623
75720
76467
76292
75735
75933
75916
77241
77668
76974
76879
77749
77099
76971
77563
77994
77542
77072
77747
76867
77678
77125
77698
77135
77335
77358
77607
76765
77475
77505
77010
77936
77347
77471
77245
77585
77925
77634
77087
76873
76739
77530
76957
77893
77512
76955
77745
77650
76703
77947
76934
77062
77474
76783
77854
77477
76983
76777
77735
77298
77236
76993
77804
77961
77970
77272
77489
77761
77782
77927
77654
77955
77945
77966
77468
76840
77733
76731
77874
77059
77583
77473
77784
77129
77092
77394
77243
77659
76945
77627
76951
77633
77098
77515
77445
77064
77640
76828
77465
76734
77407
77434
76975
77885
77619
76729
77060
78817
78814
78186
78221
78446
78764
78229
78575
78351
78640
78288
79271
78679
78196
79223
78418
78138
78270
78791
79067
78309
79073
78736
78748
78224
79034
79292
78190
78867
78622
79144
79058
78006
79137
79051
78368
78019
78079
78354
78110
78412
79277
79039
78877
79092
78480
78544
78889
78951
78228
79030
78448
78490
78395
78139
78705
79230
78535
78895
78624
78645
79174
78919
78772
79076
78649
78069
78144
78214
78107
78647
78854
78716
78673
78383
78145
78011
78170
78670
79117
78662
78306
78372
79227
78909
78944
78610
78181
79207
78039
79093
79023
78833
78738
78977
79128
78711
79085
78405
78154
79760
79520
79797
80071
80486
80268
79794
80340
79679
79786
79495
79506
79793
79499
79858
79873
79380
80075
80059
80157
79586
79654
80159
80039
80497
79394
79932
79416
79361
80234
80435
80589
79608
79680
80053
80464
80121
79509
80376
80342
79733
79588
80050
79627
79917
79905
79309
80477
79890
80443
80099
80222
79487
79601
79650
79646
79755
79381
80002
80466
80430
79993
80173
80181
80110
80577
79617
79806
80279
80282
79607
80003
79303
79992
79405
80556
80540
79763
79379
79335
79423
80593
80543
79333
80093
80205
79892
79938
79340
80133
79301
79692
80226
80202
80339
79454
79717
79590
80103
79710
81680
81858
81772
81767
81851
81058
81434
80933
80714
80684
81707
80864
81825
80921
81216
81061
80956
80837
81147
81892
81347
80717
81318
81017
81472
80990
81108
80840
81031
80674
81080
81234
81709
80700
80607
81564
81057
80839
81035
80736
81697
80991
80914
81847
81447
81436
81125
81871
81712
81480
81201
80909
80619
81422
81726
81309
81828
81805
81021
81317
81545
80734
81046
80859
81787
81795
81843
81521
81158
81673
81536
81815
80711
80919
80626
81555
81134
81076
81228
81175
81343
81558
81152
81510
81258
80761
81185
81701
80752
81662
81708
81876
81218
81402
81069
81271
81372
81442
81719
81184
81919
82528
82829
82662
82493
83171
82771
82401
83007
83103
82748
82300
82296
82284
82233
82592
82561
82529
82936
82527
82049
82435
82518
82902
82970
82897
82404
83028
82343
82776
83153
83059
81969
82923
82854
82225
82713
82657
82727
82483
82975
82660
81976
82653
81950
82634
82937
82964
82159
82415
82986
82981
82291
82466
82654
82180
82553
82258
81959
82092
82934
82587
82286
82560
83155
82083
82355
82164
82037
81974
82134
82052
82324
82015
82391
82522
82741
82424
82447
82655
83106
83108
82349
82189
83019
82855
82963
82390
82806
82810
83017
82388
82652
83069
82546
82677
82101
82628
82921
82206
84379
83948
83741
83482
83545
84097
84168
84490
83946
84158
83290
84073
84205
84344
83891
83468
83704
83493
83534
84184
83603
84030
83403
83802
83947
84211
83996
83792
84262
83546
83607
83328
83834
84343
83728
84160
83420
84241
83376
83622
83749
84178
83609
83994
83212
83286
84145
83390
84299
83797
84020
84174
83799
83617
84298
84167
84393
83329
84220
83209
84336
83211
83370
84243
83928
83785
84424
84035
84450
83666
84110
83986
84456
83259
83284
84272
83708
83851
83238
83662
84060
83640
83819
84468
83800
83727
83279
83366
83475
84246
83724
84352
83488
83334
83556
83669
83654
83325
83421
83505
84867
84704
85729
85412
84657
85281
85195
85391
85613
85205
84762
85771
85515
85253
84862
84764
85784
85558
84935
85468
84829
85342
85607
85316
85555
85006
85730
85149
84613
85459
84994
85590
85044
85000
85544
84659
84568
85128
85467
85541
85164
85344
85096
84723
85029
84860
84983
84712
85485
85221
85616
85155
84995
84822
85243
85018
84612
85331
84855
85743
84681
85581
85305
85639
85369
85512
85680
85084
85038
85622
84817
85625
85283
84887
84716
85723
85376
84548
85349
85735
85017
85543
84988
85577
84895
84566
84622
85348
85413
85103
85694
85460
85089
85564
84538
85648
85521
85788
85277
85358
86554
87033
85894
86379
86037
86628
86661
85982
86973
86248
86219
86563
86160
86403
86334
86641
86468
86032
86914
86321
86837
86421
86558
86291
86144
86476
86449
86349
86829
86975
86875
85934
86359
86432
86619
86797
85957
86898
86515
86028
85876
86181
86917
86529
86283
86942
86765
86164
85988
86452
86049
85835
86679
86786
86568
86647
85845
86634
85814
86346
86950
86745
85937
86279
86504
86480
86030
85951
85958
86477
86646
85929
86258
86972
86365
85892
86314
86174
86994
86039
86931
86578
87066
86331
86763
86208
86808
86638
86874
86428
86622
86250
86091
86498
85993
86944
86396
86089
86070
86908
88391
87842
87350
88136
87326
87906
88131
88217
87606
87158
87282
87148
87529
87956
87235
88399
87408
88024
87865
88122
87178
87638
88130
87116
87213
87215
87474
87903
87704
88370
87732
88375
87144
87435
88187
88325
88383
87104
87850
87520
87383
87497
87757
87941
87998
87500
87363
88183
88071
87229
87100
87304
88138
87268
88313
87917
88254
87832
88163
88378
87502
87700
88379
87461
87708
87714
88097
87919
88293
87237
87563
87728
88296
87223
87613
87552
87843
88090
87346
88368
87636
87668
87971
88320
87963
87390
88216
87583
88191
87200
87503
87909
87521
88292
87483
87531
88174
87290
88098
88107
88552
89342
89578
88466
89613
88408
88777
89681
88908
89444
88909
88759
89582
88664
89265
89420
88620
88828
88882
89449
88874
88599
89240
89224
88813
89343
89530
88638
89194
89100
88490
88864
89616
88665
89257
89305
89413
89680
88994
89111
88564
89591
89404
89586
88963
89506
88622
89002
88576
88687
89034
89478
89022
88631
88416
88545
89632
89690
88496
89268
88781
89333
89667
89044
88893
89161
88756
89056
89092
89378
88646
89273
88521
89652
88617
88805
89258
88946
88696
89313
88473
89304
89202
88986
88950
89515
89065
89094
89609
89694
88751
88436
88439
88796
89440
88824
89028
89371
88889
89079
89708
90922
90141
90040
90737
90594
90253
90636
90162
90025
90145
89803
90415
90754
90483
90796
89741
90924
90434
90541
90763
90413
89924
90121
90570
90816
90604
90685
90708
90377
89770
90466
89830
89885
89866
90423
90686
90244
90728
89798
89759
90740
90904
90733
90890
89776
90639
90511
90157
90715
90471
90893
90156
90632
90783
90988
90857
90539
90100
89726
90720
89848
90140
90110
90329
90834
90878
90983
89826
89950
90807
89755
89768
90132
90159
89701
90501
90910
89878
90839
89862
89899
90750
90703
90965
90611
90390
90029
90710
89958
90060
89788
90133
90667
90824
89757
90166
90864
90598
90224
91167
92268
91594
91869
91593
92220
91806
92007
91475
91233
91503
91138
91893
91674
91904
92198
91285
92256
91613
91704
91451
91916
91023
91117
91431
91515
92272
92292
92214
91194
91670
91964
91080
92167
91360
92029
92041
91872
92236
92157
91631
91097
91538
91801
91845
91435
92010
91727
91900
92079
91852
91846
91241
91055
92176
91840
91901
91938
91430
91227
91337
91332
91621
91880
92190
91690
91445
91586
92135
91093
91810
91800
91545
91478
91065
91933
91317
91287
92221
92076
91479
91395
91567
91519
91970
91649
92288
91502
91979
91947
91831
91855
92064
91200
91592
91036
91783
92019
92267
91049
93381
93356
93043
92875
92811
92460
92912
93559
92710
92321
92672
93587
92971
93322
93573
93210
92623
93568
92701
93117
93479
92865
93347
92849
93239
93191
92861
93341
92563
92692
92714
93599
92744
93401
93598
93155
93042
93409
92407
92888
93312
93158
93237
92429
92497
93437
92664
92642
92335
93592
92923
92370
93562
93249
92591
92908
92380
92907
92961
92494
92960
93373
92715
92562
92897
93156
93260
92337
92463
92622
92561
92546
92593
92353
93167
93328
92948
92581
92535
92560
93491
93360
92734
93217
93313
92414
93548
92343
92634
93212
92471
93442
93009
92415
92777
92477
92828
93316
92432
93025
94648
94706
94341
94064
94200
94395
94249
94862
93902
93887
94045
94690
93652
94746
94323
94713
94040
94339
93850
94039
93916
94694
94491
93665
93651
94777
94668
93717
94523
94719
94270
93892
94888
93839
93642
94899
94147
94751
93944
93782
93996
94479
94008
94615
93914
94305
94446
93685
94850
94282
94737
94498
94891
94782
93788
93859
93999
94650
94399
94686
93950
93621
93738
94783
94582
94608
94122
94382
94833
94769
94404
94182
94055
94163
94882
94675
94471
94066
94311
94415
93666
94838
93617
94154
94605
94854
94681
94610
94398
93804
94222
93793
93963
94213
93907
93936
94388
94535
93741
94383
95928
95911
95602
95717
95007
95471
95195
94902
96042
95344
95437
95956
95755
95750
95408
95816
95463
95004
95073
96191
95346
95194
95743
96085
95057
95879
95352
95958
95710
95126
95386
95325
95874
95624
96012
95021
95355
95517
96060
95595
95834
95742
96029
95959
95111
95184
95828
95705
95376
95592
95781
95797
95547
95269
96048
95829
95721
94984
95513
95382
96059
95368
95417
95462
96093
95824
95123
95387
95672
95248
95483
95086
95560
96004
95455
95814
95499
94925
95738
95994
95298
94939
94955
95514
95299
95141
95693
96168
96130
95107
95295
95240
94965
95404
95167
96020
96161
95763
95357
95621
97384
96308
97483
96514
96841
96223
96930
96567
97368
96393
96678
97034
97323
96825
96506
96789
97338
96569
97406
97454
97003
97202
96500
96585
97148
96978
97246
96873
96324
96796
97149
96613
96387
96593
97466
96712
96740
96769
96989
96462
97245
97061
96269
96365
96944
96406
97331
96863
97375
96632
96448
96591
96281
97039
97130
96295
96473
96455
96299
96376
96234
96359
96973
97283
96867
96902
97287
96688
96577
96474
96451
96360
96941
96682
96612
96545
96553
97185
97095
96759
97001
96702
96776
97055
97059
96249
96399
96232
96309
96655
97211
96447
96904
96348
97470
97070
97118
96478
97114
97351
98278
98494
98169
98146
98010
97782
98250
98351
97787
98122
98417
97599
98530
98166
98396
97741
97680
97584
97919
98591
98031
98632
98796
98435
97640
98268
98342
98590
98369
98381
97825
98085
97634
97989
98164
98350
98769
98056
98713
98334
97911
97747
98485
97609
97776
97961
97737
98021
98281
97812
98420
97965
98597
98102
98489
97935
98540
97880
98678
98170
98181
98312
98395
98305
98034
98176
98578
97766
97657
98602
97673
97811
98203
97725
97869
97955
98416
98508
98429
97917
98612
98304
97978
98410
97723
98692
98795
97550
97770
98547
98080
98424
97941
98227
97577
98112
98237
97889
98418
98557
99224
99898
99775
99706
99174
98999
99495
99447
99095
98916
99214
99253
99689
99465
100005
99419
99887
98896
99403
99809
98908
98906
99769
99763
99048
99871
99547
99133
98977
99058
99065
98965
99223
99788
100043
99400
99823
99180
99950
98835
99204
98993
99150
99293
99761
99295
99949
99071
99519
98884
99772
99467
99821
99446
99151
99697
98822
99534
99554
99073
99940
99261
99800
99822
99254
99678
100099
99287
99750
99226
99713
98986
99074
100064
99203
99184
99093
99458
99110
99202
99001
99517
98939
99309
100074
98878
99906
99481
99304
99616
99244
98918
99322
99431
99735
99998
99039
99596
99060
99171
100758
100291
101005
101018
100328
100129
100576
101100
101349
100181
100314
100996
101321
100405
100509
100180
101067
100398
100899
101324
100457
101385
101070
100821
100834
101219
101341
100703
100394
100789
101200
100521
100502
100600
100182
101126
100390
101056
101115
100514
100871
100779
100816
100562
101195
100864
100552
100842
101271
101298
100299
100963
101053
100359
101154
100629
100902
101052
101386
100909
100840
100475
101129
100208
100307
100939
101203
100905
101218
100525
101320
100117
100456
101372
100690
100468
100352
100108
101368
100697
100220
100967
101265
100809
101178
101306
101123
101090
100569
100546
101345
100369
101246
100754
100374
100409
100977
100843
100988
101089
101514
101795
102352
101634
101842
102685
101874
102338
101524
101905
102418
101513
102309
101652
102589
101921
101737
101880
101549
102346
102598
102008
101945
102446
101861
102018
101599
102227
101816
101631
102677
102260
102242
101884
102270
101757
102106
102415
101603
102569
102054
102231
101756
101817
101777
101781
101562
101698
101601
101710
101402
102220
101687
101629
102603
102234
102640
101461
101732
102202
101985
102284
101909
101991
102379
101770
101429
101686
102299
101823
102288
102014
102285
101870
102197
102188
102605
102347
101925
101889
101949
102494
102643
102522
102521
102476
101983
102483
102108
101872
102358
101765
102277
101622
101736
101422
102681
102084
101452
102034
102843
102955
103841
102874
103044
103299
103364
103235
102954
103478
103868
102854
102921
103641
103276
102997
103652
103290
102971
103329
103420
102722
103236
103553
103982
102906
103287
102933
103279
103337
103440
102814
102765
103670
103733
103515
103124
103919
103642
103521
103480
103005
103614
103135
103115
103680
103393
103106
102890
103784
103263
103865
103613
103929
102846
103563
103476
103818
103431
103792
103923
103423
103742
103552
103367
103824
103427
103168
103949
102942
103537
103947
103684
102864
102817
103331
102803
103314
103205
103319
103122
103796
103066
103181
103604
102793
103779
103359
103171
103280
103409
102909
103455
103469
103197
103261
103636
103718
102865
103076
104787
104147
104273
104577
104633
104601
104448
104143
105239
105168
105190
104008
104068
104628
105078
104822
105106
104052
105016
104921
105209
104722
104056
105063
104492
104847
104754
105005
104781
104436
104930
105192
104397
104180
105242
104616
104702
105138
104825
105132
104451
105060
104349
105211
104294
105216
105094
105237
104584
104135
105073
105068
104482
104093
105294
104674
104898
105285
105142
104353
105279
104266
105128
104663
104501
104138
104200
104797
104261
104549
104088
104081
104365
104157
104537
104809
104525
104871
104243
104710
104445
104944
104094
105227
104310
104700
104185
104255
104290
104066
105240
104736
105107
104535
104876
104908
104563
104799
104354
105071
105657
105692
105785
105780
106519
105624
105437
106431
106148
106172
105428
106306
105567
105926
106340
105546
106343
105792
105935
106247
106282
106336
105301
105352
106505
106108
105802
105558
106509
106542
106002
106211
105534
106280
106073
105651
105866
106197
106032
106475
105406
105998
105900
105718
106270
106450
106196
106387
106552
105571
105491
106566
105843
105964
106375
105916
106380
105716
105770
105892
105554
105643
106069
106208
105954
106145
105890
105745
105577
106300
105395
106265
105980
106227
105831
105490
106522
106229
105323
105880
105663
105469
105404
105744
105455
106216
106469
105502
106368
105622
105789
105521
106348
106312
105475
105934
106063
106577
106470
105921
106915
107739
106796
107185
106651
107169
106713
107309
106945
107620
107171
107497
107227
107655
107800
106841
107579
107653
106934
106773
107675
107685
106820
107714
107122
107379
107412
107686
106645
106705
106625
107198
106978
107750
106748
107329
106684
107843
107183
107864
107774
107584
107311
107799
107794
107547
107217
107869
107280
107049
106927
107702
107094
107133
107440
107314
106811
107413
107678
107609
107232
107696
106663
107011
106731
107781
106712
107628
107221
106758
106787
107642
107553
107494
107752
107089
107521
107005
106914
107111
107006
107045
107302
107145
107483
107135
107332
107804
107734
106624
107377
107464
107286
107258
107218
106920
107611
107163
106720
107172
108280
108463
108861
108754
108411
108613
108831
108845
108877
108690
109065
108872
108762
108190
107973
108049
109039
108252
108435
108232
108540
108974
108485
108848
108507
108638
107994
108007
108639
108513
109145
108178
108398
108260
107983
108076
108320
108923
108140
108616
108421
108813
108195
108278
108692
108315
107934
108876
108261
108321
108487
108231
108528
108810
108046
108687
108619
108163
108679
108422
108028
108191
108789
109073
108560
107915
108705
108898
108745
108148
108014
108763
108478
109037
108388
108488
108439
108033
108379
108744
108114
108206
108946
108913
108716
108052
109098
108599
107931
108714
108775
108799
108565
108219
108559
108889
108384
108467
109105
108410
110068
109891
109926
110101
109369
109915
109669
110432
109987
109574
110044
110402
110378
109680
109948
109394
109689
110166
109453
109232
109522
109706
109849
109419
109764
110337
109971
109314
109726
109350
110481
109903
109427
110448
110442
109626
109467
109415
109610
109943
109268
109745
109634
110319
109899
109766
109409
110236
110486
110294
109349
110438
110230
110269
110278
109493
109828
110428
109850
109694
109866
109608
109624
110035
110394
109435
110490
109929
109894
110385
109447
109494
110367
110435
109355
109562
110413
110031
109663
110091
109858
109873
110351
109947
110090
109511
109340
110215
110228
109847
110468
109593
110170
110177
109531
109612
109566
110104
110403
110185
111328
111192
111029
111045
111350
110657
111520
111351
110843
111621
111695
111623
111796
111560
110850
111785
110612
111599
110586
111019
111608
110926
110554
111108
111701
110837
111114
111783
111341
110538
111514
111127
111340
111016
110778
111238
111508
110528
111207
110605
111765
111762
110627
110736
111562
111037
111657
111211
111460
111375
111405
111439
110732
111497
111507
110637
110915
111080
110679
111758
110688
111012
111578
110998
111023
111572
111422
110574
110560
110836
111736
110566
111739
110580
110733
110793
111559
111619
111038
110928
110660
110934
110622
111054
111268
110937
111703
111169
111490
110734
111094
111438
110953
111217
111540
111235
111055
111131
111289
111345
112078
112883
112544
112025
112111
112801
112721
112318
112209
112215
112487
112375
112786
111883
112338
112401
112367
111979
112928
111840
112792
112560
112103
112823
111901
112884
111813
112537
111899
111993
112750
112210
112211
112120
113078
112014
112147
112861
111924
112297
112192
112894
111844
112772
113054
112305
112687
112126
112909
112496
112436
112441
112724
111949
111926
113017
111848
112565
112958
112393
113009
112898
112115
112045
112503
112463
112879
112028
113014
112765
112146
111946
111937
112713
112869
111936
112332
112451
112131
112871
111962
111930
112736
112767
112109
112021
111852
112528
112602
112162
112910
112914
112365
112412
112828
112889
112856
112778
112352
112917
113866
113786
113528
114281
113890
113952
113645
113769
113489
113393
114383
113859
113687
114186
113615
113287
113116
113177
113892
114026
113378
113446
113343
113789
113961
113939
113973
113476
113427
114274
113898
113730
113456
114270
113627
113296
113654
113705
114306
113816
114065
113806
113175
113845
114165
113154
113715
113286
114372
114100
113567
114187
113822
113746
113216
113631
113948
113777
113739
113930
113782
113275
114008
113735
114019
114321
114190
113425
113577
113904
113767
114395
114369
114066
113924
113521
113543
113844
114084
113149
113619
113768
114041
113899
113970
113516
113620
113314
114252
113472
113626
114323
113338
113262
113372
114126
114211
113785
114356
113478
114749
114639
114949
114994
114723
114483
115296
115552
114846
114605
114512
114607
115569
114796
115461
114604
114801
115116
115319
115695
115108
115165
114557
115030
115202
115215
115470
115468
114658
115389
114753
114964
115064
114530
114776
115672
114910
115495
114537
114613
115177
115330
114424
114845
114970
114865
114710
114812
115089
115145
114401
114540
115441
114705
115652
115262
114458
114471
114950
114687
115110
115515
114516
115353
114909
115464
115680
115492
115295
114413
114683
115610
115350
115111
115257
115372
114884
115532
114524
114631
115018
115630
114900
115395
115527
114603
114901
115080
114711
114581
114748
115381
115128
114649
114913
115522
115628
114590
115591
114475
115915
116581
116604
116761
116775
115914
116905
116866
115886
116220
116423
116405
116949
116425
116875
116000
116748
116385
115735
115900
116025
115952
115733
116830
115813
116733
116271
115830
116246
116703
115750
116512
115906
116108
116053
115860
116477
116791
116039
116049
116036
116780
115878
115864
116224
115837
116184
116812
116209
116140
116321
116464
115984
115883
116058
116338
116248
116967
116463
116819
116256
115969
116500
115842
115937
116690
115893
115879
116868
115854
115907
116800
116855
115846
116974
115995
116151
116728
116568
116521
116319
116387
115741
116645
115855
116526
115728
116094
116776
116208
116217
116146
116180
115897
116876
116375
116456
116100
116688
115804
117558
117798
117993
117234
117357
117333
117307
118132
118130
117280
117569
117288
118289
118245
117919
117815
117916
118196
117662
118040
117001
117008
117610
118025
117169
117171
118116
117224
118246
117221
117077
117047
117853
117896
118234
117206
117711
117663
118216
117240
117389
118253
117400
117286
117174
117747
117696
117223
117313
117151
117436
118075
118094
117344
117976
117120
117656
117928
118221
117187
117334
117111
117538
117055
117268
117743
118003
118152
118180
118139
117561
117301
117479
118177
117483
118073
117468
118260
118089
117050
117646
117720
117622
117116
117076
117821
117595
118168
117262
117355
118037
117650
117244
117758
117531
117175
117623
118184
117779
117212
118404
119407
119071
118702
118441
119441
119410
118951
118444
118779
119161
118326
118989
118516
118692
118582
118790
119393
118595
118341
119525
119289
118457
118902
118585
119445
118597
119378
119371
118470
119164
119224
118732
119181
118593
118750
118660
119174
119160
118743
118613
118520
119405
118524
118517
119548
119397
118351
119486
119373
119493
118491
119017
118737
118579
118581
118754
119376
119491
119177
119089
119099
119368
118772
119159
119007
119087
118671
119457
119146
119537
119355
118870
118721
119421
119329
118811
119307
118422
118580
119408
118858
118507
119276
118994
118488
118497
118812
118401
118433
118400
119266
119287
118652
118391
118712
118815
119581
119385
118499
120564
120318
119622
120111
120454
119715
120209
120861
120117
119961
119757
120363
119635
120145
120642
119820
120819
120591
120373
120099
120458
119698
119654
119860
120857
120124
120244
120152
120371
120634
120478
120442
119692
120286
120230
119609
119616
120648
120253
120698
120243
120772
120173
120724
120510
120589
119608
119879
119816
120199
120608
119632
120303
120790
120224
119665
119701
120148
120456
119813
120361
119780
120719
119975
120220
119933
119969
120525
120649
120768
120655
120691
120201
120635
120113
120651
120875
119866
119973
120769
120505
119618
119870
120264
119849
120108
120440
119656
120196
120013
119709
120135
120777
120504
120735
119748
120884
119636
120646
120039
121306
121662
121693
121760
121547
121173
120993
121288
121095
121720
121149
121958
121600
121388
120978
121617
121594
121612
121023
122097
121925
121369
121565
121656
121143
121793
122005
122077
122037
121074
121737
121987
121625
121071
121818
121252
121664
122141
121813
121246
121809
121121
121014
121520
121166
121135
121533
121719
120904
121964
121240
120932
121455
121436
121933
121932
121703
121040
121637
122147
121878
121150
121090
121420
121564
121734
121518
121341
121464
121978
121483
121442
121049
121765
121027
121952
121216
121380
121371
122076
121507
121727
122103
121063
121248
121144
121776
120976
122054
121194
121208
121982
121555
121985
121989
121028
120946
122061
121352
121220
122966
123109
122548
123241
123280
123157
123293
122799
122428
123212
122442
123261
123411
122796
123294
123143
122884
122890
122396
122883
123208
123344
122263
122901
122874
123244
122215
122568
123174
123264
122891
122353
123193
122861
123170
123015
122924
122611
122921
122205
122332
123243
123304
122405
123081
123486
123266
123076
122675
122839
122609
123259
122439
123434
123080
122899
122870
123348
123316
122962
122661
122813
122430
122747
123094
122651
122564
122297
123222
122771
122235
122926
122557
122809
123452
122981
122897
123375
122837
122605
122543
123291
123033
122907
123237
123279
122239
122397
122735
123049
123164
122527
122355
122684
123376
123353
122274
122273
123364
122423
123718
123805
124522
123755
124780
123608
123923
124718
123634
124613
123747
124504
124530
124567
123922
124762
123650
123643
124168
123834
123685
123586
124483
124670
124144
124075
123558
123865
124428
123723
124622
123946
124294
124040
124403
124466
124227
123565
123782
124520
123669
124736
123938
124231
124560
124584
124538
124242
124712
123584
123704
124758
123876
123644
123508
124094
124781
124308
124236
124448
124139
123745
124084
124769
123722
124170
124535
124002
124329
123769
123754
124011
124638
124201
123729
124607
123625
124393
124376
123930
124547
124627
123726
124485
124618
124556
124545
123571
124657
123904
124509
124484
123552
124179
124646
124248
124587
124784
123965
124433
125282
125670
125403
125169
125366
125112
125081
125461
125159
125664
125386
125450
124890
125348
125340
125561
124921
124821
125862
126090
125332
125514
125059
125903
125458
125143
124847
126071
125994
125157
125865
125001
125459
125400
125831
125329
125769
124820
125736
125989
125104
125679
125894
125592
125140
124885
124903
126028
124934
125335
125896
125339
125030
125062
126007
126006
125768
124945
125156
124830
126070
124972
125431
125469
125545
125454
124834
125816
125186
125398
126041
125132
126081
125646
125406
125084
125050
125721
124923
125465
125803
125688
125723
125970
125942
125975
124981
124975
124962
125367
125615
125642
125377
124857
125729
125447
125787
125243
125813
125853
126536
126385
126805
127365
127087
126810
127356
126966
126312
126612
126458
126134
126127
126874
127169
126553
126196
126130
126819
126338
126961
127089
126723
127340
126434
126795
126759
126827
126207
126395
126984
127056
126240
127111
126302
126959
127316
126690
127119
127130
127155
127017
126181
126744
126152
126760
126402
126896
126429
126779
126540
126516
126211
126981
127290
126996
127377
126908
126496
126515
126398
127204
126253
127321
126170
127000
126939
127151
127220
126494
126439
126747
126119
126804
127021
126718
126976
126105
126922
127211
126607
126316
126104
126471
126973
126158
126765
127165
127044
126390
127039
126865
126697
127180
126356
126752
126476
126861
126693
127030
128517
127559
127467
127691
128054
128139
127901
128416
127508
128099
128178
127587
127836
127839
128228
127649
127534
127496
127544
127683
127626
128176
128079
127768
127945
127706
128291
128648
128197
128249
127951
128115
128487
127779
127996
127443
127717
128662
128659
127457
128499
127957
128060
128189
128381
127760
128508
128351
128555
128312
127724
127624
127675
128436
128066
128095
127873
127738
128250
128311
128204
127684
127566
127589
128486
128510
127600
128120
128669
128295
127672
128125
128653
127640
128222
128218
128022
128261
128507
128617
127658
127616
127912
127902
127466
127965
128152
128539
127463
128326
127897
128687
127662
128497
128116
127791
128382
128177
127458
128341
129334
129408
128832
128999
129436
129808
129773
129649
128889
129017
129437
129548
128942
128784
129647
128998
129107
129802
129052
129785
129318
129235
129167
129783
129266
128961
129724
129845
129957
128938
129474
128910
129954
129067
129284
129365
128986
129329
128992
129287
129714
129707
128897
128804
129286
129598
129407
129747
128783
129113
128929
129873
129370
128931
129834
129896
128717
128967
129993
129566
129002
128863
128800
128864
129869
129042
128939
129821
128794
128886
129039
128946
128758
129507
129265
128854
128731
129433
128704
129610
129100
129137
128953
129156
129224
128834
128853
129813
129875
129306
129073
128779
129483
129191
129188
129339
129223
129174
129849
129546
