50
602
2309
2287
2673
3018
4042
4063
5621
5771
6635
7129
8332
8807
10182
10277
11552
11428
12807
11770
14243
13109
15241
15443
16056
16275
17564
17561
19223
18552
19794
20782
20909
21060
22805
22149
24297
23720
25534
25851
26352
27080
28003
28028
29163
29457
30427
30865
32355
32464
32722
32995
33913
34327
35795
35806
37311
36616
38690
38035
39810
40023
40913
41334
42818
41632
43462
43917
44809
45407
45927
46316
47854
47496
48882
48599
50485
50316
51038
50704
52108
52268
54357
54564
55335
55656
56997
56965
58414
57482
59728
59661
60794
59997
61399
61700
62633
63045
63875
64775
65613
65712
66628
67392
68449
68151
69651
69465
70310
70806
72420
71800
73769
73841
74647
75350
76102
75953
77486
77312
78099
78782
79704
79990
81779
81001
81987
82451
83616
83438
84893
84974
86900
86434
88073
88052
88830
89233
90951
90830
92084
92124
92648
93036
94515
93986
95865
95424
96422
97472
98231
98136
99131
98862
100384
100293
101764
101496
102736
102838
104063
104140
105506
105574
106785
106657
108906
109161
109606
110141
110877
111130
112858
112181
113511
113788
114758
115356
115886
116837
117380
118089
119256
118983
119778
120127
121676
121202
123475
122206
124447
124097
125283
125579
126332
126929
128094
128099
129671
129462
