795
875
858
1804
1776
2341
3059
3284
3634
5168
4058
4879
5641
6451
5223
7361
6652
7428
9072
8787
7993
9955
9633
9320
11038
10556
10564
12556
12572
12408
14243
13320
13134
14731
14882
15520
16057
15646
16600
16958
17946
17537
19306
18577
18491
20367
19780
20759
21182
22036
22052
22741
22321
22431
23736
23553
24365
25152
24952
25790
26973
26201
26369
27484
27462
28370
28935
28958
28688
31096
29938
30761
31276
32390
32084
33604
33155
33356
34291
34081
34763
36191
36250
35855
36514
37663
36586
38169
38738
38231
40001
39193
39117
40683
40510
40385
41799
41609
42853
43088
43768
43444
44945
44364
44341
45801
45718
46377
47650
46865
47567
48582
48214
48751
49589
50275
50378
51200
51150
51981
52806
53169
52702
53424
54432
53978
54628
55899
54847
56922
56756
56172
58321
57692
57361
58714
59736
59027
60376
59842
60987
61463
61868
61849
62829
62618
62958
64866
64517
64741
65684
65569
65916
66661
67248
66884
68188
67746
68758
69279
68911
69567
70237
70347
70825
71886
71818
72227
73069
73163
73191
75051
74422
74903
75909
75424
76522
77069
77035
77174
78501
79026
78308
79456
79313
79631
80890
80900
81678
82111
82064
82462
84439
84127
84214
85664
84941
84740
86979
86168
86507
87867
88234
88073
88601
89117
89531
90814
89928
89768
92226
91889
92072
93093
93104
92791
94065
94824
93901
96073
95847
95001
97135
96939
96425
98471
97619
98260
99279
99097
99115
101302
101116
100440
101810
102449
102194
103999
102980
103481
105233
104995
105028
105574
105335
106057
107090
107364
106775
108122
108006
109067
109782
109224
109431
111586
110964
111657
112026
112913
112886
113875
113395
113269
114553
114616
115106
116166
116348
116091
117669
117500
117816
119594
118432
119387
120502
119667
120308
121664
121419
121774
123157
123337
122391
124152
124620
124304
125562
126086
125065
126710
126904
126748
127703
128114
128661
128898
129546
128985
