1299
913
833
229
1163
2067
1612
1336
1602
1475
3388
3682
3265
2725
2867
5161
4289
4883
4171
4474
6402
5691
5748
5950
5734
7214
7740
7430
7659
7072
8528
8434
9030
8829
8896
9649
9562
9420
9109
10183
10961
10648
11258
10740
10586
11738
11957
12367
12179
12885
13227
13185
14223
13899
13579
15070
14349
14785
15350
14966
15898
16854
16467
16030
15700
17019
17726
16996
17796
17269
18321
19460
19472
19459
19092
20047
20375
19897
20323
20192
21286
21586
21564
21034
21728
23322
22336
23259
22803
22314
24353
24612
24022
24672
24506
25660
25307
25499
25216
25102
27046
26944
27106
26627
26099
28296
28386
27466
27736
27600
29073
28712
29233
29623
29378
30107
31053
30946
31024
31138
31781
32384
31990
32042
31906
32803
32537
33012
33242
33725
34015
34810
34728
34825
34735
35941
35162
36385
36159
35274
36598
37089
36976
37451
37045
38920
38150
38953
38629
37824
39101
40044
39244
39690
40299
41332
41136
41341
41290
40745
42729
42468
41978
42154
42171
43752
43389
43007
43640
43993
44482
45060
44514
45372
44886
45995
45928
45733
46439
46650
46808
47936
47878
46806
46966
48178
48796
48202
48912
48946
49479
49762
50027
50140
49721
51366
51242
51001
51676
51970
52469
52505
52852
52543
53232
53498
54145
53435
54361
53727
54858
54646
55557
54666
55130
56132
56501
56065
56705
55980
58245
57370
58211
58192
57547
59108
58646
58761
58741
58740
60709
60743
60301
61049
60806
61479
62022
62138
62110
61109
62423
62480
63292
63450
62974
64598
64024
64870
64677
64573
66295
65452
65773
65234
65424
66325
67490
66939
67006
66948
68123
67850
68296
68851
68313
69385
69769
70142
69584
69342
71011
70839
70796
70690
70235
72715
72046
72546
72708
71872
73300
74050
73432
73837
74067
74949
74994
74868
74453
74701
76268
75802
75977
76569
76596
77187
77509
77898
77486
77350
78803
78549
78703
78209
78949
80459
80465
79599
79970
79529
80989
81707
81885
81894
80800
82640
82267
82368
82082
82029
83423
84017
83436
84241
83633
85416
84595
85510
85248
84636
86369
86196
86859
86540
85938
88341
88207
87438
87651
87935
89211
88807
89124
89292
89087
90668
89931
89951
90303
90833
91474
91797
91406
91817
92226
92934
92395
92472
93252
93059
94336
94020
93734
94735
94209
95826
95909
95338
95472
95056
96717
96614
96718
97158
96509
97677
98114
98054
98009
97931
100056
99380
100072
100087
99291
100644
100909
101397
100323
101302
101872
102206
102697
102185
101666
102982
102958
103297
103493
103729
104856
104023
104314
105112
105060
105501
105936
105580
106134
106519
107784
107394
106961
107298
107436
107956
109142
107961
109064
108535
109345
109602
110205
110273
110026
111356
111168
110989
110674
111679
111891
112328
112613
111883
112249
113703
113563
114174
113338
113534
114595
115559
114413
115118
114780
116902
116818
116692
116240
116232
118009
117253
117687
117546
117209
119134
119548
119253
119568
119595
120468
120180
120836
120287
120052
121012
122096
121247
121100
121904
122868
122449
122298
122812
123181
124111
124605
124492
124604
124504
125328
125107
125807
125343
125833
127296
127397
126405
126696
126754
128491
127926
128073
128223
128178
129690
129709
128947
129993
129383
