404
2392
3447
4415
5388
7552
8793
9573
11477
12488
14012
14554
15685
17763
18632
20539
21212
22190
23693
25909
26098
28373
28965
31191
31875
33124
34266
35805
36570
37742
39416
40566
42446
43678
44809
45961
47596
48894
50494
51512
52709
53738
55523
55999
58102
59329
59942
61934
63179
64428
66038
67474
67919
70111
70820
71847
73276
75272
75441
77085
78719
80514
80968
82241
84068
85392
86261
87644
88705
90211
92228
92778
94253
95827
96517
98233
99838
100287
102019
103586
104782
106166
107318
108002
109247
110869
112146
113885
114589
116104
117400
118623
120402
121272
122438
124087
125818
126122
128121
129829
