854
112
1009
894
2474
1785
1601
2541
2808
3010
3646
3391
4957
4153
4424
4814
6140
5844
5732
6429
7127
7468
7521
7491
8618
8503
8573
8817
9348
10290
10166
10115
10769
11398
10909
11174
12142
11896
12248
12856
13757
13715
13258
13006
14343
15590
15322
14366
16848
16802
16685
16714
18019
16985
17481
17126
18453
19390
18846
19399
20483
20086
20539
20662
21398
21372
20820
22019
22274
22566
22266
23118
23442
23522
24267
23404
24799
24708
25020
25646
26368
26617
26988
27205
27729
27803
28120
27344
29107
29519
28627
28940
30761
31042
30250
30540
31754
31947
31635
32026
32687
33431
33694
32739
34009
34600
34681
33923
36264
35692
35979
35334
37319
37312
37649
36435
38097
38107
38035
37986
39521
39621
39709
39468
40310
41450
41094
41080
42525
41755
42451
41977
42946
43677
43280
43814
45229
44395
44407
44424
46738
46528
45554
46288
47258
47849
47503
46869
49229
48152
48435
48461
50696
50023
50354
49704
51528
50741
51275
51762
52439
53223
52776
52176
53336
53888
54223
53668
55123
54687
55184
55716
56685
56449
55910
57151
57938
57980
58182
57789
59102
58902
59511
58856
60473
60207
60745
60107
61370
61114
61462
61117
62728
62679
62854
63171
64892
64090
64850
64943
66044
66060
65858
66111
66884
67141
66872
66549
68402
67899
68738
68718
70146
69702
69836
69861
70339
71204
70309
70292
71726
72485
72528
72330
73906
73536
72802
74000
75286
75284
74576
74998
76467
75470
76130
76296
77035
77393
77912
77175
78311
78020
79072
78488
80142
80301
80130
79544
81526
81257
81011
80622
82514
82354
82249
82805
83428
83352
84491
84427
85755
84602
85115
85643
86168
86576
86019
86486
87990
87654
87252
87518
89099
89599
89173
89207
89868
90602
90248
90501
92196
91456
91581
92113
92938
92564
92670
92338
94502
93705
93780
93859
95227
95822
95450
95479
97026
97173
97261
96771
98532
98406
98703
97726
99748
99431
100006
98927
100952
101080
101212
100675
101800
101733
101652
102321
102905
103845
103399
103825
104716
104473
104892
104379
105973
105729
105976
105998
106722
106693
107471
107719
108376
108218
108172
108727
110339
109222
110108
110484
110750
111166
111556
111616
112695
112560
113037
112638
113890
113864
113257
114007
114431
115649
115125
114520
116940
116390
116800
115939
117952
117026
117858
118058
119190
119459
118544
118896
120124
119864
120200
120136
121350
122049
122127
121827
123478
122606
122396
122324
124398
123730
124745
124742
125872
125835
124872
125956
126357
126127
126876
127221
127747
128111
128596
127758
129503
129666
129879
129494
