109
871
1676
2215
3300
3432
5126
4271
5875
5804
6751
6637
8177
8226
10068
9660
10998
11024
12769
12250
13170
13107
14510
15216
15870
16001
17508
17207
18925
19124
20758
20645
21425
22026
22329
23088
24112
24539
25040
25090
27268
26942
27814
27305
29326
28926
30604
31023
31355
31266
33607
32952
34752
34842
36141
35391
37613
36696
38101
38290
40275
39803
40864
41401
42217
41822
43133
44102
45273
44966
46120
45952
47407
46959
48774
48769
49615
49602
51137
50723
52520
52798
54315
53791
55776
54861
56395
56518
58201
58060
59774
59775
60206
60934
61377
62296
63012
62745
63840
63753
66152
65899
66814
66481
67932
68183
69215
68933
70654
70303
71587
72213
74087
72922
74914
74913
75459
75865
77365
77037
78637
78901
79722
80105
81164
81178
83096
82573
84489
84072
84811
85015
86347
86187
87180
87334
89060
89272
90211
90271
91217
91686
92984
93320
93641
93807
94930
95312
96632
97152
98755
97774
99462
99914
100856
100473
102565
101960
103072
103939
104595
104706
106212
106412
107772
106674
108595
108041
110382
109639
111223
111372
111934
113036
114193
113639
114471
114486
115735
116883
118002
117821
118604
119305
119655
120099
121306
121698
123453
123249
123924
123710
125495
125490
126530
127262
128244
128546
128966
129058
