565
813
835
464
210
1146
365
582
748
887
1237
888
249
995
208
102
1207
1182
690
230
375
1118
437
1263
697
494
389
890
783
224
419
1052
292
541
284
296
1214
499
1073
510
773
898
101
188
707
1287
66
1163
1054
1051
656
435
936
832
620
411
27
920
647
859
236
1292
304
802
924
1011
751
650
1132
679
528
1060
1110
1075
498
489
158
430
1007
76
1236
401
124
206
11
73
1098
1225
273
330
551
795
553
997
452
1067
397
597
326
408
1587
1758
1416
2499
1514
2552
1534
2302
2412
2367
1329
2005
2542
1876
1475
1331
2464
2107
2336
2461
2006
1884
2263
2110
1701
1531
2085
2322
2161
1744
1615
1891
1988
1704
1304
2420
2562
2139
1769
2400
1530
1302
1379
1953
1637
2465
1648
1872
1432
1625
2001
1589
1415
2193
1465
2473
2294
2053
2574
1455
2391
2313
2459
1802
1630
2050
1973
1925
1453
2032
1980
1309
1422
2290
1709
2114
1710
1911
1646
2298
1846
1933
1440
1830
1669
1845
2162
2116
1454
1814
2025
1397
1359
1821
2350
2342
1365
1812
1560
2178
3017
3071
3492
3629
3799
3149
2993
3244
3595
3320
2912
3522
2753
3087
3818
3690
3632
2736
3107
3707
3809
2713
3293
3247
3353
2788
2847
3055
2663
2945
2618
2937
2982
3084
3222
3155
2707
3672
3684
3673
3364
3884
2870
3798
3583
3772
3040
3304
3874
3560
3383
2907
3404
3535
3205
3318
3452
3239
3500
3215
2619
2933
3332
3236
2646
3860
2710
3079
3419
3355
3434
2665
3319
2777
3557
3100
3045
2873
2951
3423
3085
2871
2755
3776
3151
3480
2745
3668
3376
2606
3141
3702
3049
3002
3183
3393
3503
2706
3261
2811
4291
4601
4799
4421
4105
5034
4865
4770
5173
4965
4817
4099
4869
4504
4123
4325
5140
5009
4981
4443
4908
4827
4218
4302
4044
5137
4167
4151
4970
3992
4171
4386
4821
4080
4595
4082
4553
4517
5174
4301
4117
4766
4968
5096
4398
4241
4096
4008
5125
3971
4458
4051
4320
4501
4415
4747
4551
4405
4132
4020
4317
4488
4036
5135
4060
4048
5195
4883
4773
4651
4166
4994
4081
4802
4334
4859
4010
4206
4246
4278
3983
4778
4124
3948
4259
4520
5092
4554
4006
5152
4038
5143
5104
4227
5165
4710
4671
5132
5112
4976
5325
6093
5312
6300
5253
6299
5530
5297
5661
6171
6011
6451
6437
5631
6462
5626
5924
6443
6377
6426
6064
5504
5983
6271
6230
6376
5819
5490
5340
5891
5441
6178
5726
5218
5447
6151
5364
5621
6356
6473
5226
5935
5893
6369
5532
5896
6273
5525
5445
5327
5810
5535
5499
6227
6326
5268
5779
5794
6117
6492
5638
5289
5220
5743
6170
6374
5979
6084
5799
6337
5717
6056
5383
6262
6400
5762
5611
5284
6086
5235
5739
5643
6031
5752
5705
5991
5537
5960
5440
5330
5583
6478
5414
5224
5423
5614
6176
5844
5331
5323
7222
7783
7349
7275
6606
7196
6520
7778
7089
7455
6645
6578
7545
6607
6620
7580
7319
7649
7500
7681
7371
7209
6863
7305
6513
7117
7382
6785
7466
7506
6960
6729
7768
7101
6732
7767
7724
7365
7702
7007
7083
7636
6758
6685
6604
6707
7780
6833
7099
6659
7235
7751
7246
7227
7699
6605
6682
7680
6939
6823
7260
6716
6886
7057
6896
6603
7068
6774
7318
7059
6572
7003
6901
7150
7389
6615
6755
7317
7663
7696
6883
7190
6581
6632
7116
7516
7328
7593
7307
6954
7127
6798
7050
7715
7790
7734
7754
6588
6552
7660
8846
8289
8220
8138
7805
8652
8764
8538
8667
8540
8822
8544
8672
9077
8087
9019
8352
8581
7853
8492
8145
8055
8010
9054
9082
8961
8064
8411
9081
8009
9027
7871
8811
7828
8319
8176
7889
8331
8785
8350
9026
7992
7854
8468
7970
8643
8114
8402
8939
8585
8336
8063
8558
8646
8996
7903
7929
8567
8739
9061
9072
8052
7974
8843
8676
8454
9073
8276
8230
8310
8035
8836
7897
8067
8889
8016
8460
8033
8190
8422
8759
8881
8949
8127
8769
8159
8907
8312
8347
8818
8271
7844
7839
8641
7916
8290
8497
8357
8322
8715
9184
9211
9485
9265
9861
9530
10043
9848
9333
9734
9510
10033
9539
9317
10071
9516
10161
9690
10377
9166
10330
10180
9447
9546
9303
9629
9134
10119
9246
9281
9541
9936
9638
9746
9439
10029
9579
9534
9907
9642
9987
10348
10112
9578
10218
9523
10282
9912
10120
9387
9858
9986
10141
9673
9506
9588
9828
10224
9291
9375
9343
9995
9843
9233
9517
9357
9807
10281
9997
9964
9944
10314
9922
9802
9873
10118
10088
9392
9576
10242
9865
10126
9571
10164
9518
10227
9626
9595
9562
10100
9923
10179
10283
9919
9219
9444
9605
9557
9596
9228
10708
11106
11637
10846
11027
10752
11072
11393
10783
10734
11616
10764
10675
11523
11652
11321
10669
11000
10643
11297
11666
10637
10459
10972
10985
10555
11073
11402
10940
11664
11426
11617
10747
10757
11533
11410
11326
10483
11124
11257
11177
11629
10680
11595
11510
11344
10657
10605
11667
11429
10498
10891
10850
11003
11448
10488
11128
10877
10888
10929
11606
10665
11440
10776
10745
11140
10971
11295
10514
11438
11178
11698
10554
11273
10759
11266
11377
11125
10426
11204
11493
10937
10690
11099
11160
11506
11421
11668
11013
11302
11348
10788
10478
10413
11054
10418
11287
10528
10518
10530
12562
12647
12815
11907
12618
12302
12591
11880
11881
12464
12640
12424
12848
12551
12734
12854
11783
12566
12015
12745
12853
11703
11876
12052
12271
11724
12977
12084
12421
12022
12914
11968
12440
12264
12674
12484
12329
12683
12547
12219
12099
12094
12737
12012
12307
12437
11921
12713
12571
12288
12519
12048
11713
12863
12456
12731
12675
12530
12189
12383
12726
12257
12375
12789
11947
12322
12005
12309
11874
12536
12942
12605
12429
12688
12786
12460
12501
12809
12928
12177
11972
12071
12151
12708
12620
12560
11786
12740
11903
12553
12158
11844
12258
12218
11857
12814
12770
12338
11742
12306
13924
14202
14172
13333
13693
14030
13204
14020
13279
13577
14039
13214
13083
13318
13547
13142
13773
14053
13769
13667
13150
13934
14013
14258
13437
13307
13173
14130
13269
13382
13464
13952
13249
13021
13292
14256
13855
13365
13444
13686
13104
13227
13138
13830
13799
13243
13038
13883
13343
13833
14095
13966
13502
13438
14235
13598
13528
13977
14182
13046
13134
13271
13370
13843
13056
13642
13428
13180
13599
13875
13265
13245
14125
13555
13998
13779
13452
13720
13317
13252
13690
14037
14206
13739
14197
13904
13106
13722
13571
13149
13447
13650
14186
13215
13381
13355
13507
13796
13253
13238
15257
14711
15339
15302
14432
14990
14381
14787
15391
14927
14457
14691
15549
15598
14831
14780
14610
14820
15192
15280
14888
15425
14966
14922
14544
14969
14388
14406
14826
14411
15337
15193
15361
15556
14363
15067
15018
14926
15509
14827
15452
15519
15110
15068
14630
14976
15149
14367
15428
14892
14430
15037
14548
14911
15139
15235
15481
14553
15001
15294
15269
15173
15439
15525
14520
14598
15545
14606
14920
15227
14547
15552
15209
15045
14639
14524
14837
15547
14851
15043
14373
14551
15245
14781
14616
15429
15111
14895
14412
14528
14478
15344
15497
15248
14743
14714
15409
15095
15201
15279
15717
15697
16729
15693
16410
16604
16767
16658
16546
15617
16498
15808
16114
15795
16164
16447
15669
16091
16646
16623
15728
15775
16709
16407
16541
15884
16588
16516
15987
16452
16193
16317
15829
16655
16027
16306
16537
16167
15784
16676
16711
16895
16882
15825
15755
15620
15736
15882
16080
16211
16137
15701
16713
16861
16643
16700
16182
15997
15613
15988
16785
16863
15678
16765
16433
16607
16756
16545
15935
16449
16013
16217
16694
16748
15847
16144
16187
16019
16848
15686
16245
16776
16318
16423
15906
16649
16084
15934
15981
15713
16247
15929
16089
16745
16333
15629
15885
16024
16413
16771
17331
17081
17537
18010
18108
17881
17045
17463
17070
17569
17420
17649
17459
17702
17098
17194
17731
18164
17701
17808
17394
17363
17845
17492
18147
17431
17973
18109
17510
17077
16921
17831
18135
17932
17221
16956
17792
17254
17705
17725
17396
17393
17860
17904
16970
17886
16924
17192
17581
17297
17087
18139
18031
17368
17665
17392
17011
17787
17773
17797
17726
17625
17247
16911
17628
18088
17825
17618
17323
17780
16949
17072
17143
17551
17289
17274
17752
18124
17414
17483
17361
18024
17556
17386
17633
17112
17016
17924
17491
17964
17320
17977
17032
17525
17027
17007
17898
17436
17539
17199
18822
18510
19116
18975
18895
19052
19023
19407
19317
19032
18596
19490
18865
18439
19499
18765
19257
18540
19303
18714
18558
18580
19205
19222
19233
18305
19043
18990
19346
18347
18441
19249
18371
19439
18417
19106
18831
19463
18487
18939
18356
19114
18232
18319
19495
18839
18843
19444
18896
19288
18706
18527
18214
18523
18663
19196
18323
19347
19141
18866
18592
19489
19240
19300
18554
18590
19184
18606
18593
19005
18715
18875
19135
19276
18570
18605
19021
19391
19330
18981
19284
19359
19212
19063
18386
18711
19237
18349
19238
18758
19179
19117
19087
18297
18787
18455
18314
18923
18683
19283
19950
20681
20375
19933
20097
20258
20152
19784
20587
19762
20136
19607
20348
20382
20797
20241
20237
19529
20127
20181
19726
20164
19939
20703
19565
20528
19673
19840
20092
19848
20220
19833
20378
19796
19861
19964
19520
19669
20366
20634
20455
20503
19554
20287
19531
20693
19518
20358
20167
20111
20399
20511
20652
20491
20740
19564
19776
19600
20752
19538
19936
20063
19681
20733
20559
19704
19781
20275
19604
19611
20618
20680
19881
20011
20451
19699
20269
20768
20178
19974
20300
20544
19896
20439
20608
20556
20478
20114
19830
20672
20386
20597
20505
19819
20617
20144
19900
20442
20371
19820
21045
21264
21151
21884
22098
21470
21283
22046
21005
21049
21796
20891
21101
20952
20845
20978
21601
21138
21289
20857
21182
21341
21462
21871
21356
22068
21187
21669
21732
21027
20815
22099
21408
21652
21458
21637
21227
20894
21679
21286
21209
20854
21830
21536
21489
21041
21554
21932
22096
21335
21185
21421
21441
21887
21109
21082
21494
21169
21313
22064
20986
21687
21461
21172
21177
21429
21656
21931
21720
21946
21445
21818
21566
21059
21238
21048
21527
20882
21817
21475
21284
21036
21734
22052
21727
21770
21786
21824
21137
21279
21690
20924
21560
21400
21215
21713
21039
22006
21071
21501
23266
22502
22606
23102
22632
23006
22316
22587
23038
22266
22591
22138
23054
22805
23320
22354
23240
22843
22466
22944
22902
22832
22883
22511
22811
22112
22164
22597
23123
22512
22173
22222
22769
22375
22146
23008
22417
22992
22517
22661
22908
22351
22268
23023
22531
22831
22849
23172
22994
22578
22504
23046
22307
22932
22889
22892
23244
22251
22496
23197
22540
23222
22200
22948
22543
22505
22809
22576
22918
23316
22958
23136
22435
23221
22262
22875
23133
22906
22822
22856
22473
23035
22136
22235
22701
23022
22972
22957
22982
22903
22989
22478
22577
22197
22497
23286
22463
22194
22905
23129
24235
24399
24333
24284
23954
23575
24252
23449
24347
24378
24225
24206
23708
24238
24241
24222
24661
23538
24464
24663
24546
23594
23920
23659
24290
24691
24123
24649
23879
24156
24642
24330
24180
24433
24100
23726
24132
24154
23588
24187
24194
24352
23986
24036
24477
23969
23457
23955
23878
24551
24401
24558
24287
23994
24648
24339
23512
23826
23611
24438
23729
24500
24458
23781
24590
24245
24054
24121
23534
24264
24230
23923
24146
23909
23653
23812
23439
23417
24532
23684
24017
24379
24228
24412
24106
23958
23850
23471
24168
23524
24326
24453
23608
24490
23700
23980
24548
23567
24489
23550
25990
25072
25772
25088
25006
25801
25345
25868
25127
25210
25657
25654
25305
25804
25129
24929
25302
25503
25675
25411
25598
25031
24745
25184
25328
24992
25951
24916
25936
25147
25426
25456
25965
25662
25996
25460
24996
25909
24837
25348
25674
25080
25677
25773
25699
25398
25102
25486
25149
25086
25258
25046
25124
25369
25908
25081
25225
25629
25946
24920
25196
25487
25172
24716
25385
25655
24834
25059
25726
25853
25883
25049
25419
24882
25134
24909
25151
24897
25670
25116
25379
25902
25156
25755
25490
25636
25550
25255
24793
25161
25968
25251
25505
24762
24881
25029
25601
24888
24985
25293
27109
26722
26855
26352
26138
26095
26986
26643
26552
26691
26756
26328
26845
27233
26459
27204
26278
26637
26881
26826
26251
26971
26009
26511
26383
26079
26161
26184
26793
26578
26750
26007
26975
27140
27026
26957
27227
26037
26847
26708
26246
27106
26559
26264
26099
26700
26223
26799
26324
27060
27020
27129
26584
26570
26621
27035
26265
26360
26877
26071
27040
26088
27277
26542
26403
26586
26073
26028
26537
26906
26830
26988
26344
26969
26854
26238
26081
26641
26667
26417
27231
26072
26167
27084
26020
26999
26462
26362
26533
26650
26487
26780
26025
26954
27150
26849
26681
26334
26883
26618
28204
28418
28318
28202
28298
28049
27713
28090
28537
28252
27525
27430
27348
27316
27372
27813
28167
27964
28113
28116
28419
27571
27349
28469
27508
27347
27324
28143
28101
27738
28094
27945
28142
27944
27438
27332
27648
27975
27630
27985
27423
28274
28388
28474
28517
28394
28238
28250
27749
28097
27437
28528
27976
28193
27473
28563
27599
27616
27785
27482
28000
28409
27701
27704
27933
28283
28124
28269
27636
28082
27726
28105
27832
27778
27595
27530
27850
27518
28549
27889
28430
27705
27890
27830
27377
27549
27943
28442
27454
27993
27852
27867
28329
27350
28020
27686
27605
28489
27774
28347
29887
28926
29575
29469
29696
28620
29039
29058
28746
29002
29801
28632
28868
29630
28865
28693
29750
29017
28787
29667
29221
28637
29181
28971
28732
29541
28849
28638
28960
29047
29528
29806
28864
29476
28715
29388
28795
28812
29774
29394
28809
29640
29520
29708
29530
28967
29409
28803
29547
28678
29207
28845
29768
29338
29804
29235
29397
29037
29191
29003
28633
29243
28704
28937
29594
29444
29531
29612
29838
29278
29882
28768
28981
29367
29131
29112
28731
29330
28728
29013
29701
29359
29670
28853
28800
28907
29028
28797
29752
28708
29619
29795
29437
29597
29666
28932
29866
29453
29482
29000
30234
30435
29967
30136
30488
30486
30855
30334
30703
30348
30471
31168
30120
30060
29946
30861
30131
30799
30756
30647
30043
30942
29920
31186
30522
30504
29999
30652
30069
30621
30825
30219
31060
30190
30641
31198
30422
30194
31192
30525
30110
31106
30485
29929
30158
30205
30790
29992
30995
30316
30681
30831
30020
30809
30811
31136
29943
30963
30425
30352
31088
30375
29911
30839
31099
30305
30051
31183
31180
30813
30073
30509
30571
30106
30930
31070
30059
30559
31057
30474
30380
30068
29984
30666
30436
30144
30238
30961
30351
30505
30731
30507
30338
30385
31022
31095
30294
30145
30777
31145
32204
32044
31232
31863
32081
32284
31209
32466
32101
32099
31846
31477
32059
32346
32312
32389
31367
32266
32467
32207
31239
31227
32163
31426
32005
31882
31738
31613
31429
31494
31327
32002
31723
32410
31935
31355
31799
31607
31998
31697
31511
31635
31794
31436
31371
31551
32009
31837
31384
32419
31872
31363
31775
31504
31591
31470
31978
31361
31370
32146
32376
32420
31245
31348
31719
31643
31467
31689
31298
32133
32405
31839
32043
31315
31425
32109
31810
31666
32488
31763
31597
32435
31523
31769
32217
31893
32070
31443
31993
32277
31829
31528
32256
31290
31610
31490
32054
32134
31942
32232
33707
33323
33507
33186
33537
33477
33544
33536
33512
33670
32873
33452
33327
33012
33624
32834
33096
33095
32917
33635
33082
33116
33414
33445
33751
32843
33538
32985
32890
33494
33488
33772
33408
33195
33039
32592
32915
33316
33622
33098
32683
33715
33346
32745
33472
33416
32663
32874
33709
32523
33128
33615
33403
33351
33154
33682
32659
32574
32579
33506
32582
33381
33723
33278
32509
33684
33686
33349
33362
33247
33331
32907
32566
33372
33505
33291
33721
33161
33396
32759
32623
33747
33654
33045
33753
32708
32720
33329
33616
32667
33693
33009
32544
33282
32576
32931
32788
33760
32612
33698
34395
33809
34320
34325
34751
34655
33832
34977
34507
34696
34742
34069
34499
34146
34263
34684
34161
34635
33986
34236
33863
34410
34177
34126
35012
34515
34580
34495
34070
34992
34541
34991
34327
35092
34444
35080
34203
33983
34413
33952
35032
34339
34586
34062
34806
34006
34129
35053
34096
34743
33831
33950
33905
34964
34764
33823
34975
34984
34040
34469
34136
34496
34901
33801
35075
34304
34077
34197
34380
34526
34816
34192
34819
34657
35011
35035
34598
35056
34715
34237
33993
34242
34447
34481
34144
34581
34365
34556
34758
34591
34423
34587
34169
34647
34022
34078
34745
34334
34420
33889
35511
35640
35222
36014
35182
35194
35613
35822
36026
36214
35864
35288
35510
35743
35487
35941
35834
35765
35404
35116
35383
36268
35665
35545
36077
35274
36011
35115
35950
36217
35958
35947
35236
36308
36180
35146
35370
35948
35168
35234
35967
36375
36331
35246
35943
35415
35259
36373
35611
36156
35609
35421
36303
36340
35241
35917
36187
35388
35693
36150
35696
36160
36030
36270
35337
35721
35900
35180
36151
35567
35409
35843
35726
35918
35159
35935
35706
35474
35566
35124
35678
35987
35713
35717
35443
36047
35495
36171
35269
35431
36395
36324
35887
35690
36113
35633
35680
35407
35920
35630
36848
37616
37620
36996
37655
37405
36783
37529
37329
37125
37032
37477
37231
37473
37136
37152
37658
36411
37526
36987
36486
36496
36984
37146
37608
36976
36831
37436
37158
36944
36418
37382
37360
37553
36450
37649
37688
36551
36898
37031
36681
36539
36568
36627
36640
37295
37401
36883
36478
36897
36743
37667
37603
36510
37534
37226
37280
36927
36809
37230
36484
37033
37124
37552
36579
36671
37554
36930
36440
37567
36765
36464
37522
37403
36845
37417
37331
37621
37126
36635
37596
36639
36849
36673
36448
37107
36698
36460
36907
36846
37586
37467
36604
36454
36978
36716
37551
36932
36744
36842
38141
38381
38193
38000
38230
38580
38599
38604
38584
38371
38493
38700
38330
38075
38959
37930
38253
38308
37912
38479
38348
38447
38132
38903
37825
38509
37973
38112
38950
38405
38067
38481
38891
38771
38252
37894
38355
37862
38072
38195
37866
37972
37913
37789
38310
37872
37827
38259
38055
38212
38996
38356
37881
38203
37911
38848
38357
38280
38240
38463
38350
38271
37835
38150
38592
38395
38019
38870
38142
37832
38689
37971
38843
38152
38031
37944
38427
38196
38644
37891
38114
38333
38095
38949
38809
37704
38740
38300
37721
38862
38168
38561
38576
38731
38282
37779
37783
38163
37959
38605
39494
40283
40164
39539
40170
40007
39310
39230
39557
39460
40152
39652
39633
39189
39614
39362
39731
39007
39893
39344
39474
39173
40058
39360
39381
39827
39253
39301
39420
39451
40012
39370
40035
39255
40141
39697
39791
40113
40076
39870
39002
39302
39195
40111
39268
39665
40293
39660
40183
39621
39549
39329
39408
39738
40021
39644
40212
39116
39160
39412
39779
40043
39162
39335
39865
40296
39565
39951
39600
39677
39043
39296
40247
39363
40038
39596
39111
39004
40181
39603
39322
39022
40125
39416
39037
40243
39874
39546
40009
39904
40250
39434
39442
39139
40047
39146
39580
39783
39626
39699
40484
41400
40760
41134
41245
41135
40708
41574
41450
41462
41568
40635
41340
40519
41306
40468
41564
41492
41592
40897
40366
41099
40516
40672
40531
40562
40523
40558
40561
40589
41213
41279
41347
40323
41252
41332
41451
41053
40902
40508
41069
41204
41399
41429
40633
40703
41206
41572
40737
40997
40437
41435
40303
41295
41082
41057
41052
40865
40799
40330
41327
40414
41259
41179
41015
41489
40502
41019
40832
41311
40762
40665
41536
41230
40940
41227
40835
41194
40887
41480
40448
41598
41569
41530
40313
40506
40528
41584
41375
40416
40474
40974
41325
41115
40893
40944
41229
41491
40994
41424
42546
42042
42752
42819
42722
42454
42217
42455
41737
42720
42159
42801
42477
42625
42414
41901
42762
41910
42420
42519
42321
41774
42047
41611
42256
42602
41855
42463
41721
42012
41891
42124
41738
41631
42775
42649
42027
42325
42070
42307
41673
42075
41846
42072
42236
42061
42527
41634
42800
42114
41604
41639
41710
42146
42311
42644
42174
42231
42045
41848
42090
42409
42549
41678
42248
42165
42100
41921
42747
41806
42224
41771
42481
42654
42188
42233
42820
41663
41950
42274
42666
42450
41613
42576
42418
42699
42597
42862
41817
42673
42594
41698
42833
42419
42861
42084
41615
42162
41851
42574
43858
43652
43941
43015
43134
43109
43939
44049
43543
43924
43842
44068
44166
43740
43531
43593
44078
43773
43282
43269
43195
43289
43577
43213
42925
44013
43988
43838
43148
43447
43798
43625
43445
43004
43014
43630
44178
43031
43716
43194
43544
43324
44110
43231
44103
43665
43168
43560
44168
43211
42940
43884
44199
43771
42946
42998
43658
43953
43893
43005
43027
43594
43789
43657
43761
43059
42981
43561
43599
43619
44101
42952
44056
43993
43958
43227
43068
43297
42963
43873
43573
43069
43288
43666
42934
44048
43187
43518
43865
43896
43683
43927
43224
43564
43808
43393
43781
43633
44180
43290
44471
45209
45187
44210
44834
44543
44864
44563
44748
45311
44811
44274
45109
44936
44412
45182
44772
45125
44421
45300
44370
44547
45123
45015
45110
44844
44223
44586
44796
44360
44202
44786
44515
44652
45120
45301
44529
44476
45124
44209
44497
44987
44684
44511
45004
44589
44391
45354
45325
45100
44935
45022
44575
44580
45460
44679
44981
44713
45076
44344
44969
45030
44917
45226
44891
45412
45010
44839
45423
44499
45440
44301
44573
44973
44812
45098
45396
44251
44957
45000
44612
44763
44669
44466
44401
44216
44636
45322
44722
44605
45270
44668
45229
44296
45240
44406
44996
44855
45113
44239
45989
46682
45922
46271
45857
46151
46629
46685
46028
46485
45963
46224
45983
46634
46390
46157
45513
45648
46463
46231
46763
45736
45535
46389
45945
45561
45717
46795
45734
45829
46529
46016
46368
45773
45828
46715
46648
46089
46404
46484
45554
45686
46595
46198
45647
46357
46072
46738
46306
46230
45657
45506
46049
46565
45774
46602
46410
46237
46719
45962
45777
45549
46511
46537
45888
46270
45627
45931
46521
46395
46730
46070
46276
46038
45623
46313
46424
46137
46346
46165
46047
45720
46110
45817
46546
46274
45532
45665
46596
46571
46515
46383
46550
46377
46771
46625
45540
45634
45641
46700
47758
47706
47341
46813
47306
47167
47254
47350
47077
46906
46871
47141
47130
47536
46947
47235
47387
47704
47371
47509
47668
47512
47178
47091
47716
47922
47119
47712
46806
46967
47113
47414
46996
47776
47468
47605
48086
47722
47168
47826
47708
47222
47527
47544
46887
47823
47771
47680
47939
46894
47802
47882
47486
46893
47614
47490
46896
46969
47621
47139
47176
47153
46926
47291
47885
47051
47196
47097
47607
46856
47095
47917
47930
47564
47224
47825
47979
47558
48013
47932
47282
47379
47892
47145
48089
47893
47331
47563
47808
47278
47036
47754
46922
47062
47931
47339
47838
47301
46946
46811
49026
48820
48164
49376
48293
48823
49093
48351
48280
48826
49165
49079
48876
49390
48857
48496
48227
49345
49054
48621
48879
48332
48885
49153
48311
48431
49307
49127
49247
48865
48675
49368
48533
49040
48160
48138
49256
48889
49194
48216
48961
49231
49081
49027
48959
49215
48232
48695
48361
48616
48488
49277
48937
48307
48179
49356
48482
48345
48255
48558
48475
49145
49166
48765
48696
49235
48483
48517
48350
48670
48636
48906
48334
48161
48845
48730
48260
48435
48286
49335
49181
49323
48771
49139
48217
48506
48412
48728
49386
48744
48126
49107
48532
48458
49377
48174
49317
48421
48214
48840
50637
50411
50244
49464
49716
50551
50448
50284
49900
50242
49743
49877
50693
50416
50052
50497
49480
49608
49602
50651
49528
49432
49515
50065
49825
49820
49554
49910
50035
49524
50596
49668
49404
50650
50346
50041
49957
49906
49577
50616
50241
49423
50236
50498
49960
50217
49905
49536
49553
50419
50008
50245
50074
50533
49885
50060
50328
49689
50320
49724
49581
50187
50373
49942
49745
49450
49841
49647
50534
50407
49864
49908
49890
50666
49709
49425
49974
50680
50050
50296
50266
50417
50027
50250
50465
49959
50219
50361
50375
50584
50385
49700
50311
49513
50260
50538
50256
49857
49736
50091
50927
51440
50899
51250
50743
50742
51259
51312
51949
51227
51837
50975
51277
51880
51207
51587
51654
51709
51886
51115
51668
50896
51439
50810
51999
50845
51097
51103
51436
50942
51391
50890
51588
51340
50757
51609
51403
51329
51307
50888
51189
51304
50762
50837
51644
51401
50911
51601
51221
51148
51305
51889
51623
51506
50881
51567
51029
51734
50832
51255
51798
51150
51438
51830
51808
50814
51273
51659
51343
51768
50734
50717
51794
50719
51581
51896
51960
51514
51452
50720
51222
51779
50749
51065
51218
51332
50898
51023
51241
51498
50791
51915
51483
51206
51894
51341
51101
50775
51842
51301
52312
52176
53112
52477
53264
52917
52335
52031
52782
52128
52789
52396
52131
52340
53091
52287
52197
53196
52329
52724
53146
53066
52990
52839
52731
52180
52814
52488
52339
52512
52409
52249
52119
52961
52211
52886
53278
52069
52555
52694
52541
52871
52668
52869
52011
52438
53166
52822
52108
52978
52281
53212
52548
52100
52426
52777
52899
53226
53241
52272
53037
52302
52220
52443
52407
53215
52749
52124
52766
52040
52412
52742
52446
52172
52736
52999
52224
53148
52275
52738
52368
52657
52632
52174
52416
53256
52567
52772
52332
52970
52955
53209
52216
52619
52294
52209
53085
53020
52153
53174
53958
54050
54536
54097
53512
54473
54254
53697
54488
53883
54510
54558
53960
53382
53465
54376
53304
54247
54552
53758
53522
53905
53460
54005
53624
54193
53616
53348
53379
54167
54301
54077
53523
53416
54549
54213
53315
53760
54046
53813
54143
53696
53588
54263
53492
54239
53350
53572
53487
54189
54583
53517
53613
54221
54352
53801
54396
54115
54554
53477
53351
53671
54210
53546
53605
53361
53530
53486
53744
53604
53798
54499
53853
54588
54117
54471
54503
53788
54049
53456
54151
53765
54551
53567
54135
53589
53656
53331
53908
53370
53333
54462
53560
53984
54563
53650
53981
54002
54344
54223
55414
55706
55592
55302
54653
54947
55343
55143
55077
54726
55276
55519
55699
55654
55360
55110
55456
54989
54761
55759
55692
54701
54812
55101
54744
55462
55438
55351
55783
55579
54907
55722
55241
54667
55262
55078
55029
55573
55054
55805
54754
54665
55231
55467
55781
55782
55895
55319
55567
54949
54619
55149
55486
55649
55714
55739
55072
55516
55855
55257
55153
54839
55825
55198
55154
55549
55052
55713
55062
54942
55318
54675
55869
54720
54764
55055
55675
55588
55170
55385
54717
54755
55423
55809
55656
55580
55751
54698
55088
55329
55459
55624
55293
55841
54732
54928
55348
55823
55274
54974
56438
56041
56919
56823
56415
56770
56714
56597
56455
56884
56094
57076
56448
56581
56289
56470
57062
56092
56005
56899
57120
56385
57115
57107
56735
57010
56188
56056
56131
56461
56338
57018
56724
56764
57001
56421
55925
56418
56578
56769
56112
56762
56046
56246
56840
57187
56258
56600
56822
56172
57042
56938
56602
56968
56201
56447
56894
56167
57000
57080
55939
57157
56417
57079
56619
56698
57119
56673
57089
56527
56129
55947
56978
55959
57021
56721
56793
56946
55982
57090
56386
57100
56583
56896
56929
56809
57160
57070
57074
56825
56297
56299
56368
56694
56788
56524
56571
56239
56730
57147
57556
57357
57646
57202
57242
57475
57236
57994
57696
57834
58134
57940
58374
57446
57983
58205
58383
58107
57851
57624
57833
58343
57913
58309
57644
58026
57933
58286
58181
58158
57982
58436
58106
58012
58239
57746
57609
58161
58465
57667
57514
58442
57325
58248
58037
58486
58481
57418
57904
57225
58033
57908
57608
57578
57827
57755
57926
57692
57271
57268
58264
58306
58129
57725
57807
57678
58047
57406
57289
58315
58206
57670
57451
57962
58234
58004
57287
57748
57404
57796
57915
57961
57331
58382
57393
57569
58182
58311
57421
57348
57227
57739
57590
57513
58078
58255
58236
57947
58042
58117
58508
59579
58718
58581
58832
59128
59509
59596
58510
58918
58613
58837
58751
58754
59131
58743
58764
59171
59119
58948
58506
59351
59156
59534
59608
58596
59122
59731
59780
59342
59293
59227
59330
58605
58662
59025
59711
58746
58594
59439
58861
59305
59788
58894
59764
59756
59749
59031
58535
59302
58660
59440
59353
59471
59168
59664
58847
59773
59304
59338
58782
59516
59184
59167
58502
58559
58713
59459
59208
59421
58888
58730
58821
59438
58534
59288
59617
59358
59671
59258
59214
58891
58757
59169
58631
59672
58977
58552
58789
59309
58513
59241
59070
59059
59090
59713
59564
59377
59722
59591
61063
60871
60518
60066
60682
60602
60277
60260
59826
60792
60519
60296
60589
60202
60130
59865
61073
60564
60272
60492
59838
60744
60471
60299
60962
59912
60814
60978
60186
60340
60228
60829
60420
60886
60366
60369
60610
60726
61039
60953
60278
60820
60818
59932
59940
60135
60642
60855
60268
61067
60822
60258
60773
60517
60198
60250
60334
60913
60836
60470
60105
60753
60975
60076
61044
59837
60402
60161
60219
60210
60177
60068
60683
60577
60734
60185
60044
60588
60355
60047
60869
60201
59812
59970
59818
60741
60075
59850
60375
60300
60444
61011
60645
60152
60364
60134
60446
59980
60074
60904
62358
61131
61780
61991
62153
61187
61805
61817
61826
61121
61302
62172
62114
62145
62261
61218
62078
61770
62131
61652
61969
62248
62034
61775
61169
61448
61562
62225
62109
61713
62123
61453
61519
61657
61148
61212
61759
61455
61742
61223
61955
62067
61141
61894
61572
61613
61767
61268
62328
62340
62324
62083
61506
61921
61204
61152
61911
61334
61789
62195
61824
61594
62015
62185
61399
61735
62238
62077
61693
61335
61315
62236
61850
61190
62305
61968
61629
62255
62036
61488
62055
62103
61858
62196
61333
61430
61573
61289
61234
61449
61841
62029
62028
61924
62245
61495
62268
62370
61711
62048
62810
63314
62845
63575
62426
63052
62643
63040
62605
62858
63263
62654
63574
63350
62814
63010
63519
62984
62593
63362
63084
63638
62894
62610
63012
63225
63354
62941
63164
63045
62493
63618
62650
63357
62831
63395
62497
63363
63009
62594
63484
62789
63359
62590
63480
62932
62873
63461
63554
62944
63002
63445
63481
63583
62853
62955
62900
63140
63405
63092
63007
63197
63482
63099
63495
63610
62720
62502
63418
63091
63443
62792
63296
63441
62413
63011
63631
62580
62658
63047
63138
62647
63401
63013
62953
63697
63015
63457
62915
62981
63415
62922
63206
63044
63218
62844
62421
63207
63622
62548
64335
64456
64195
64219
63997
64958
64412
63712
63804
64133
64828
64584
64296
64317
64817
63983
64541
63892
63766
64051
64690
64042
63893
64989
64999
64017
64743
64907
64904
63772
64869
64347
64011
64441
64696
63898
64685
64576
64465
63806
63764
64213
63721
63971
64878
64968
64550
64618
64708
64654
64525
64162
64390
64349
63750
64038
64202
63830
64397
64131
64029
64827
63715
63799
64754
63974
63963
64961
63808
64957
64851
63950
63748
64979
64501
63818
63814
64403
63767
64711
63717
64734
64883
64929
63777
63999
63853
64373
64511
64845
64255
64688
64783
63732
64567
64518
64330
64344
63820
64824
65684
65679
65002
65937
65128
65020
65902
65741
65007
66119
66251
66158
65839
65829
65409
66126
66211
65310
65382
65650
66072
65309
65890
65870
65907
65846
65913
65873
65221
66005
65909
66289
65525
65949
65897
65406
65145
65901
65169
65280
66048
65481
65420
65811
65101
65057
66035
65711
66060
66053
65188
66277
65395
66228
65680
66177
65258
66205
65064
66261
65213
65068
65098
65356
65025
65556
65071
66175
65501
66056
65587
65247
65113
65540
65270
65209
65600
65803
65566
66113
65611
66288
65388
66100
65761
66094
66153
65585
66169
66129
66052
65100
65871
65815
65998
66262
66087
65211
65486
65634
67521
66528
67531
66300
67004
66982
67394
67433
66407
67336
67126
66807
67598
67384
67123
66843
66488
67290
66456
66339
67550
67483
67027
67114
67332
67318
66600
67246
66455
67345
66715
67053
66750
66518
67136
67305
66462
67579
67409
67300
67401
67268
67169
66592
67480
67368
66335
67580
66377
67231
66400
66692
67489
67154
66787
67323
66313
66833
67020
66687
67174
67386
66903
67078
67198
66777
66461
66596
67034
66310
67427
66983
66673
67256
67484
66797
66830
67547
66364
67079
67581
67593
66635
66779
66386
66931
67518
66946
66601
67406
67158
66424
66353
66679
67223
66599
66801
66678
66855
66859
67931
68636
68603
67762
68161
68830
68425
68314
68092
68647
68840
67781
68082
67936
67709
67840
67864
68855
68521
67665
68000
68391
68188
68324
68476
68625
68853
68778
68500
68637
68578
68030
68419
68627
68604
68739
68295
68223
68843
67723
68783
68518
68133
68130
67624
67788
68191
68249
67684
67883
68721
68749
67777
68601
68629
68704
68832
68484
67855
68676
67896
68168
68271
68466
67897
67970
67979
68141
67838
68060
68211
68819
68530
68447
67758
68584
68354
68884
68887
68277
68207
67726
68894
67616
67956
68131
68630
67650
67625
68114
67834
68214
68353
68700
68710
68660
67611
68394
68155
67821
69114
69462
69680
70138
69832
69422
69705
69456
70039
70042
69940
69837
70007
69112
69131
69538
68912
69706
69214
69230
69345
69090
69933
69610
69292
69310
69921
69819
69109
69482
70013
70088
69661
69862
69216
69932
69083
69202
69295
69152
69213
69064
69858
70036
70102
69823
69170
70108
69915
69077
69981
69801
70187
69485
69976
70096
69074
69620
69587
70078
69545
69549
68951
69774
69155
70144
69302
69833
69795
69570
69359
69634
70058
69913
69669
68935
70022
69772
69847
69343
69875
70174
69578
69381
69910
69248
69251
69718
69693
69623
70177
69491
70151
69824
69001
69209
69866
69006
69231
70161
71152
70611
71310
70480
71414
70391
71248
70804
71160
71023
70402
70591
71460
70703
71350
71159
71348
70362
70665
70302
71332
70260
70346
70728
70502
70422
71339
70295
70994
70588
70715
70627
71194
70496
71105
71288
70452
71153
71157
70834
70560
70548
70535
70890
70534
70214
70467
70444
70883
71044
71128
70807
71443
71439
70489
70259
70386
71240
71272
71207
71357
71353
70321
70854
70374
70427
71405
71373
71306
71292
70694
71480
70688
70979
70271
71462
70604
70493
70598
70957
70657
70747
70528
71451
70978
70237
70358
70862
71075
70713
70951
70684
70836
70513
71216
70204
71311
70772
70983
70338
72253
72004
71602
72599
71973
72548
71656
72276
72321
72162
72637
72389
72560
72119
72628
71601
71761
72158
72471
72603
71558
71856
72394
71855
71781
71560
71709
72182
72198
72010
71543
71570
72165
71807
72357
71539
72735
71538
72210
71762
72513
72633
72194
72372
71847
72751
72607
72091
72202
72634
72414
72388
72112
71890
72486
72313
71779
72317
72718
71714
71630
72279
71664
72496
72113
72197
71940
72690
72176
72397
72763
72380
72430
72491
71867
71840
71928
72772
72443
72031
71516
72702
71808
72592
72339
71860
71802
72437
72741
72401
72160
72033
72790
71683
72356
72399
72273
72132
71546
72350
73971
73825
72808
73529
73978
73811
72984
73966
73721
73557
73109
74098
73741
72952
73955
73187
73953
73595
73699
73582
73875
73712
74016
72924
72857
73263
73886
73585
72828
73168
73904
73551
73990
73509
72934
74082
73499
72959
72896
73475
73300
73410
74017
72989
73028
72905
72936
73415
73845
73401
73770
73730
73604
73873
73664
73329
73620
73606
73900
73023
73042
73763
73909
72933
73164
73649
73384
73221
72914
73686
73359
73441
73612
73163
73083
72811
73396
73089
73885
73546
72880
72815
72949
72800
74085
73144
73186
73276
74004
73783
73636
72845
73239
73371
73776
73361
73183
72821
73030
73460
74707
75267
74539
74181
75380
74135
74510
74663
74781
74980
74423
74619
74477
75229
74578
74535
75212
74367
74839
74166
74520
74303
75204
74972
75215
75352
75211
74961
74772
75307
74258
74200
75145
74914
75284
75177
75278
74193
75335
75359
75183
74523
75355
75039
74239
74718
74788
75314
75120
75042
74790
75022
74537
74372
74398
74618
75051
74501
75072
75201
75328
75162
75136
75270
74439
74822
75118
74647
74615
74299
74846
74642
74498
74532
74243
74634
75333
74896
74146
75250
74617
75261
75244
74746
74536
75344
74831
75324
74116
74892
74102
74214
74323
74201
74236
74680
74259
74468
75258
74475
75851
76136
76288
76277
75975
75450
75547
75929
76680
75448
76365
76298
76370
75984
76655
75534
76310
75879
75934
75408
75817
75712
75889
75898
76401
76252
76438
76356
75963
76235
76614
76328
75765
76578
76577
76272
76339
75905
75520
75902
76670
75861
76040
76132
76450
76178
76138
76452
76289
75620
76283
76089
76313
76512
76609
76336
76199
75944
76645
75836
76638
75427
75856
76540
75786
75504
76335
75434
76683
76225
76646
75774
76546
76020
76354
76168
76600
75915
76161
76066
76139
75669
75418
76141
75410
75555
76120
76537
75442
76303
75803
75694
76690
76049
76501
75888
76411
76128
76218
76266
77884
77029
77584
77874
77372
76730
77324
77882
77800
77780
77084
77234
77819
77675
77057
76887
77239
77306
77696
77030
77014
77300
77992
77950
77939
77283
77765
76805
77737
77901
77638
77686
77080
77626
77994
77198
76767
77401
77156
77981
76882
77845
76844
77250
77888
77246
76835
77628
76770
77601
77572
77013
77370
77323
76817
77104
77662
77330
76944
77044
77152
77763
77930
77301
76918
76863
77411
77807
77296
77110
77270
77388
76753
77598
76778
77137
77083
77078
77740
76764
77941
76868
77119
76751
76702
77866
77480
76971
76901
77237
77240
77730
77070
76931
77041
76828
77898
77272
77220
77097
79135
79045
79005
79021
78703
78405
78780
78909
78237
78524
78865
78873
78443
79270
78206
78832
79029
78062
78063
79220
78027
78232
78614
78098
78064
78080
78744
78556
78770
78730
79060
78606
78775
78594
78379
78607
79160
78681
78497
78952
78860
78543
78227
78700
78640
78491
78608
78528
78251
78060
78101
78902
78789
78507
78587
78333
78622
78903
78665
79227
78325
78399
79033
78817
79266
79035
78642
78381
79258
79127
78117
78866
78500
78147
78396
78393
78758
78997
78938
79289
79086
79239
78612
78751
78981
78084
78308
78214
78285
78401
78307
79079
78953
79221
78417
78340
78830
79002
78157
79235
80178
79884
80241
80432
80235
80307
79990
79409
80192
79567
80116
80313
79908
79484
80428
79418
80299
79333
80153
79316
80356
80096
79675
80262
80110
79986
80583
80188
79407
79840
80293
79425
79601
80561
79982
79584
79556
79336
80325
79699
79315
79783
80261
80236
79483
79428
79399
80348
79545
80384
80592
79363
80537
80399
79478
79534
79811
79687
80283
79570
80209
80027
80182
80197
79945
79643
80291
80118
79877
80318
80452
80338
79628
79404
80533
79469
79729
79639
79414
79472
80389
80154
79794
80386
79430
79648
79707
80237
79855
79476
79489
79526
79324
79337
79979
80502
80518
79671
79865
80204
80691
81004
81420
80689
80740
81506
81614
81707
81423
81239
80805
81127
81854
81400
80660
81314
81237
81353
81572
80621
81552
81523
80977
81266
81120
81116
80643
81764
80924
80749
81585
81536
81752
81710
81169
81295
81783
81178
81602
81833
81483
81455
81627
81035
81347
81569
81186
81494
81720
81310
81821
81342
81271
81043
81487
81317
81753
81694
80952
80778
81323
81449
81373
81163
80711
81075
81676
80904
81566
81715
80896
81839
81123
81285
81140
81623
81898
81850
81022
81115
80919
81601
81590
81728
81435
81288
80942
81711
81176
81203
81713
81224
80774
80723
81416
80800
80696
81110
81207
80985
82992
81950
82839
82500
81937
82181
82529
82511
82166
81995
82149
82161
82455
82028
82910
82728
81947
82228
82525
83161
82534
82053
82734
82704
82133
82765
82080
82235
83034
82318
82706
82524
82698
82441
82312
82824
82732
82694
81946
82745
82607
82852
82192
82289
82649
82433
82491
82442
82209
83082
82708
82937
83168
82468
82263
82880
82352
82194
82743
81930
82996
82091
82307
83160
81963
82620
82990
82099
83069
83172
83004
82721
82218
83099
81932
83095
82670
82480
82956
82512
81973
82561
82847
82700
82755
83026
82443
82064
82186
82668
82554
82569
81952
82141
82402
82768
83133
81913
82740
82885
83943
83813
84034
83835
83907
83883
83220
83641
83294
83856
84133
83622
84180
83200
83552
84311
84194
84499
83825
84439
83803
84335
84414
84427
83910
83591
83919
84275
83620
83485
83248
83757
84396
84430
84191
83354
83861
83918
84016
83870
83648
84069
83361
84356
83633
83279
83464
83592
83913
83863
83562
84272
83636
83868
83766
84390
84296
83316
84278
83437
83806
84338
84394
83332
84314
84144
83503
84038
84149
83461
84288
84074
84434
84104
83754
83733
84227
83631
83345
83447
83936
83947
83440
83746
83828
83623
83807
83944
84349
84348
83608
83429
83445
83904
84173
84201
83292
84176
83550
84466
84503
85484
84843
84590
85796
85656
85340
85231
85733
85294
85685
85371
84585
84818
85639
84536
84732
85256
84766
85423
85050
85140
85416
85093
84778
85696
85479
85373
85715
85514
84665
85526
84741
84882
84802
85228
85206
85795
85106
84692
84973
85112
85559
84577
85543
85201
85638
84872
84533
84630
84645
84792
85720
85355
85645
85586
84858
85025
84777
85202
85129
85546
84898
85399
85668
85016
85222
84870
85353
85398
85493
85534
84539
84789
84625
84914
84770
85287
84908
85565
85280
84814
85414
84643
85404
85064
84583
84883
85276
85640
85361
85382
85326
85712
85178
84790
85520
84515
85648
84982
85955
86906
86023
86419
86932
86616
86359
86369
85947
85832
86152
86640
86594
86235
86498
86313
85828
86154
86065
86543
86645
85912
86260
87098
86329
86978
86697
87018
86467
86028
86647
86980
86475
86646
86153
86060
86642
86134
86710
86779
86822
86524
86211
86275
86619
86205
85905
86217
86072
86947
85840
86470
86875
86882
87000
86055
86064
86979
86942
86722
85940
86771
86473
87011
85920
86118
86011
85983
86438
86661
86624
86148
86529
86682
85977
86707
87048
86240
86026
86599
85919
86249
85868
86782
85996
86526
86708
86474
86667
86090
86059
86137
86548
86202
86271
86103
86149
86234
86310
86021
88082
88235
88221
87233
88395
88297
88198
87626
87186
88160
87648
87791
87487
88074
88071
87670
87231
88254
87894
87255
88320
87879
88269
87424
87932
88385
87297
87531
87388
87372
88276
87811
87711
87972
87649
87954
88246
88001
87247
87257
87739
87583
88356
88018
88358
87330
88026
88283
87977
87875
87138
87703
87691
87745
88060
87122
88153
88213
87819
88380
87144
87853
87773
88066
88384
87259
87528
87222
87411
87689
87235
88266
87105
88340
87335
87176
87839
88237
87914
88287
87318
87441
87535
87801
87302
87655
88032
87454
87422
87683
87353
88215
87125
87578
87736
87920
88025
88095
87205
87900
89438
89141
88714
89536
88655
88854
88659
88464
88511
88875
89396
88451
89633
89590
88711
89414
88922
88940
89385
88897
89617
88575
88428
89507
89239
88435
88486
89153
89073
89611
89310
89083
88673
88449
88887
88746
88893
88837
89471
89086
89542
89537
88581
88944
89264
88591
88589
88545
88425
88886
88819
88605
89308
89190
88493
89332
89626
88418
89206
89124
89384
89273
89171
88484
89623
89003
89225
88686
89699
88793
89562
88694
88841
89398
89403
88504
89547
88722
89597
89517
88753
89311
89454
89539
88400
89650
88846
89249
89488
88468
89072
88495
89139
89460
88668
88628
89001
89031
88446
89076
90463
90025
90996
90268
90715
90393
90742
90518
90839
90313
90768
90050
90740
90014
90909
90470
90916
90249
90400
90881
90905
90112
90765
90723
90570
90646
90442
89996
90498
90729
90689
90464
90924
90516
90520
90877
89742
90815
90921
90513
89713
90662
89804
90907
90255
90304
90519
90206
90767
90431
90844
90915
90104
90068
90928
89841
90125
90906
90551
90680
90135
89769
90363
90028
89761
89848
90089
90669
89958
90887
90350
90762
89802
90961
89719
90619
89829
90661
90109
90165
90114
90323
89705
90222
89950
90672
89899
90303
90415
90244
89786
90041
89989
90369
90076
90863
90732
90373
90747
90426
92070
91225
91580
91664
92004
91085
91255
91681
91730
91260
91769
91810
91966
92155
91767
91347
91995
91148
91947
92191
91234
91028
91890
91593
91449
91971
91619
91638
91294
91229
92260
91333
91399
91158
91757
91637
91316
91087
91123
91096
92045
92075
91067
91840
91073
91020
92188
91972
91665
91187
91170
91295
92229
91079
91394
92079
91544
92056
91439
92061
92145
92186
91366
91614
91353
91076
92124
91771
91701
91763
92189
91513
91301
91343
92037
92256
91058
91013
92290
91296
92088
92225
91279
91340
91404
91559
91791
91244
91232
91836
91288
92138
91709
91165
91361
91781
91739
91958
92162
91336
92817
93391
92334
93011
92577
92477
93273
92960
92761
93392
92442
92400
93304
93239
92313
92458
93018
93255
93424
93280
92865
93067
93155
92587
93512
93135
92814
93492
92669
93161
92779
92723
93468
92962
92519
93201
93592
92600
93300
92636
92920
93348
92372
92332
92337
92384
92448
92625
92780
92757
92765
92730
93170
93384
92758
92478
92844
93380
92543
93263
93537
92969
92631
92598
93509
93276
92915
93317
92705
92792
93256
93363
92964
93190
93025
92544
93533
93024
93394
92322
92961
93212
92638
92579
92520
92441
92895
92524
92913
93220
92871
93052
92896
92597
92518
92819
92479
92923
92859
92455
93745
94893
94255
93884
94741
93897
93805
93658
93774
93906
94844
94815
94347
93813
93777
93657
94814
94000
93804
94684
94455
94743
94068
94227
93611
93948
94602
94258
94195
93793
94109
94651
93790
94229
93759
94613
94560
94564
93850
94607
94675
94080
93940
94336
94338
94839
94809
94346
93707
94200
94419
93986
93881
94371
94513
94793
93751
94344
94051
94376
94891
93724
93641
94631
94634
94202
93757
94629
94009
93921
94466
94107
93627
93900
94845
93691
94688
94708
94413
94855
93619
94773
93912
94329
94754
93669
94160
94507
93857
94757
94253
94838
94703
94732
94628
94474
94055
94442
94824
93862
95038
95923
96191
95500
95695
95261
95966
95115
96153
95721
96004
95273
95745
95598
96024
95645
95939
95072
96077
95535
95959
95891
95531
95775
95751
95698
95583
95553
95752
95497
96097
95657
95900
96196
96048
95666
95109
95004
95444
95755
96022
95011
95563
95863
95116
95207
95510
95662
95520
95720
95953
95767
95180
95854
95916
95378
95653
95707
96156
95552
95445
95976
95547
95597
95229
95328
95293
95368
96135
94909
96177
95514
95267
95533
95872
94905
95619
95636
95077
95750
95783
96091
95030
95041
96038
95485
95566
95300
95427
94966
95595
96099
96132
95143
95148
94902
95203
95224
95523
95603
96499
97337
96417
96211
96760
97202
96225
96295
96817
96606
97219
96953
97339
96804
96728
96858
97429
97307
96466
97019
96269
97441
97282
96612
96404
96756
97492
97130
96477
97242
96724
97117
96454
96892
96522
97079
96957
96495
96865
97357
96347
97359
96721
96285
97424
97471
96863
97479
96503
96533
96999
96508
97133
96442
96986
96905
96584
96232
96729
97446
97153
96629
96220
96962
96866
97054
96415
97415
97215
97333
96870
96644
97205
97126
96954
96835
96678
96796
96732
96264
96284
96526
96809
96421
96664
96705
96528
96564
96223
97372
97004
97389
96240
96216
97451
96846
96228
96384
97300
96782
98733
97788
98173
98572
97936
97664
98321
97821
97732
98301
98715
97863
97908
98781
97968
98001
97630
98150
98160
98361
98142
98251
97765
98521
98780
98304
98061
98762
98728
98028
97988
98659
97933
97589
98094
98216
97924
98441
98685
98499
98606
98083
98359
98575
97872
98272
98195
97958
97515
98742
98176
98303
97931
98489
98525
98400
98387
98220
98294
98157
98317
97683
98024
98480
97744
98752
97910
97617
98393
97997
98610
98203
97833
98070
98109
98105
98325
98086
98098
97731
98382
98683
97606
98633
98256
97729
97796
98353
98571
98764
98566
97632
98309
98643
97956
97593
98435
98684
98219
97904
99834
98994
99607
98981
99194
99205
99395
99860
98920
99160
98976
99992
99565
100034
99069
98835
100085
100095
99603
98844
98935
99743
99542
99529
99373
99446
100089
98899
99301
100030
98804
99933
99428
99294
99765
99191
99954
99285
98988
98908
99825
99279
99526
100012
99699
99472
99869
99267
99095
99296
99608
99379
99049
99715
99219
99273
99464
99359
98851
98801
99196
99625
99693
100032
99864
100038
99602
100050
98848
99121
99005
99310
99966
99859
98861
98897
99306
99084
100031
99473
99705
99227
99862
99706
98978
98905
98818
99971
99229
98926
99017
99697
98812
100067
99718
99720
99652
99318
99983
99167
100649
100995
100640
100888
101075
100994
100499
100129
100506
100894
101387
101394
101362
100898
101265
100524
101073
100283
100895
100528
100381
100233
100534
101208
100150
100685
100666
100414
100716
100836
100734
100404
101139
100806
100349
101234
100523
100834
100121
100997
100691
100405
100562
100759
101053
100583
101154
101357
100438
100206
101137
100284
101118
101395
100142
100516
100454
101201
101295
100742
100123
100281
101166
100595
100607
101151
100126
101035
101371
100926
100398
101396
100508
100193
100174
101216
100681
101085
100388
100769
100519
100105
100465
100865
100630
100954
100820
100959
100538
100964
100419
100542
100754
100201
101068
100198
101309
100682
101251
100382
102556
102247
102132
101579
101790
101482
102575
102080
102333
102241
101766
102264
101861
102007
102257
102251
101758
102141
102130
101930
101638
101676
101421
102481
102045
102534
101808
101694
102073
102306
101472
102203
101731
102360
102346
102427
102458
102118
101571
102628
102285
102400
102202
102017
102467
101846
102660
101424
101753
102513
102672
101988
102616
101580
102659
102012
101595
101800
101400
102145
102179
101511
101628
101911
101560
101783
101906
102211
102693
101583
102523
102681
102518
102147
102438
102460
101932
102684
101569
102154
101882
102557
102573
102662
101555
102059
102601
102323
101743
101429
101985
102131
102190
101686
102451
101927
102025
101844
101866
102674
103744
103940
103796
103667
103033
103451
103225
102980
102792
103310
102845
103812
103432
103914
102711
103519
103501
103674
103285
103130
103142
103475
103889
103504
103474
102964
103969
103877
103618
102940
103110
103396
103316
102739
103713
103341
103721
102876
102793
103172
103565
102871
103821
103394
102761
103845
103048
103691
103878
103524
102959
102887
103686
102740
103546
103083
103442
103728
103613
103052
103643
103154
102816
103220
102738
103338
103016
103549
103523
103314
103017
103648
102744
102823
102760
103315
103717
103479
103752
103946
103411
103545
103467
103627
103926
103072
103365
103564
102981
103345
103383
103178
102875
103693
103503
103436
103090
103589
103616
103133
104277
105108
104567
104109
104825
104331
104403
104989
104669
104835
104046
104990
104700
104347
104339
104272
104121
104363
105094
104551
104692
104727
104214
104130
104136
104334
105259
104271
104467
104084
104303
105090
104813
104107
104377
104570
104257
104252
105063
105130
104078
104676
104604
104395
104204
105127
104691
104228
105022
104548
105214
104606
104026
104869
104351
104230
105223
105111
105029
104840
104104
104788
104830
104955
104694
104492
104876
104375
105195
104505
104696
104744
104842
104960
104689
104423
104327
104968
104755
104283
104406
104834
105255
104931
105089
104995
105150
104859
105002
105070
104802
104799
104622
104081
104202
104865
104160
104525
105032
105181
105609
106188
106445
105381
105984
106426
106170
106102
106115
105985
105464
105615
105838
105354
105860
106516
106224
105396
105738
105949
106306
105567
105413
106184
106178
106493
106593
106131
105771
106572
106137
105394
105976
106596
105663
106384
106196
105792
105952
105804
105344
105762
106588
105747
105521
106249
105905
106171
106012
106123
106582
105994
105723
105910
105534
105859
105703
105992
105489
105332
106409
105328
105313
105535
106030
106139
105944
105355
105570
105605
105627
105502
106040
105338
106355
105935
105308
105635
105383
106134
106410
106264
106549
105658
105444
106172
106281
106434
105552
105832
106005
105685
105875
105326
106485
106052
105447
106501
105862
105426
107157
107898
107589
107237
106851
107082
107059
107883
107396
107331
106670
106632
107201
106863
106993
107473
107305
106703
107665
107447
107426
106853
107578
106739
107135
107262
107079
107572
106677
107307
106624
107672
106790
107529
107442
106889
107155
107537
107495
106653
107421
107193
106842
107792
107490
107630
107779
107710
107433
106786
107374
107218
107570
107780
106828
107301
107039
107797
106903
106760
106956
106698
107773
107260
107154
107664
107457
107844
106680
106892
107772
107864
107897
107368
107819
107430
107896
107605
107502
107649
107211
107247
107659
107028
107702
107774
107629
107666
107728
107477
106890
106702
107206
107138
107818
107007
107783
106629
107835
106730
108453
108266
108966
109014
108369
108643
108895
108611
108622
108048
107928
108877
108180
108925
108015
108005
108602
108194
107921
108164
108871
108248
108000
108222
109140
108867
109153
108409
108323
108757
109147
109198
107927
108208
108425
108746
108498
108911
108182
108619
108270
108424
108972
108080
108371
109158
109118
108156
108646
109057
108589
108282
108672
109191
108939
108840
108630
108171
108055
108948
108373
108040
108894
108350
109070
108426
108924
108083
108950
108692
108775
107971
108864
108760
109125
108587
108333
108226
109042
108386
108812
108574
108596
108028
109138
108233
107947
108166
108061
108569
108189
108913
108093
108763
107962
108784
109135
108856
108273
108952
109823
109722
109754
110296
110032
109272
109746
109873
109556
109668
110436
110095
109270
110071
109491
109356
110495
109913
109833
109357
110157
110076
110446
110290
110266
110364
109521
109979
109519
110249
109575
109878
109602
109290
109241
110307
109893
109896
109561
109225
110040
110342
109910
109328
109928
110331
109867
109389
110104
110114
109359
110130
109787
110014
109657
109595
110159
110451
109363
109849
109347
109437
109277
110338
109648
109529
109366
109773
109919
109706
109996
109333
109950
110220
109710
110113
109714
109788
110306
109544
110456
109539
110167
109991
109552
110369
110233
109606
109200
109418
110272
110215
109684
110267
109317
109615
109455
109434
110237
109982
111643
111367
110645
111050
110774
111157
110870
110866
110735
110526
110962
111233
111119
111738
111550
111728
111557
111763
111671
110553
111275
111336
111149
111182
111647
111529
111319
110997
110638
111304
111500
110503
111591
111552
111011
111797
111673
110973
111600
111115
111609
111548
111610
111303
110749
110771
111412
110761
111137
110788
111553
111450
111566
111674
110844
111269
111761
111469
110552
110925
111565
111549
110759
111162
110609
110555
110603
110607
111054
111383
111107
111154
111074
110887
110523
111744
111436
111392
111121
111262
110700
110626
111214
110913
111292
111220
110751
111544
110512
111010
110573
110898
111249
111297
111373
111750
110836
110517
110785
111271
112163
112737
112738
112971
112636
112960
112717
112630
113059
112230
113015
112790
112353
112890
112519
113017
112415
113005
112064
112921
112197
112968
113071
112371
112559
112509
112306
112238
111802
112649
112154
112778
112521
112097
112766
112060
112490
112419
112978
112516
111812
112645
112854
112849
112022
112939
112545
112045
112082
112243
112402
112475
112693
112558
112845
112952
112772
112614
112704
112480
112247
113048
111816
112360
112943
112108
112016
112796
112530
111958
112618
112191
113014
112257
112508
111921
111865
112001
111910
112655
113058
112484
112735
112662
112540
112754
112526
112328
112780
112788
112114
112942
112077
111849
112969
112221
111881
112194
112148
112711
113113
113343
114316
113402
114039
114366
114230
114027
114252
113556
113565
113241
113753
114125
114363
113272
113120
114159
114224
113703
113100
113372
113887
113679
113397
113364
114241
114017
114010
114375
114228
113759
114081
113211
113543
113775
113847
113990
114328
114207
113824
113208
114270
113326
113935
113692
114099
114055
113965
113764
113470
114195
113722
113444
113881
113216
113839
113868
114091
114049
114098
113376
113589
113852
113734
113864
113860
113265
113780
114083
113572
113817
113698
114172
113653
113760
113452
113409
113405
114175
113930
113736
114160
114149
114032
113398
113263
113527
114056
113171
113476
114007
113825
114178
113715
113234
114136
113538
113876
114305
115653
115359
115018
115551
114747
115392
115304
115121
115414
114784
115690
114537
115549
114431
114459
114637
114796
115257
114810
115108
115447
114457
115504
115525
114946
115316
114672
114691
115194
115595
114818
114712
114983
115229
115178
114437
115666
115569
115193
115301
114699
115675
114472
115314
115463
114775
114781
114879
115402
115431
115637
115145
114724
114905
114700
114945
114758
114611
114433
114985
114857
115327
114673
114679
115196
114793
115100
114636
114561
114516
115376
114855
114531
114522
115623
115218
114834
115658
115075
115081
114935
115510
114866
114567
115527
114436
115009
115351
114524
114839
115640
114723
115272
115133
115521
115170
115092
114468
114890
114544
115868
116838
116400
116248
115935
116622
116135
116575
116941
116262
116000
116051
116811
116684
115863
116171
115925
116107
115721
115700
116983
116242
115907
115728
116518
116604
116060
115873
115985
116207
115843
116531
115987
115825
115727
116874
115723
116070
116552
115732
115879
115701
116357
115877
116630
116913
116230
116460
116884
116296
116541
116611
116123
115793
116101
116976
115771
116151
116546
115707
116340
116148
116955
115871
116902
116369
116449
116733
116906
115932
116244
116579
116516
116219
116401
116293
116355
115929
116001
116585
116738
116211
116509
116655
116499
116663
116012
116903
116319
116871
116696
116063
116596
115820
116915
116598
116805
116791
116002
115890
117448
118060
118204
117733
117438
117019
118091
117130
118147
117792
117002
117476
117539
117412
117967
118035
117160
117386
117577
117819
117652
118124
118153
117686
118122
117585
118177
118069
117485
117564
118255
118002
117871
117086
117533
117432
117161
118006
117720
117032
117575
117299
117682
118220
117611
117970
117126
117626
117917
117187
117097
117075
117408
117983
117469
117139
117190
117010
118031
117279
117679
118040
118043
117492
117568
117094
117054
117083
117511
118265
117618
117294
118134
117500
117717
117529
117898
117633
118250
118110
117697
117757
117498
117233
117450
117688
117150
117700
117334
117975
118118
118083
117382
117509
118280
117642
117210
117308
117768
117470
119045
118944
118991
118765
119564
118826
118920
118675
119486
119355
118969
119182
118836
119497
119004
118832
118360
118713
118814
119367
119350
119029
119093
118927
118524
118434
118954
119448
119296
119326
118943
118331
118966
118678
119237
118527
118539
119404
118443
119232
119478
119386
118376
118430
118578
118964
118407
118621
118878
119432
118742
118483
119522
118395
118465
119024
118834
119302
119515
119208
119537
119047
118336
118835
118818
118917
119421
118939
118933
119320
118963
118462
119485
118934
119581
118372
119090
119315
118565
119102
118840
119589
119456
118685
119164
118888
118348
119136
118768
118570
118896
118486
119466
118775
119555
118897
118310
119062
119245
118575
119648
120449
120544
120701
119669
119718
120524
119938
119894
120523
119627
120779
120188
120731
120812
120323
119617
120626
119833
120527
120780
120023
119808
120303
120043
120603
119603
120051
120530
120103
119779
120048
119783
120070
120434
119804
120756
119923
120194
119882
119606
120754
120423
120715
119942
119640
120380
120704
120601
119601
120133
120455
120791
120777
120329
119811
119862
119903
120121
119698
120421
120741
119991
120027
119868
120182
119602
119753
119716
119989
120356
119619
120394
120190
120452
120279
120215
120689
120757
120408
119883
120395
119929
119661
120537
119888
119657
119646
120698
119986
120581
119939
119761
120759
120231
120307
120268
120127
120091
120873
120938
121595
121828
121575
121522
121915
121300
121082
121083
121701
121282
121426
121494
121810
121324
121284
120977
121731
121041
120998
121554
122131
121232
121707
121875
121195
121026
121673
121964
121091
120939
121060
121872
121174
121758
121074
121698
121720
121170
121986
121480
122189
121743
121042
121163
121848
121055
122100
121624
121031
121645
121388
122146
121633
121991
120979
121064
121334
121353
121738
121303
122178
120944
121546
121919
121803
122180
120968
121901
121678
121838
121011
121927
120992
121250
121364
121217
121568
121515
121272
121532
121905
120987
120954
121103
121574
121923
122185
121085
121260
121553
122135
122147
121255
122005
121519
121800
121787
121930
122014
123175
122904
122382
122502
122895
122651
122438
123245
122258
123497
123438
122829
122982
122568
123241
123377
123086
123472
122618
122625
122334
123368
123305
122844
123022
122963
123430
122378
123398
123064
123051
123247
122912
123174
122964
122379
122833
123293
122957
122754
123275
122521
122519
122733
122385
122720
122524
122219
123468
122473
122515
123234
122597
123142
123152
123235
122863
122351
122626
123387
122466
122292
122688
123335
123031
122866
122469
122263
122784
122205
122291
122584
122804
122812
122590
122736
122960
122577
122443
123302
123331
122457
122892
123186
123338
123184
122899
122969
122264
122616
122204
123236
123265
123281
122650
123274
122224
122275
122583
122719
124020
123512
124788
124619
123707
123758
123767
123879
124588
124154
124132
123893
124122
123998
123516
124462
124465
124375
124519
124296
124237
123936
124165
124740
124502
124367
123628
123828
124687
124732
124294
123627
124354
124087
124070
123585
124280
124042
124092
123738
124360
124424
123987
123757
123894
123808
124187
124395
124483
124446
123502
124613
124282
124705
123679
124400
124445
123564
124548
124591
124626
124358
123926
124666
123842
123515
124213
123854
123736
124451
124522
124007
124231
123903
123852
124134
123623
123815
123833
123932
124754
124765
124682
124243
123942
123555
124526
123898
123669
123960
124436
124720
123721
123781
123831
124125
124077
124028
123785
123800
124810
124856
125555
125906
124891
125367
125933
125595
125528
125781
125959
124883
124841
125502
125679
125578
125541
125835
125494
125537
125924
125833
125796
125333
125538
125326
125955
125030
124842
125569
125029
125179
125611
126000
125642
124800
124940
125868
125046
125775
125690
126019
126039
125154
125768
126031
125076
125531
125185
125687
125045
125670
126038
124855
125773
125843
126054
125013
125374
125780
125115
124975
125466
125297
125815
125291
125526
125110
125411
125546
125084
125534
124972
125280
125388
125488
125810
125328
125771
125152
125410
126076
125114
124866
125287
126034
125837
126048
125745
125927
124921
125692
125622
124919
125211
126037
125633
125699
125276
125694
126361
127054
126739
127032
126458
126129
126986
127006
126942
126659
127205
127348
126795
126256
127094
126191
126651
126103
126887
126156
126315
127265
126162
126632
126167
126762
127178
126378
126954
126473
127363
126449
126130
127031
126332
126125
127247
126480
126227
126257
126669
126253
127067
126152
127223
127379
126908
126643
126453
126325
126277
126525
127061
126548
127161
126670
126686
126788
126555
126684
127328
126704
126666
126786
126354
127051
126384
126160
126691
126675
127230
126192
126306
126772
126612
126214
126450
126266
126236
126769
126198
126282
126802
127217
126654
127277
126373
126774
127357
126695
126246
127023
127308
126998
126944
126599
127224
126345
126840
127202
128506
127714
128460
128532
128374
128446
127583
128689
127870
127657
128449
127478
127987
128330
128027
128572
127635
128308
128682
127759
127404
127812
127891
128608
127896
128348
128582
127993
128463
127531
128593
128255
127781
127477
127835
127981
127638
127753
128144
127746
128210
127776
127953
127976
127727
128411
128423
128048
128170
128158
127499
128323
128098
128510
127429
128265
128075
127684
128159
128058
128334
127521
128628
127879
127428
127642
128432
128217
127801
128253
127984
127460
127628
127939
128083
127824
128041
128650
128183
127852
128516
128214
127752
127593
127551
128464
127922
128123
127565
128293
128638
127443
127417
127446
127920
128086
127557
128006
128567
128583
129625
129785
128740
129417
128737
129209
129835
129673
129745
129394
129069
129344
129716
129415
129837
128734
129597
129452
129545
129432
129328
129623
129825
129005
129586
128795
128895
129027
128884
128975
128744
129700
129913
128779
129173
129297
129649
129280
129300
129474
129762
128778
128823
128929
128706
129911
129760
128974
129977
129228
129323
129279
128898
129981
129123
129944
128912
128997
128703
129534
128771
129174
128959
129368
129930
129292
129259
129524
128945
129799
129819
128776
128708
128880
129642
129003
129210
129753
129119
129473
129110
129946
129363
128940
129248
128822
128834
128793
129089
129167
129208
128836
129525
129890
129535
128739
129602
129269
129712
129565
