342
1097
310
810
1734
1813
2466
1534
2925
2919
3112
2653
4540
4815
4441
4675
6424
6047
5206
5495
7371
7732
7635
7072
7891
8681
8119
8000
10107
9166
9936
9359
11249
10838
10422
11146
12769
12648
12873
11951
13992
13169
14240
14298
15568
14632
14714
15542
16042
16823
15615
16059
17730
16944
17317
18077
19207
18450
19484
18932
20484
20480
19668
20290
21195
21844
22074
22055
23255
23085
22845
22941
24189
23921
24635
23881
25968
24817
25658
25258
26220
26669
27092
26527
27442
28106
28543
27330
28837
28811
29786
28632
30641
29931
30863
30661
31481
31692
31760
31517
32871
33068
33135
32990
34763
35054
34879
34270
36207
35405
36144
36041
36940
37363
37560
37170
38198
38150
38613
38034
39449
39164
40225
39822
41400
41518
41589
40393
42080
42606
41725
42398
43791
43797
44121
43290
44926
44643
44846
45007
46726
46551
46023
45959
46870
47871
47511
47403
48361
49292
48142
49309
50646
49435
49956
49754
51275
51057
50700
51604
52289
52789
52699
52184
53317
53544
53441
53553
55769
55020
55237
54956
56568
57196
55948
56772
58369
57725
57360
57936
59020
59144
58900
59250
59875
60261
60963
59998
61523
61266
61355
61601
63175
63417
62974
62463
64626
63759
64705
64459
65084
65506
65804
65946
66820
66915
67289
66368
68093
67609
68400
67678
70188
69074
69966
69909
71481
70678
71234
71202
72432
72141
71798
71896
73591
73952
73223
73336
74269
74608
75194
74193
75991
75779
76526
75935
76806
77263
77436
76768
78975
78693
78034
78615
79589
79692
80076
79652
80931
80670
81091
81295
82763
82041
82508
82026
83304
84232
83698
84373
84573
84994
85114
85391
86645
86228
86252
86778
87312
87554
87835
87107
88664
89535
88822
88665
89855
89840
90305
89941
92201
91444
91493
92233
92908
92632
93081
93328
94790
94459
94405
93940
96065
95052
96149
95252
96827
96661
96370
96958
98453
97636
98575
98563
99689
98981
100081
99437
101273
100352
101311
100638
101980
102410
102088
101772
103347
103834
103745
103142
104876
104827
104710
104340
106026
106397
105610
106410
107795
107045
106872
106888
109092
109145
108413
108072
109283
110135
109915
109899
111773
110542
110848
111736
112452
112298
112510
112981
113196
113494
114266
113522
115027
115612
115216
114722
115937
115986
116420
116383
117501
117322
117172
117295
119336
119134
119241
118764
120830
120105
119890
119759
121052
121321
120958
121663
122233
122869
123018
122287
123559
124536
124312
124096
125394
125891
125771
126073
126263
126981
126497
126118
128645
128152
128483
127863
128994
129241
129282
129426
