922
1081
672
443
75
2153
2388
2431
2010
1603
3612
2658
2782
2747
3745
4036
4573
5069
4941
4289
6170
6094
5534
5346
5538
6557
6658
6521
7445
7222
8951
8756
8472
8151
8414
9632
9851
9454
10389
9603
11129
10562
11686
11510
10960
12802
11761
12976
12785
12273
13827
13577
13483
13549
14016
15089
14842
14720
15331
14887
16558
15884
15988
16519
16272
17295
17801
17819
17383
17646
18623
18888
18982
19225
18340
19551
20178
19575
20181
19616
21093
21144
21323
21048
21529
22524
22275
22178
22598
22580
24415
24670
24307
23993
24559
25904
25231
24941
25936
24766
27207
26932
27228
26047
26827
28171
28093
27923
28230
28350
28953
28713
29133
29096
28701
30070
31040
31195
29927
30232
31731
31774
31842
32214
31833
33594
32898
33042
33357
32913
34903
34521
34226
34870
34616
36308
35171
36227
35140
35656
37663
36956
37346
36759
36447
38853
38500
38796
38788
37761
40012
40099
40181
39429
39573
41519
40506
40948
41005
40417
42135
41967
42501
42654
42224
43818
43401
43019
43030
43491
44248
45139
44380
44488
44824
45944
46336
45996
46203
46422
47064
47451
47437
47455
47551
48435
48263
48821
48425
49340
49809
49729
50486
49908
49991
51383
51046
51294
51420
51723
53044
52818
52814
52998
52728
54453
53823
53825
53483
54247
54635
54614
55029
55434
55796
56493
56657
57078
57030
56429
57432
57572
57206
58153
57705
58859
59717
59407
58886
58948
60004
59885
60323
60044
59870
61295
61950
61795
61341
62059
63634
63230
62900
62855
63572
64434
64670
64693
64063
64805
65115
66035
65321
65515
65227
66966
66876
66986
67122
66937
68379
68506
68533
67652
67707
69522
69625
69346
69455
68995
70376
70855
70691
71210
71387
72582
72764
71605
71869
72532
73531
73289
72847
73127
72869
74738
74667
75329
74676
74201
76275
75936
76696
75520
75434
77175
77109
76813
77648
77104
78662
78511
78037
78030
78091
80487
80186
79532
80046
80476
81043
81651
81775
81002
80672
82682
82698
82748
82182
82864
83759
83863
83821
83515
83391
85211
85375
85486
84890
85657
86410
86415
86055
86640
85836
88386
87480
87885
88307
87438
89185
89232
89239
89105
89027
90354
89953
90109
89716
90018
91603
91877
91542
91040
91561
93039
93100
93577
92308
92672
94261
94013
93636
94787
94179
94949
95262
95962
96061
95976
96907
97329
96617
96370
96777
98044
98496
97948
98233
97913
99112
98932
99915
99590
99044
101306
101060
100186
100798
100793
101566
101455
101824
101742
101838
103294
103091
103507
103850
102716
104207
105138
104322
105080
105219
106101
106491
105506
105979
106542
107740
107151
107213
107288
107760
108995
108970
108912
108952
107955
109255
110168
110185
109882
109852
111413
110834
111212
111398
111252
112059
112272
112008
111916
112866
113388
113910
113335
113761
113416
114734
115363
115136
115346
114835
116633
116376
115789
116504
116692
117707
117155
118274
118218
118098
118892
119359
119268
118503
118836
120796
119953
120428
120696
119928
121837
121243
121734
121264
121188
122550
123249
123150
122778
123043
124070
124756
123888
124377
123794
125543
125869
125363
125378
125678
126877
127152
126273
126735
127108
128581
127830
127512
127896
127578
129154
128728
129717
129279
128846
