185
795
1270
1772
1675
2044
3637
3775
3756
4314
4283
4568
5687
6389
5736
7762
6936
7368
8348
8934
8471
10346
9729
9932
11079
11103
10563
12226
12739
12880
13209
13916
13600
14616
14864
14712
16186
16620
15905
17483
17679
16962
18294
19093
19380
20544
20600
20406
21464
21581
21452
22705
22845
23080
23722
24530
24465
25298
25795
25100
26388
26381
26650
27995
27591
27549
29710
29022
29880
31125
29981
31051
31657
32076
31306
32748
33086
32574
33894
34075
34007
36016
36238
35366
37079
37523
36749
37903
38961
38848
40117
40290
39979
40781
41541
40406
42598
42241
41805
43837
43190
43658
44214
45432
44902
46270
46694
45822
47523
47683
47604
48819
48894
49251
50167
50038
50538
50799
51539
51428
52612
52041
53107
54340
54052
54127
55205
54776
55705
56936
55988
56947
57864
58495
58010
59786
58940
59593
60284
60697
60921
61100
62337
61173
63305
63148
63316
64324
64055
64340
66247
65008
66057
66724
66576
67338
68519
68372
68362
69890
70131
69509
71083
71097
70891
71892
72416
72490
73646
74086
73648
74313
75255
74564
76157
75435
76694
76965
77955
77482
79043
78191
78730
80465
79764
80235
81438
80752
81170
82644
82443
82026
83685
84086
83818
85149
85376
85773
85945
85956
86521
87535
87489
88246
89548
88747
88620
90507
90740
90971
91913
91606
91721
92797
93077
93536
94023
93969
94810
95739
95552
95899
96341
96638
97419
98154
97579
98603
99175
99088
99766
100354
100200
100570
101454
101742
102240
102754
103305
103102
105183
105189
104880
106377
106574
106405
106836
107552
107598
108074
108051
108393
109304
110137
110295
110848
111274
111601
112387
112742
113022
113633
114065
113391
115597
114885
114963
116189
116798
115781
118108
118003
117034
119567
119095
119260
119842
120769
120844
121004
121003
121804
122827
122941
122991
123798
123732
124581
125657
125172
125022
127015
126276
127175
128171
127620
127496
129820
129602
129710
