772
691
131
933
2514
1394
2549
2472
3273
3235
2859
2770
4848
4210
5103
4403
5336
6164
6039
6336
7016
7644
6909
7502
9059
8594
8626
8143
9718
9591
9908
9707
10653
10791
11160
10677
12304
12024
12021
12696
13727
13642
13546
13196
14528
14993
14771
15336
16835
15759
16089
15857
17717
17016
17993
17529
18527
18582
18357
18701
19806
19773
20639
19567
21654
20961
21676
21381
22309
23111
23253
22486
23833
23566
23830
23521
24913
24984
25841
24766
26832
27175
27243
26263
27771
28411
27303
27539
29480
28676
28715
28753
30316
30517
30856
30815
31345
31682
31550
32484
33781
32671
32976
33353
33862
34999
34001
35036
35331
35521
35387
36388
36467
37400
37236
37228
38823
38253
38810
38542
39775
39228
40080
40142
40830
40499
41410
40864
41767
42381
41689
41822
43971
43293
43882
43617
44492
44519
45110
44586
46392
46199
46398
45773
47307
47398
47689
46986
48542
49004
48105
48573
49548
49569
50067
50424
51110
51314
51688
51924
52745
52979
52393
52137
53860
53754
53372
53415
55659
55737
55878
55150
56530
55923
57080
56283
57379
57765
58099
57465
59193
59450
59708
59544
59930
60245
60068
60566
62084
62351
61565
61523
62590
63296
63543
63355
64884
64654
64055
64544
65892
66176
66060
65789
67084
66569
66784
67227
68756
67627
67984
68078
69192
69573
69287
69309
70870
71020
70770
70237
71929
71734
72162
72690
73969
74059
73496
73326
74160
74627
74361
74751
75713
76386
76533
76659
76849
77855
77734
77596
79155
78395
78915
79061
80144
80257
79426
80566
81091
81877
81318
81272
81953
82633
83041
83081
83396
83204
83319
83343
85249
85008
85225
85758
86664
86151
86458
85964
88152
87348
87302
88388
88908
89304
88458
88525
90953
90155
90935
90632
92022
91721
91234
91485
93153
92932
93250
92969
94257
94800
94124
94187
96028
96061
94985
96129
96233
97418
96957
96946
97625
97764
98579
98702
99223
100026
99581
99714
100917
101227
100936
100542
102340
101784
102577
102286
102730
102911
103375
102923
104642
104747
105022
104025
106316
106286
105738
105624
106784
107864
107109
106607
107956
108176
108710
108356
110179
110412
109629
109675
111466
110686
111253
111698
112520
112060
112252
112746
113228
114158
113632
113705
115283
114999
115413
114819
116452
116421
116199
116201
117041
118194
117502
117317
118710
119084
119464
118908
120384
120584
120330
120776
121927
122047
122094
121189
123353
123077
122557
123051
124341
123613
123512
123972
125673
125645
126057
125654
126390
126660
126333
126743
128453
127915
127517
128661
129557
129155
129420
128837
