1092
1206
1682
2586
3617
2969
4295
5096
6360
6468
6715
7766
8733
8159
10319
9571
11401
10623
12653
12544
13469
13806
14863
14329
16263
16873
18138
17273
18469
19402
20737
19976
21059
21663
22832
22221
24507
24124
25250
24997
26684
26239
27402
28208
29298
29228
30171
30187
31446
32306
32649
33200
34430
34150
35895
35999
36654
37039
38330
37720
39227
40072
41193
40678
42132
42178
43999
43452
45336
44757
46339
45752
47970
47948
48297
48472
50373
49893
50727
51522
52418
52505
54191
53348
54923
55818
55935
56750
57394
57642
59131
59344
60298
60486
62242
61212
63518
63587
64992
64496
65652
65300
66646
67446
68204
68032
69337
69239
70261
71420
72580
72640
72815
72978
75174
74354
75509
76052
77779
77563
78153
78169
80305
79608
81342
81369
82974
81921
83771
84444
85064
84516
86515
86565
87780
87398
89555
88829
90190
90450
91004
91233
93385
93075
94571
93846
95517
96003
97008
96747
98033
98009
99312
99207
100380
100680
101515
102049
103893
103468
104173
105187
106351
106196
107068
107370
108753
108795
109226
109575
111657
110731
112768
112089
113464
113646
115131
114660
116289
116369
118027
117792
118592
119283
120615
120635
121035
121627
122488
123467
123632
124014
124858
125049
127222
126664
127916
127475
129711
129354
