1292
224
1207
321
2546
1523
1305
1408
2811
3664
3706
3538
4406
4204
5121
3951
5560
5900
6039
5465
6511
7095
6782
6661
7891
8552
8833
7920
10275
10128
10239
9935
10943
11429
11348
10980
11965
12420
12313
12404
13367
14091
13646
13692
14407
15401
14745
15027
16632
15622
16609
16179
16970
18151
17943
17189
18504
18765
19362
19448
20408
20642
20609
19969
20831
21298
21539
21415
22592
23231
22122
22250
24189
24032
24386
24052
25308
25784
24735
25400
26443
27151
26198
27232
28413
27672
28234
27951
28769
28897
29024
28691
30549
30067
30696
30014
32049
31857
32118
31552
32693
33724
33197
33091
34841
34544
34970
34784
35714
35824
35481
35515
36756
36834
37338
37489
38955
37852
38013
37795
39200
39286
39604
39036
41586
41590
40684
40961
42547
42360
42532
42678
43788
44118
44182
43169
44740
44530
44795
44245
45518
46010
46063
46588
47568
47669
48087
47481
48755
48154
48919
48730
50306
50600
50374
50676
51328
50719
50706
51336
52801
52492
52131
52030
53903
54596
53612
53808
55341
55213
54641
54609
56551
56446
56645
56670
58197
58359
58294
58142
58627
58922
58544
59010
60143
60655
60948
59944
62161
61497
62254
61653
63473
63557
63025
63257
63787
64337
63834
63919
65186
65308
65197
65236
66999
67139
66458
66521
68599
67637
68660
68386
70074
69588
69184
69968
70879
70332
71130
71274
72429
72510
71934
71691
73699
73351
73736
73603
74826
74452
74515
74496
76623
76482
75965
76569
77438
77468
76943
76901
78969
78870
78778
78386
79972
79752
79878
80091
81331
80943
81750
81829
82154
83128
82520
81902
83276
84412
83825
83467
85054
85017
85455
85769
85867
86207
86280
86712
87199
87423
87973
87308
89517
89020
89593
89641
89938
89831
89731
90359
92208
91205
92143
91635
92565
93135
92876
92752
94108
94456
94021
94340
95700
94964
95439
95941
96863
96666
96576
97366
98400
98695
97599
97980
99067
99891
99921
99691
100108
100859
100172
100367
101609
101683
101419
101888
103750
103323
103035
103480
105018
105136
104110
104378
105788
105854
105838
106488
106715
107254
107217
106995
108654
108970
108613
108553
110262
109345
110041
109452
110919
111635
110864
110737
112964
112226
112666
112618
113764
114159
113381
114262
115380
115453
114850
114847
115941
116754
115847
116964
117428
117532
118257
118125
119416
119406
118477
119418
120378
119673
120549
119796
121744
121816
122104
122032
123480
122971
123490
122340
124628
124793
124161
124778
125507
126030
126073
125994
126190
126898
127316
127356
128098
128331
127847
128677
129201
128778
129261
128940
