150
999
830
1751
2058
1927
3311
2689
3029
4019
4802
5149
5516
5398
5532
7695
7573
7782
8582
8289
7947
10305
10033
9385
11146
10753
10956
12033
12702
12346
14022
14277
13204
14585
14447
15442
15623
16779
15818
18039
16977
17025
18647
19406
19026
20200
20220
19590
22026
21546
21956
23191
23271
23227
24229
23893
23878
25517
25282
25903
26223
26112
26592
27739
27379
27547
28892
29395
29256
30145
30590
30023
31833
32424
32018
32883
33512
33001
34643
34866
34361
35690
36145
35510
37439
36715
37691
37715
38481
38067
39146
39875
39274
40732
40808
40400
42056
42554
42248
43406
44007
43363
45490
45377
44721
46791
46109
46544
47883
48006
48013
48802
48795
48448
50408
50218
49649
51159
50759
51051
53134
53237
52862
53504
54565
53654
55428
55444
55267
56294
56152
56753
57515
58156
57766
59607
59400
58924
59882
59800
60053
61660
61965
61881
63143
63074
62977
64176
64330
64959
65123
65631
65303
67046
67113
66389
68496
68022
68151
69659
69703
69549
71319
70894
71041
72639
71534
71786
73732
73243
73699
74205
75169
74654
75802
76452
76385
76896
77713
77139
79180
78877
78832
79929
79671
79988
80831
81524
81155
82113
81956
82895
84003
84352
83808
85086
84844
84611
86232
85942
85992
87677
87225
87640
89187
88777
89581
90326
90798
90474
92140
91015
91876
92694
93553
92839
93691
94833
93668
95390
96110
95213
97198
97252
96738
98425
98326
98796
99277
98955
99083
100907
100855
100872
101595
102613
102616
103799
103329
103851
104716
104771
104167
105428
105887
105829
107143
107873
107862
108060
108806
108457
109268
110191
110457
110587
111467
111222
111822
112487
112586
113960
113696
113786
114988
114841
115163
116507
116457
116288
117660
117190
117448
118357
119101
118752
119859
120217
120330
122120
121731
120965
122746
122242
122339
124485
124706
124219
125650
125516
125427
126861
126209
126408
128054
128447
128083
128705
128787
129164
