426
372
586
499
344
1632
2571
1556
1811
1590
3897
2931
3872
3866
3649
4245
4685
4374
4290
4040
5528
5762
5241
6373
5368
7605
6935
7606
7699
7481
7853
8846
8127
8123
7887
9576
9389
10261
10318
9875
11549
10474
10433
10444
11021
12599
11817
12387
12674
11771
14052
13741
14070
13658
13292
14755
15538
14985
15040
14681
15692
16794
16525
15994
16494
17883
17410
18051
17192
17512
19263
18735
19438
18947
19419
20449
19947
20072
20603
19936
22006
21599
20838
21726
21606
22438
22890
22990
22149
22735
24179
23985
24096
24169
24267
25807
25002
25996
25137
24905
26116
27059
26648
26817
27170
27315
28194
27885
27724
27312
29715
29543
28666
29613
29741
30844
30950
30982
30427
31130
31826
31502
31384
31677
31538
33033
33042
33734
32567
33790
33955
34686
34915
33863
34529
35387
36044
36337
35217
35677
36513
36870
37314
37680
37260
38951
38719
38829
38810
38963
39567
39087
39553
39913
39217
40483
40872
40879
41413
40675
42153
42520
42438
42022
41867
43813
43688
43612
43092
43886
45419
45218
44254
44936
45232
46503
45570
45755
46204
46090
46879
47705
47513
47140
47252
49282
49091
49221
48958
48949
49578
49510
50117
50420
50348
51149
51043
51967
51926
51725
53011
52547
52647
52146
53045
54519
53480
53535
54391
54557
55593
55296
55071
54681
55765
56177
55966
56187
56363
57011
58196
57989
58378
58072
58294
58529
58517
58773
59768
59721
60847
60068
60614
61097
60074
61160
61151
61191
61749
61251
62910
63137
63196
62789
62721
64134
64131
64886
64720
64486
65929
65335
65658
65240
66200
66312
67358
66605
67011
67402
68429
67654
67637
68433
68230
69299
69929
68901
69081
70186
71210
70672
71176
70772
70903
72311
71765
71568
72783
72764
73811
73566
73868
73899
73580
75231
75119
74315
74640
75105
75981
75678
76593
76384
76262
77967
76975
77470
77422
76741
79284
79294
79296
78648
78910
79927
79308
80572
79385
80041
80629
80655
80885
80870
81834
81908
83052
82356
82233
83114
83724
83219
83805
83959
83817
85181
85424
84680
84731
85609
85880
86557
87012
86960
86920
87960
87904
87577
88394
88355
88923
88421
89634
89034
88973
90773
89883
89942
90134
89965
91946
91424
92151
91971
92007
92913
92679
93045
93092
93009
94577
94167
93646
94459
93998
95817
95907
95919
95424
95091
97446
96829
97133
96841
96591
97812
97904
97508
98501
98542
99165
99694
99151
98941
99120
100258
100480
101143
100687
100584
101986
101856
101747
102652
102493
103082
103901
103330
103129
103513
104249
104410
104699
104266
104014
105365
106173
105464
106509
105955
107422
107069
106931
107558
107331
108587
108264
108248
108270
108356
109306
110449
109294
110212
110119
111181
110674
111527
111177
111553
112195
112593
112985
111989
111897
113469
113967
113152
114113
113380
114492
115586
115205
114544
115335
116193
116402
116886
116876
116847
117824
117769
118206
117063
117404
118728
119011
118828
119491
118814
120332
119665
119835
120644
120072
122092
121982
121590
122005
121130
122596
122334
122971
123469
122595
123610
124191
123884
124659
124096
125850
125066
125529
125011
125938
126806
126977
126296
126439
127284
127440
128161
128647
127600
127621
129496
129584
129063
129282
129907
