866
955
1710
1642
3665
3350
5128
3904
6376
6302
6779
7112
8194
7921
9522
9167
10769
11242
12361
12159
14184
13930
14568
14464
16118
16348
18092
17032
18880
18728
19947
20777
21155
21461
22251
22969
23820
23602
25609
25308
27287
26710
27771
27476
29785
28612
31115
30373
32163
31320
32511
32869
34773
34528
35498
35125
36600
36923
38041
38386
39726
39673
40584
41557
42260
42350
43663
43660
44699
44618
45608
46435
47854
47389
48936
49076
49473
50067
50986
51373
52871
52606
53410
53554
55174
55750
56164
57193
57703
57415
58520
59051
60362
60890
61493
61988
62623
63571
64841
63923
65579
65283
67109
67447
67934
67820
69770
69664
71155
71098
72403
71544
73672
73304
74545
74110
76060
75985
76703
77116
78426
79196
80579
80584
81361
81852
81993
82481
84430
84017
85086
84794
86773
86969
87711
87250
89630
89601
89839
90295
91727
91887
92887
93260
93840
94340
95399
95950
97130
96930
98383
98066
99131
98848
100621
101284
102440
102321
102880
103488
104031
104793
106475
106245
106886
106858
108017
108041
109603
109688
110943
110940
112036
113065
113257
113469
114832
115466
115809
116861
117331
118183
118888
119353
120396
120435
120969
122048
123345
122649
124249
124397
125707
124853
126257
126745
127758
128141
129714
129609
