549
855
1174
185
2434
1588
2099
2573
3439
3360
3713
3008
4233
4475
4929
4864
6254
6224
6409
5363
6604
6567
7464
7275
8852
8399
8474
8772
9487
9794
9871
9941
11195
10470
11300
10748
12885
12562
12129
11743
13797
14173
13083
13809
14795
15556
14912
14613
16043
16368
16234
16613
17842
17171
17935
17659
18890
19358
18913
18805
20120
19811
20512
19572
21080
21949
21535
20972
23218
22910
22562
22153
23428
24695
23406
23702
24871
24950
25118
25955
26401
27212
26328
26692
28194
27504
28522
28566
28868
29083
28977
29521
30949
30643
29982
30363
31772
32088
31430
31316
33045
33346
32788
32612
33838
34389
34748
33817
35670
36046
36005
35172
37082
37664
36640
36703
38249
38631
38698
38722
39862
40043
40239
39942
40389
40317
40532
40922
42286
41735
41812
41815
43825
43667
44117
43487
44276
44462
44481
44425
46061
46536
46493
45896
46996
46977
47867
47556
48891
48569
48772
48298
49774
49662
50320
50246
51712
51903
50785
51969
52959
52383
52365
53047
54403
54491
53898
54466
55297
54875
55485
54711
56071
55924
56564
57187
58194
58150
57300
57998
59092
58757
58684
59278
59988
60544
60229
60030
62307
62221
61220
62131
63481
63509
62637
62667
64769
63930
64285
64054
65301
65786
65671
65851
67500
67168
66632
66517
68338
68533
68155
67940
68958
69613
69557
69614
70821
70608
71152
71290
72107
71687
71997
72141
73629
73014
72914
73067
74725
74187
74261
75064
76323
75932
75677
75760
77817
77828
77657
76726
78349
78337
78728
78977
79410
80430
79522
80121
81681
81359
81275
81407
82544
82669
82034
82096
83596
83977
83475
83874
84900
84850
85733
85049
86274
87004
86628
86987
87743
87142
87669
88219
89410
89432
89296
89313
89817
90624
89771
90051
91812
91567
91172
91891
92767
92536
93487
93345
93816
93949
93799
94759
95982
95772
95255
95923
96994
96816
97398
96895
97717
98108
98202
98305
100087
98993
99761
98855
100644
100887
100120
100799
101780
102323
102453
102675
103283
103848
103511
102792
105248
105054
104269
104468
105623
105617
106490
105655
107587
107895
107498
107839
108403
108024
108040
108235
110094
110035
109313
110386
110969
111688
111063
110834
112119
111911
112206
112459
114101
113653
113701
113869
114845
115390
114750
115094
116828
116583
116634
116943
118250
118102
118230
117893
118716
118590
118508
118698
120639
120051
120255
120552
121511
122012
121726
121438
122596
123074
123316
123223
124249
124504
124308
124647
125886
126007
125639
125204
126279
126467
126844
126432
127750
128269
127481
127866
128894
129871
129473
128865
