1249
1564
3316
4279
5204
7295
8914
9800
11157
12242
13009
15000
16806
16986
19247
20285
21957
23203
23427
25195
26111
28081
28945
30965
32000
33041
34749
35787
36440
38620
39270
41455
41781
44120
44922
45736
47237
48810
50187
51351
52733
53583
55404
56315
58445
59128
60620
62020
62476
64621
65766
66350
68759
69573
70213
72408
73012
74523
76227
76966
78277
80314
80757
82254
83767
85679
86234
87976
89046
90527
91327
92358
94002
94976
97073
97624
100029
100364
102294
103938
104881
105338
107446
108571
110119
110681
111920
114103
114562
116502
117716
118524
120424
121547
122859
124411
125906
126332
128108
129215
