347
254
1330
1744
3596
3299
4882
4609
6022
6384
6753
7280
8765
8369
9231
9471
11521
11182
12918
12003
14068
14098
14332
15257
16830
15703
18059
17093
19243
19356
20056
19542
21959
22060
22908
22528
23851
24242
24758
25669
26820
26114
27607
28177
28617
29843
31036
30373
31987
31594
33411
32700
34416
33993
36063
35614
36873
36974
38539
38946
40249
39328
40404
41508
42263
41637
42927
43569
45375
44951
45804
45892
47523
47176
49348
48440
50022
49753
51689
50816
52080
52237
53947
54374
55883
55767
55963
56481
58354
57971
58979
59212
60289
59922
61485
61733
63412
63485
64960
64355
65775
66134
66945
67487
67622
67831
70165
69215
70443
71017
72159
72471
73338
73603
74958
74915
76178
75824
77492
77005
78384
78127
79830
79771
80727
80701
82220
82501
83950
83748
85725
85451
85929
86062
87740
88087
88843
88457
90146
90342
91335
91070
93458
93506
93722
93835
95472
96097
96312
97245
97931
97740
99544
99151
101065
101277
102339
101793
103844
103144
104921
104897
105460
105618
107367
107298
109162
108944
109422
109330
110778
110573
112275
112563
114038
113509
115470
114814
116994
116114
117893
117104
119158
118414
120790
120678
121942
121506
123270
123060
124586
124466
124952
125812
127228
126886
128208
127784
129055
129147
