789
1174
63
1508
1323
1442
2810
3054
3716
5100
4658
4523
6341
5366
5728
7122
6640
7330
7994
8739
8728
9386
9597
9549
10968
10467
10553
12593
11839
12265
14266
13608
13902
15016
15360
15314
16259
15796
16353
17389
17568
17050
19272
19403
19392
20751
20680
20605
21163
21813
21660
22336
22440
22380
23996
23690
24252
24780
25866
25291
26918
26604
26111
27850
27858
28206
29796
29448
29119
30139
30944
30082
32460
32017
32250
33746
33302
32910
33847
34122
34013
35424
36349
36020
37042
37667
37622
37968
38427
38921
39531
39268
39574
41112
40667
41255
41702
42500
41877
43010
43205
42997
45296
44770
44842
46757
46627
46692
47312
46945
46961
48630
48215
49001
49866
49623
50422
51893
51782
51649
53182
53135
52845
53397
53633
54460
55676
55293
54959
56277
56729
56864
58092
57716
58117
59437
59144
58648
60392
60485
61003
62186
62121
62384
62577
63545
62434
63804
64578
64506
65155
65246
65109
66475
66610
67319
68319
67802
68131
69193
69161
69505
70470
70728
70622
72472
72338
71678
74080
73627
72969
74772
74427
74808
75855
75658
75898
77324
77323
77418
78464
78077
78243
79333
80038
80345
80947
81188
80990
82149
82156
82876
84368
84055
83227
85678
84851
84893
86895
86450
86094
87913
87815
87341
89385
88438
89139
90366
89855
90021
92273
91087
92051
93154
93538
92573
94598
93654
94391
95547
95533
95771
96746
97228
97066
97611
97849
97771
99277
99866
99037
101346
101299
101297
102165
102344
101636
103860
103574
103517
104429
104291
104086
106432
105895
106326
107612
107476
107829
108777
108963
108593
109329
109958
110322
111344
111153
111733
112946
112051
111830
114236
113630
113916
114852
115330
114819
116290
116266
116398
117121
117417
117812
118509
119308
118552
119744
120613
119625
122160
121407
121572
123423
122365
122707
124224
124217
124414
125423
125239
125136
127175
126538
126352
127432
127961
127535
129277
129310
128774
