889
395
472
646
1266
88
529
572
28
756
841
907
1270
137
1068
25
1264
212
398
816
110
939
739
615
175
208
941
13
800
1137
5
293
371
923
1203
1239
1209
225
440
1084
1153
720
254
1164
520
880
1168
534
1116
1025
537
390
603
1221
372
661
554
435
606
493
1232
1104
887
1243
586
442
132
274
1226
597
485
44
795
519
220
324
18
792
630
931
701
140
410
173
1126
1023
1050
147
1271
32
286
411
163
298
1109
1143
732
650
10
337
2121
1725
2519
2122
1410
1593
1394
1842
2327
2525
2571
2116
2101
1850
2063
2508
1742
2124
2160
2439
1528
1388
2440
2363
2115
2556
2445
2542
2080
1771
2561
1459
2168
1532
1799
1784
1376
2031
1980
1348
1991
2585
1917
2243
2163
1788
1535
1696
2438
1672
1426
2386
1902
1591
1817
1945
1735
1796
2075
2568
2528
2273
1718
1324
2000
2355
1359
2510
2580
1698
1511
2064
2111
2257
1971
1617
2470
2546
1322
1934
2181
1614
2113
2145
2159
2211
2413
1712
2008
1629
1335
2161
1655
1515
2430
1804
1895
2424
1767
2254
3056
2717
2928
3663
3119
2958
3630
3458
2671
3666
3694
3039
3453
2810
3837
3496
3718
2793
2920
3560
2804
3669
3185
2971
2974
3363
3478
3729
3708
3310
3135
3482
3152
3598
3696
3841
3256
3358
3515
3678
2839
3795
3483
3579
2672
3782
2634
2869
2907
2749
3382
2807
3884
3877
2604
2751
3683
2711
2891
3835
2985
3141
3547
3891
3717
2873
3878
3322
2930
3220
3448
3177
3578
3894
3612
3134
2883
3659
3484
3619
2846
2933
2755
2707
3511
3486
3530
3613
2993
3139
3025
2805
3242
3461
3834
3383
3553
3670
2720
3591
4012
4485
4749
4736
4495
4813
4343
4267
4965
4587
4760
4743
5118
4030
4961
4596
4331
4985
4556
5187
4459
4829
4099
4648
4809
4720
3979
5136
4420
4181
5138
4136
5134
3974
4982
4769
4324
4787
4592
4306
4917
3997
5011
3955
5084
4693
4238
4251
4024
4901
4697
4444
5155
4016
4816
4322
4575
4898
4284
4335
4138
5002
4692
4728
4762
4313
4967
4075
3978
5125
4825
4554
4852
4524
4247
4397
4053
4771
4042
4542
4921
4297
3916
3976
4820
3910
4663
4748
4522
4230
4702
4819
5014
4842
4607
4479
4310
4727
4429
4224
6418
6382
5934
6351
5919
6213
5897
5412
6163
5973
5807
5256
6200
6132
6071
5809
5592
5290
5265
5439
5784
5823
5313
5753
6372
5268
6304
6241
6148
5603
5873
5528
5617
6023
6130
6454
5308
6316
5729
5459
5446
5296
6390
5386
5363
5991
5437
5821
5915
5900
6410
5472
5364
6360
5602
5508
5511
5720
5771
5503
6146
5533
5479
6363
5353
5280
6271
5922
5938
6174
5376
5775
6411
5263
5985
5244
5668
6325
5750
6387
5785
6141
5940
6098
5721
5384
6319
5674
6022
6439
5496
5254
6097
5960
6153
5595
6349
5343
5485
5772
7460
6965
6800
6875
6680
6917
6599
7142
7722
7434
6533
7006
7781
6571
6610
6806
7491
7088
6712
7492
6892
6728
6670
7204
6535
7543
7327
6766
7518
6977
7191
6615
6620
6809
7668
7285
7265
7078
6579
6572
6664
7160
7569
6613
7336
7384
7689
6952
7398
7729
6865
7183
6940
6832
7124
6618
6636
6751
7027
7132
6548
7346
6968
6634
6885
7455
6975
6883
7001
7151
7047
7774
6862
7279
6966
7130
7517
7699
6783
7608
6828
7747
6525
6941
7184
6910
7180
6921
6981
7143
6860
7004
6840
7278
7119
6905
6667
6987
7594
7467
7916
8692
8513
8316
8779
8889
8298
8745
9004
8828
8448
8211
8168
8056
8030
9023
8245
8068
7960
8267
8843
8281
8507
8755
7892
8867
7858
8247
9038
8753
8304
8832
8664
8054
8979
8631
8869
8940
9017
8374
8592
8642
8703
9015
9075
7918
8564
8724
8670
8223
9036
7820
8250
8566
7927
8230
8980
9053
8458
8955
8467
8151
8855
7996
8468
8669
8667
8629
7935
8171
9007
8906
7913
8307
8609
7802
8652
7997
8697
8975
8319
8401
8219
8037
8114
8647
8436
8330
8460
7979
8183
8214
8672
8971
8494
8136
8763
8920
8001
8352
10303
9568
9995
9358
9821
9224
10035
9809
10115
9208
10358
9194
9700
10241
9969
9503
10292
10364
9124
9367
9179
9253
9115
9673
9917
9710
9831
10119
10028
9798
9691
9313
10116
9993
9137
10383
10076
9689
10218
10141
9263
9221
10312
9299
9546
9104
9588
10244
10122
10056
9264
10187
9518
9716
9259
9804
9805
9596
9462
9922
9929
10183
10228
9108
10313
9764
9404
10050
10054
9342
9806
9158
9838
9166
10039
9545
9719
9402
9389
9642
9576
10379
9702
9529
9597
10024
9662
9332
9284
9454
10020
10078
10289
9843
9984
9590
10223
9170
9356
10112
10904
11279
11630
11441
10715
11569
11155
10775
11000
10457
11227
10960
10647
10484
10998
11398
11577
11332
11339
11229
11457
10579
11259
11533
11366
10413
11555
11344
11284
10785
11147
11402
11244
11152
10584
10760
10855
11211
11343
11436
10913
10792
11326
11045
11230
11369
10944
11036
11428
10684
10563
11652
11562
10682
11480
10930
10972
10956
11607
11552
10469
10719
11079
10752
11515
11413
11650
10552
11101
11057
11559
11108
10652
10823
11074
10444
11617
10762
11487
11556
11138
10820
11381
10846
10500
11611
11358
10562
11492
10547
11466
10664
11218
11082
10515
11069
11693
10986
10586
11070
12035
12314
12382
12878
12652
12568
12249
12901
12271
12559
11908
12691
12700
12982
12934
12161
12387
12121
12030
12832
11812
12480
11950
12803
12357
12933
11765
12289
12738
12786
12966
11922
12502
12091
11965
12683
12965
12432
12985
12610
12798
12169
11719
12109
12515
12741
12734
12147
12428
11951
11755
11989
12635
12725
11712
12664
12880
12302
12620
12131
12795
12679
12242
11752
12097
12483
11940
12810
12228
12064
12452
11757
12684
12815
12467
12181
12188
12484
12317
11884
12234
12973
12412
11809
12821
12445
12052
12196
12034
12692
11864
12681
12177
12453
12804
11811
12166
11855
12199
11974
14035
14200
14022
13888
14086
13421
13631
14008
14270
14138
13446
13622
13924
13898
14173
13715
14297
13086
13251
13327
13724
13922
14296
14017
13409
14205
13620
13260
13144
14291
13306
13520
13178
13309
13173
13130
13727
13635
13501
14088
13156
13681
13579
13586
13666
14233
13296
13447
13772
13600
13043
13659
13045
14032
14077
13903
13059
14288
13516
13873
14023
13940
13663
13644
13102
13371
13686
13864
13072
13966
13764
13638
13125
13214
13527
14083
14135
14031
14215
13065
13568
13232
13895
14186
13420
13138
13746
14069
13829
13001
13977
13426
13652
14174
13513
14066
13971
13383
13606
14292
14483
14829
14365
14692
14803
15435
14569
15521
14423
15218
14500
14749
14583
14806
15255
14811
14382
14835
14469
15558
14371
14436
14451
15174
15547
14358
15152
14465
14594
15095
14671
15465
15026
14851
15097
14701
14915
14638
14636
15060
15113
14584
14357
15583
14399
14536
15125
14817
15062
14614
14883
14693
14366
14650
14820
15088
14618
15580
15064
14691
15396
14345
15557
14717
14312
15154
14844
14344
15422
15519
14332
14678
14855
15306
15225
15227
14987
14776
14533
15080
15096
15373
14854
15013
15073
14711
14540
15364
14632
15011
14939
14455
14865
14397
15374
15599
14656
15441
14677
14477
16050
16345
16190
16287
16778
16625
16337
15656
15908
16497
16384
16086
16288
16755
16368
16286
16742
16256
16298
16401
15663
16582
15782
15601
16789
16517
16620
15694
16753
16020
16455
15710
16146
16227
15660
16797
16280
16540
16239
15827
16577
16210
16563
15753
16268
16522
15792
16858
16202
16250
15809
15726
16665
16179
15624
15758
16038
16875
16206
15903
16613
16710
16626
16811
16604
15659
15689
16703
16594
16262
15800
16699
15876
16051
16741
16572
16391
16545
15739
16474
15858
16584
16472
16633
16516
16467
16590
15947
16808
16175
15727
16261
15975
15824
16731
15778
15976
16603
16729
16327
17130
17220
17514
17786
17994
17884
17653
17385
17493
17306
17624
17774
17319
17495
17434
17791
18100
17870
17001
17095
17302
17042
18036
17582
17784
18051
17597
17972
17273
17740
17403
17676
17518
17862
17531
18066
18118
17809
17076
18124
17205
18146
17696
18153
17547
17942
17637
17782
17804
17742
17135
16973
17716
17602
16988
17203
17109
17866
17352
17537
17948
17437
17919
17857
17309
17771
18115
17526
17343
17303
17939
17675
17018
17860
18141
18106
17194
17020
18025
17801
17552
18008
17084
17817
16916
17010
17966
17962
17375
17293
17232
17207
18010
17668
17969
17354
17665
18113
17230
17297
19207
18658
18926
18299
19111
19289
18212
19426
18542
18389
18697
19291
18766
18732
19055
18574
18523
18674
18767
19125
18415
18878
18551
18987
19198
19072
18264
18883
18675
18245
19038
18699
18520
18630
18395
19362
18320
18443
18743
18859
19234
19255
19226
18936
19398
19298
19073
18907
19209
18770
18497
19232
19350
18258
19346
19355
19001
19140
19249
19112
18986
18603
18891
18236
18985
18794
19458
18874
19386
19195
19109
18448
18879
18565
18933
18292
18458
18426
19172
18752
19049
18325
18563
18414
19156
18945
18749
18742
19145
18478
18460
18234
18374
18216
19005
19242
19296
18401
19351
19357
20189
19731
19833
19698
20022
20214
19874
20234
20483
20613
19600
19802
19933
19805
19583
20107
20395
19737
20431
20403
20147
19788
19767
19554
19518
19592
20154
20743
20781
20220
19732
20039
20286
20455
20430
20648
20110
19798
20508
20036
20661
20522
20540
19866
20402
20043
19530
19829
19704
20193
20392
20221
20607
20752
20595
20065
20093
19912
20793
19690
19674
20528
20726
20570
20547
20673
20459
19864
20160
20747
19578
19749
19617
20293
20541
20733
20535
19771
19596
20040
20593
19844
20167
20190
20755
19719
20323
19779
19576
19911
19847
20031
19986
20468
20777
19602
19970
19963
20713
19709
21844
21077
21013
21113
21880
21374
21686
22050
21102
20926
22022
21658
21603
21348
22054
21170
21409
20807
21755
21610
21922
21638
20913
21184
21044
20994
21899
21265
21449
21748
21773
21500
22075
21250
21066
21447
21692
21937
21483
21803
21672
21631
21818
21742
20800
21487
21834
21476
20991
21450
21689
22010
21806
21549
21137
21139
21948
21277
21605
21595
20899
21496
20997
21882
21290
21414
21233
21199
21299
22030
21072
20963
21313
21778
21989
20916
21004
21267
21660
20987
20895
22068
21572
21522
21733
20814
21779
21461
20917
21562
21656
21109
22093
21994
21762
21223
21978
21551
21144
21555
22484
22669
22822
23339
22469
23101
23272
22931
23013
23160
22810
23053
22977
23044
23096
22641
23308
22312
22425
22988
22518
22961
22995
22260
23048
23054
22183
22355
23093
22119
23301
22615
23120
22379
22221
22205
23363
23164
22344
22646
22452
23202
22650
22958
22750
22558
22812
22576
22483
23153
22101
22145
23326
22779
23185
23254
22383
22918
23104
23293
22868
22780
22536
23233
23190
22472
23287
22777
23248
22693
22340
22262
22759
22433
22294
22590
23116
22510
22970
22129
22897
22676
22896
22538
22975
22711
23383
23186
23082
22415
22556
22917
23189
22201
22881
22788
22770
23333
22964
23398
24513
23522
24041
24593
23688
24218
23494
24086
24688
23837
24653
24168
24159
24208
24093
24687
23529
24628
24584
24337
24459
24378
24443
23502
24570
23995
23874
23877
23573
23915
23466
24009
24193
23699
23616
24161
23515
24417
24453
24275
23786
23687
24329
23999
24140
23749
24633
24389
23421
24069
24684
23408
23824
23863
23854
24505
24238
23872
23512
24507
23873
24288
23844
24187
24479
23870
24647
24472
23424
23843
23979
23544
23922
24111
24033
24243
23976
24180
24188
24615
24113
24696
24564
24451
24353
23639
23823
23495
24018
24207
24081
24149
24519
24580
23559
24578
23924
23968
24430
23937
25489
25438
25081
24752
24972
25281
25715
25683
25096
25025
25072
25768
25676
25139
25308
25816
25413
24848
24954
24946
24807
25875
24835
25748
25732
25343
25564
24707
25196
25792
25360
25051
25613
25478
25775
24757
25750
25948
25357
25887
25263
25599
25536
25458
25738
25667
24978
25577
25916
25279
24923
25512
25136
25300
24995
25250
24843
25205
25407
25587
25451
25656
25131
25930
25254
25798
25968
25861
24944
25898
25821
25399
25169
24719
25229
25567
25487
25084
25543
25657
24899
25474
24733
25043
25187
25805
25551
25729
25851
25491
25154
25297
24756
25201
25595
25754
25198
24981
25444
24967
26795
26575
27203
26095
27243
26188
27045
26388
27219
26171
26979
27020
27234
27123
26830
26502
26733
26441
26864
26192
27101
26126
26407
26907
27106
26451
26184
26924
26829
26129
26737
26831
27097
27167
26293
26471
26452
27010
26553
26023
26266
26509
26280
26271
26997
26903
26243
26272
26622
26548
27191
26212
26030
27182
26276
27070
26056
27148
26488
26720
26845
26253
26083
26359
26525
26685
26788
26617
26857
26884
26539
26365
27054
26414
26655
26233
26832
27255
26544
27204
26878
26403
26776
26698
26019
26537
26841
26106
26577
26430
26190
27177
27138
26124
26362
26605
26469
26612
26176
27289
27902
28160
27350
27712
27906
27758
28032
27782
28097
28395
28090
27813
28169
27938
27790
28273
27833
28577
28275
28334
28235
27801
28585
28384
27368
27595
28112
27547
28552
27359
27803
27848
27795
28068
27800
28380
28284
28473
28326
28410
28579
27951
28592
27606
28412
27594
28009
28556
27820
28511
28293
28045
27926
27492
28140
28279
28215
27863
27829
27421
27835
27749
27762
27305
27456
27369
27513
27934
28502
28018
28262
27440
28403
27918
28322
27819
27842
27734
27834
27518
28099
27441
28430
28454
28564
27761
27412
27714
27474
28449
28477
27612
27830
28415
28445
28268
28223
27895
27686
28345
29777
29582
29702
29519
28916
29675
29781
29244
28606
29837
28674
28640
29284
29036
29795
29273
29514
29857
29276
29242
29868
29557
28872
29265
29389
28898
29786
28839
28704
29234
29470
29716
29267
29288
29879
28996
29102
29753
29513
28838
28622
29616
29230
29294
29167
28818
29493
28695
29057
28678
29822
28804
28601
29270
29463
29099
29153
29115
29180
28919
29695
28920
29591
29700
29527
28801
29729
28665
29854
29159
28831
29494
28837
29880
28812
28954
29173
28925
29232
29435
29093
29197
29759
28617
29078
28677
28755
28992
29876
29004
29552
28741
29271
29507
29120
29228
29887
29014
29427
29561
30633
30744
30283
30247
30838
30244
30293
29934
30621
30155
30938
30422
30885
30072
30185
30365
31029
29961
30438
30866
31173
30681
30520
30366
30393
30595
30463
30674
30162
31179
30804
30311
30539
30378
30561
30350
30044
30724
30535
30626
30189
31095
31040
30874
30887
30231
30198
30088
30392
29948
30738
30471
30117
29980
30036
30405
30700
30279
30092
30262
31080
30141
30083
30010
31053
30335
30113
30958
30657
30085
30078
30708
30459
30527
30664
30613
30302
30954
30998
30816
30006
30204
30310
30379
30861
30714
30032
30635
31078
30025
29949
30361
31015
30697
30889
30660
30869
30855
30497
30986
31555
31234
31696
31231
32499
31880
31891
32300
31307
31938
31835
31497
31553
31982
31834
32088
31314
31482
31437
31720
32488
32351
31816
32067
31649
31492
31205
31337
31731
31862
31619
31361
31969
32268
32386
32462
31453
31269
31404
31485
31304
32276
32002
31573
31663
32423
32150
31263
32424
31596
31903
31770
31899
31476
31748
31718
31739
31521
31793
31271
32417
31832
31412
32418
31919
32057
32307
32350
31818
31949
32149
31866
31537
31723
32463
32108
32250
31471
32124
31729
32313
31758
31353
32107
31273
32244
32228
32467
31486
32174
31524
31334
31828
31776
32470
31744
32396
32312
32130
31330
32642
33397
32758
33555
33404
33585
33490
33463
33645
32825
32844
33475
32881
32936
32858
32816
33220
33040
32980
33691
32569
32792
32801
33660
33235
32865
33661
33060
32625
33063
33064
32583
32736
33177
32773
33402
32519
32668
32559
33568
32760
33170
33533
33681
33309
33319
33184
33160
32556
33067
33646
32821
33172
33039
33528
33776
32929
32727
32620
33663
33526
32960
33737
32949
33110
33308
32588
32696
32645
32697
32515
33799
32831
33619
33252
33348
32573
33104
32596
32963
32920
33027
32883
33798
33089
33470
32659
33623
33469
33366
32770
33247
33785
33360
33560
33155
32731
32677
33573
33352
34383
34882
34856
34834
33948
34961
34584
34328
34611
34468
34927
34989
34449
34795
34454
34438
34887
34615
34565
34838
34478
35062
33956
33905
34008
34167
34951
35053
34918
34034
34069
34418
34164
34030
34259
34031
34937
34896
34853
33901
34679
34547
35096
34427
35093
34936
35024
34737
34696
33992
33804
34688
34505
34277
34704
33877
34226
34533
34314
34806
34313
34408
34982
34390
34722
34523
34222
34168
34901
34020
33927
34040
35077
34410
34389
34448
34825
34835
34520
34708
33959
35021
33827
34074
34736
33872
33837
33814
34318
34291
34353
34749
34673
34210
34895
34560
34263
34357
35071
34133
35983
36233
35268
35426
36014
35876
35616
35175
35883
36313
36246
35270
35133
35767
36228
36376
35362
36107
35408
35396
35394
35251
36286
35482
36136
35427
35549
35466
35500
35858
35577
35606
36235
35499
35817
35555
35708
36277
35853
36156
36115
35146
35655
36302
35150
35480
35882
35696
35962
35700
35278
35489
35744
35375
36229
35302
35913
35656
35729
35350
35683
35330
35135
35585
35544
35575
35460
36048
35147
36359
35189
36280
36278
35165
35451
36332
35847
35931
35867
35541
36045
36175
36379
35132
35979
35949
36349
35653
35241
35144
35255
36269
35377
36079
35153
36309
35324
35173
36024
35996
37274
36711
37043
36742
36621
36645
37504
37403
36459
36470
37596
36831
37238
37182
37283
36651
36881
37243
36917
37288
37170
37200
36443
37641
37680
37153
36807
36867
36425
36883
36990
37683
37545
36595
37166
36964
36965
37127
37688
36646
37279
36908
37412
37432
36724
37020
37146
36849
37073
36706
36444
37293
37502
36996
37628
36618
36729
37664
37213
37286
37466
36828
37215
37210
36657
37048
37187
37202
37326
37156
37091
37314
37084
37528
37678
37686
36638
36620
37623
37519
37262
37503
36666
36475
37079
37624
37368
37619
36636
36436
37443
36847
36488
37307
37668
36710
37409
36927
36854
37351
37929
37795
37976
38586
37748
37946
38858
38833
37862
37937
38359
38981
38699
38075
38803
38183
38965
38139
38959
38891
38140
38774
38372
38570
38732
38156
38672
38770
38361
38057
38963
37807
38154
38466
38790
38082
37794
38694
38457
38826
38953
38276
38903
38544
38781
38750
38615
38454
38761
38148
38399
38321
38315
38691
38642
38421
38722
37722
38843
38129
38219
37834
37883
38171
38689
38745
38336
38567
38236
37831
38204
38034
38192
38403
38714
38646
37952
38347
38724
38802
38961
38346
38539
38747
38988
38249
38176
38217
38174
38659
38016
38701
38846
38108
38107
37757
38622
38138
37998
38862
40065
39514
40098
39383
39296
39485
39275
39594
39459
40027
39272
40154
39470
39321
39561
39824
39859
39063
39387
39420
39152
40273
39699
39127
40230
39066
40132
40239
39183
39336
39907
39806
40176
39104
40062
40055
39059
39997
39513
39020
39783
39981
39917
40290
39398
39814
39581
39153
39539
39762
40163
40164
39605
39298
40094
39868
39763
39462
39720
40275
39201
40235
39243
39107
39048
39064
39148
39046
39355
39139
39058
39133
39841
39060
39775
39289
40028
39651
39893
40181
39848
39191
39599
40258
39778
39623
39737
40079
39579
39115
39349
39008
40221
40049
39571
39285
39118
40227
39116
39785
41359
40851
40554
41015
40664
40894
41120
41435
40454
41039
41320
40484
41163
40317
41529
41487
40668
40570
40678
40322
41158
41004
41570
41267
41558
41331
40476
41273
40985
41465
41501
41469
41456
41056
40625
40420
40453
40637
40823
41091
41259
40334
40790
40950
41133
41494
40876
41545
40446
40442
40676
40662
40636
40345
40791
40529
41143
41475
40946
41228
41010
41539
40990
41226
41308
40598
41205
40645
40939
40919
41218
41165
41524
41536
41245
40924
41071
41127
40957
41543
40482
40429
40331
41468
41530
40763
40941
41031
40613
41188
40374
40768
40929
40481
41178
41431
41365
40951
41480
40693
42696
42520
42451
42279
42154
42239
42645
41846
41625
42138
42872
42417
42414
42026
41859
42616
42574
41960
41809
41824
42509
42586
41702
42068
41614
42238
42028
42802
42637
42400
42845
42714
42079
42784
42025
42367
42405
42036
42326
42641
41994
42881
42820
42102
41922
42544
42252
42493
42789
42834
41694
41838
42005
41832
42103
42002
42552
41781
42529
41760
42042
42657
42589
42463
42886
42131
41919
42791
41603
42111
42677
42050
41736
42828
42497
41632
41939
42660
42004
41658
42600
42023
41686
42453
41727
42727
42646
42528
42055
41763
42684
41828
42564
42097
41916
42588
42330
42469
42597
41778
43790
43527
42998
43685
43344
44085
43503
43339
43441
43315
43404
43157
43720
43563
43389
43838
43139
44103
43070
44046
43411
43636
43652
43444
44043
43690
43540
44086
43978
43122
43873
44076
43728
43622
43059
43204
43938
43810
43265
43447
44067
44141
43654
43062
43553
43964
44102
43826
44031
44054
43362
43304
42913
42953
43618
43351
44077
43847
43057
43030
43065
43380
43445
43289
43993
44125
42961
43845
43664
43642
43937
43952
43001
43267
43466
43164
44132
43963
43489
43497
43333
43667
43695
43742
43699
43223
43217
43713
43616
43575
43188
43630
43798
43323
43594
42946
44057
43760
43767
43307
44913
45101
44683
44230
45103
45423
45202
44333
44888
44209
44872
44291
45016
44571
44855
44969
44487
44891
44470
44222
44784
45354
44407
45096
44876
44691
44424
45389
44510
44965
44369
45041
45127
44426
44854
45070
44842
44522
44594
44636
45219
44439
45112
44215
44310
44740
45308
44732
45381
45003
44392
44782
44535
45136
44880
44508
44486
44885
45320
45458
44360
45282
44908
44223
45177
44621
45342
44752
44444
44273
44807
45394
44846
44245
44729
44322
44663
44210
44651
44442
44930
45153
44454
44869
44558
44538
45419
45280
44859
45085
44338
44974
44563
45234
44412
45139
44358
45217
44924
44670
45824
46565
46015
45614
46497
46786
46352
45996
46242
46200
45638
46368
46631
46267
45665
46233
46626
45992
46080
45869
45835
46011
45970
46751
46385
46479
46519
45631
46216
46331
45778
46234
46022
46028
46131
46551
46111
45762
46276
45905
46782
45858
46486
46532
45969
46296
46249
45611
45635
45927
45599
45931
46374
46725
46046
46704
45678
46034
46732
46129
45777
45729
45932
45786
46539
45641
46708
46652
46277
45776
46174
45568
46522
45554
45822
46478
46226
46440
46171
46646
45556
46196
46119
46376
46408
45539
46546
45930
46799
46150
46582
46094
45749
46578
46176
46018
46407
45673
46437
45838
46914
46811
48039
47657
48081
48075
46981
47814
47439
47744
47196
47233
47237
47259
47041
47856
47690
46825
46814
47778
47302
46879
47520
47979
47038
47372
46845
46953
47910
47313
47597
46801
47751
47624
47574
47047
47229
46956
48072
47036
47704
47180
47050
47676
47205
46937
47044
48033
47125
48070
47608
46904
47695
47682
48011
47486
47684
47025
46807
47246
47110
47828
46913
47436
47478
47483
47191
47318
47614
47715
46844
47829
47599
47607
47583
47531
48077
46976
46954
47314
48040
46969
47298
47920
47791
48051
47629
47850
47735
47177
47505
47915
47719
47300
47288
47231
48063
47845
48097
47410
49126
49347
48606
48385
48876
48619
48480
48110
48557
48204
48319
48974
49099
48419
48782
48424
49039
48445
49147
49048
48785
48545
48577
48653
48177
48776
48855
49306
48753
49311
49265
48241
48784
48769
48135
49046
48574
48417
49215
48738
49139
49109
48764
48487
48283
48762
48548
48363
48491
48914
48585
48378
49240
48192
49363
49221
48724
48698
49162
48959
48761
48287
48131
49397
49243
49012
48148
48317
49358
49231
48411
48142
48629
48146
48899
48181
49384
48420
48913
48982
49259
48485
49096
49166
48768
48744
49011
48800
48819
49174
49197
48583
48230
49053
48535
48337
48897
49180
49283
49160
50126
49518
49621
49440
50663
50288
50136
49704
49430
50163
50604
49950
49601
50048
50489
49990
50615
50032
50146
49739
50033
50695
50127
50556
49543
50339
50425
50630
50045
49769
49653
49520
49485
50427
50334
49695
50463
50658
49602
49832
49784
49421
50593
50520
50649
50171
50640
49482
49954
50380
50539
50444
50543
50622
50182
50063
50117
50697
50077
49895
50584
50603
49816
50528
49721
50545
50165
50634
50260
50406
49911
49660
49998
50548
49940
50368
50142
50015
49844
49596
50047
50099
50472
50443
50619
49445
50340
49645
50230
49696
49640
49512
50639
50115
50635
50367
50394
49672
49902
50290
51727
51124
51840
51626
51047
51074
51775
51534
51605
50786
51654
50762
51617
51504
51591
51013
51550
51875
51475
50859
50831
50829
51851
51338
51470
51760
51814
50912
51858
51962
51999
51151
51698
51596
51979
51149
51817
50909
51807
51260
51545
51511
51551
51735
51620
51477
51705
50878
51767
51358
51347
51492
50827
51825
51965
50705
50864
51574
50835
51669
51980
51496
51586
50975
51449
51803
50760
51379
50839
50747
50993
51612
51956
51688
51025
51697
51785
51170
51007
51064
50938
51737
51094
51661
51772
51963
51991
50748
51075
51879
50782
51928
51400
51732
51038
51460
50921
51622
51686
51343
52269
52132
52243
52242
53201
52633
52875
53058
52421
52458
52375
53127
53209
52980
52025
52321
52929
53222
52199
53207
52180
52183
52059
52324
53145
52922
52104
52389
52968
52734
52883
52608
52702
53298
52478
52148
53068
52738
52041
52641
52151
52460
53104
53215
52787
52209
52036
53297
52260
52340
52392
52365
52168
52259
53227
52292
52018
52045
53113
53242
53036
52343
52949
52978
52471
52250
53049
52446
52231
52492
52915
53279
52123
52508
52973
52543
52359
53198
52516
52046
52701
52841
52245
53001
52762
52958
52378
52467
52040
52876
53059
52724
52881
53028
52970
52948
53136
53031
52931
52015
54297
53385
54509
53898
54270
53920
53357
53631
54079
53896
54358
53550
53995
53333
53473
54215
53538
54277
53788
53566
54361
54273
54322
53681
54171
53485
53784
53323
53614
54287
53796
54305
54033
54488
53679
53781
53789
54208
53449
54023
54107
53653
54390
54567
53565
53340
54027
54109
54355
53416
53842
53501
54077
53822
54432
54167
53372
53506
53362
53440
54219
53570
53743
54395
54384
54318
53664
53674
53515
54185
53598
54530
54158
54257
53624
53345
54300
53932
53904
54141
54053
54511
53893
54051
53632
53644
54210
53769
54040
53468
53683
53848
54024
54042
53489
54419
54163
53818
54138
54058
55689
54882
54669
55270
55796
55851
55015
55151
55545
55126
55448
55200
54879
55494
55624
55131
55014
55461
55532
55321
54742
55031
54754
55481
55201
55386
55720
55554
55390
55566
55318
54901
54987
54840
55436
55092
54794
55178
54719
54627
55108
55304
55394
55272
54767
55416
55262
54788
55123
54769
55328
55243
55221
54784
54888
55074
55581
55365
55313
54684
54651
54981
54940
55229
55704
55404
55182
55863
55354
54993
54670
55175
54912
54991
55586
54995
55215
55638
54811
55134
54746
55857
55501
55544
54810
55716
55660
55391
55035
55837
55535
55044
55671
55231
55207
55815
55310
55290
54954
54869
55947
57006
57127
56401
57040
55972
57009
56547
56137
56135
57049
56232
56670
57159
57198
55998
56045
57007
56013
55987
56099
56555
56643
56110
57012
56396
57104
56951
56066
55911
56614
56524
57176
56743
56319
56546
56955
56091
56512
56156
56415
56811
56408
57071
57155
56513
56758
57190
57196
57067
57025
56335
56613
57153
56631
56721
55969
56942
57109
56889
56010
56413
56139
56740
56395
56754
56098
56672
56001
56782
56784
56839
56204
56956
57183
56407
56549
55962
56428
56924
56904
57115
56744
56417
57137
56340
56442
55904
56026
56352
55949
56337
56328
55913
56157
56894
56464
56853
56019
56817
58483
58021
57341
57996
57294
58031
57353
57221
57932
57921
57618
57280
58248
57498
57508
57289
57957
58316
57799
57833
58166
58486
57418
57400
57343
58429
58002
58221
57802
57628
58151
58309
57465
58111
57382
58280
57445
57951
57675
57949
57489
57545
57757
57533
57304
57514
57398
57864
57430
57283
57948
58400
57487
58333
57884
57386
57249
58184
58175
58240
57969
58498
58097
58189
57764
57892
57349
57556
57406
58233
58283
57561
58445
57734
58215
57420
58003
57597
58346
57570
57617
58128
57916
57632
58036
57823
57685
57583
57212
57442
57606
58121
57369
58065
57330
57596
57677
57766
57803
57381
58959
59482
59568
59152
59530
58951
59720
59290
59681
59195
59306
58930
59298
59434
59598
59647
59449
58630
59603
58933
58730
59769
58575
58865
59586
59245
59240
58703
59219
58769
59751
58585
58800
59037
59087
59128
58547
58661
58526
59371
59497
58815
58983
59596
59537
58915
59528
59202
59247
59091
59349
58901
59112
59772
59183
58606
59206
58504
59274
59231
58995
59566
58773
59027
59562
59652
59473
58877
59057
59378
58873
59669
59113
58936
59390
59216
58573
58879
59153
59244
58857
58538
59777
59053
59157
59662
59362
59110
58708
59570
58883
59272
59608
58775
59710
58753
59682
59683
58757
59770
60158
60934
60335
60675
60182
60938
59991
60239
59844
59919
60632
59892
60706
60285
61060
60869
60112
60475
60078
60673
60619
60710
60827
60082
60556
60202
60219
60571
60672
60585
60811
60698
60024
59890
61047
60401
59978
60690
60701
60650
59803
59846
59894
59945
59994
60960
59926
60207
60744
60776
61055
59965
60424
60570
60963
60031
59834
60681
60504
60634
60993
60565
60142
61092
60766
59939
59949
60668
59827
59866
60539
60513
60566
60386
60299
61001
60602
60002
60367
60184
60318
60832
60268
60742
60755
60312
60976
60823
60288
60604
59878
60957
60850
60982
60393
60616
60169
60521
60326
59875
61919
61220
61530
61911
61540
61179
62244
62300
61693
62372
61167
62251
61844
61795
61368
61686
61445
61283
61223
61811
62211
61751
61163
61416
62159
62103
61903
62341
62285
61186
61762
62056
61549
61327
61784
61965
62119
61708
61818
61989
61836
62036
62189
62325
62273
61356
62221
61221
61631
61938
62123
62059
61780
61248
61680
61435
61159
61685
61997
61612
61359
61369
61923
62358
62039
61623
61640
61667
61922
62134
62232
62041
62120
61335
61353
61470
61472
61129
61278
62175
61112
61590
61991
61744
61952
62214
61679
61757
61673
61450
61251
61741
62017
61974
61930
61275
61388
62042
61113
61835
63327
63579
63509
62881
63644
63688
62609
62620
63096
62667
63406
63673
62594
62431
63311
63295
62638
63194
62918
62985
62955
63631
63232
63316
62564
62772
62485
62457
63430
62850
63570
63351
62544
63025
62440
62516
62954
63216
62661
63513
62913
62733
62784
63011
63660
62591
62566
62569
62478
63534
63269
62741
63109
62571
62762
63614
62795
63191
62602
62430
62454
62944
63545
62625
63538
63474
62838
62402
63593
63170
63597
62606
62958
62656
62903
62558
62699
63197
63274
62924
63313
62660
63577
62937
63639
62928
62581
63048
63554
63125
63203
63076
62792
62984
62458
62437
63482
63393
62595
63166
64682
64629
64924
64088
64537
64187
64069
64273
64717
64721
63707
63845
64206
64563
64441
64078
64024
64743
64986
63835
64780
64101
64895
63984
64060
64497
64044
64252
64628
63734
64040
64819
64023
64985
64942
64960
64963
63764
64134
64360
64838
64647
64223
63947
64456
64941
64562
63856
64471
64201
63837
64193
63850
64759
64361
64665
63972
64018
64654
64937
64452
63716
64927
63777
63895
63738
63932
64494
63784
64425
64300
64533
64043
64640
64833
64773
64242
63962
64123
64106
64536
63899
63892
63913
64713
64283
64939
64278
64325
63808
64056
63885
64610
63829
64320
63933
64714
63746
64038
64239
66249
65664
65855
65359
65197
65679
65078
65217
66200
65424
66191
65729
65334
65659
65723
66099
65746
65728
65653
66091
65394
65758
65554
66291
65312
65062
65559
66165
66041
65762
65481
65244
65492
65791
66169
65811
65456
65665
65771
65147
65305
65173
66293
65144
65266
65730
65712
66285
66049
65748
65877
65389
65941
65852
65594
66034
65983
66166
66011
65034
66015
65358
65552
65132
65661
65040
65806
65115
66115
65207
65213
66203
65026
65513
65096
65939
65233
65928
66027
65719
65494
66112
65583
65563
65980
65989
66154
65469
66109
66000
65325
65352
66175
66236
65215
65282
66279
66170
65376
65122
66350
67081
66559
67070
66659
66934
66581
66703
66406
66610
67491
66858
66912
66544
67470
66452
67242
67392
66838
66685
66969
67063
66395
66335
66922
66487
67258
67485
66443
66526
66484
66551
66920
67195
66370
67361
66577
67250
67017
67438
67552
66501
66617
66337
66820
66792
67155
67178
66542
66932
66490
67456
66743
67472
67269
66516
67282
67394
66533
66700
67597
67432
67562
66447
66522
67357
66570
67350
66719
67264
66915
67085
67344
67347
67567
66614
66687
67417
66386
67430
67060
66308
67146
67131
66382
67240
67540
66681
67494
67502
67411
66554
66676
67002
66418
66537
66975
67342
67298
66378
68172
68253
67814
68054
68414
67908
68868
67745
68723
68252
67805
68337
68841
68037
68158
67752
68250
67801
67829
68880
68251
68740
68229
68856
68892
67885
68751
67667
67858
68260
68840
68753
68799
68118
67883
67605
67601
68817
68203
68566
68862
67669
68504
68307
68765
68485
67780
68494
68179
67990
68738
68150
67923
67810
68100
68237
68315
68067
68525
67913
67906
68316
68275
68143
67797
68879
67873
67799
68365
68451
68768
67743
67747
68644
67630
68421
68582
68706
67993
68399
68419
68131
67839
68746
68810
67826
68456
68146
68068
68634
68334
68823
68844
68102
68846
67811
67671
67777
68110
68752
69086
69087
69742
69960
69016
68950
69472
69876
69153
69267
69627
70064
69477
70079
70008
69050
70061
69918
69657
69031
69164
68973
69436
69727
69184
70195
70157
69410
70038
69351
69483
69875
69415
69285
69266
69348
69123
69419
70163
69461
69040
69732
69228
69254
69334
70067
69707
69860
69406
69114
68962
69670
69386
70103
69955
69481
69850
69194
68971
69665
69598
69537
69440
69822
69891
70173
68917
69700
69630
69264
69142
69252
69149
69300
69640
69752
69397
69136
69805
69818
70171
69117
69257
70106
69088
69641
70185
69045
69318
69150
69099
70003
69837
69274
69594
69933
70071
69967
69908
69490
70761
70713
71214
70703
70743
70661
70923
70839
70258
70398
70557
71262
71327
71235
70726
71373
70954
71337
70565
70235
71166
71339
71497
70817
71183
70767
70786
71186
70895
70768
71394
70624
70929
71147
70208
71197
70324
71424
71401
71025
71018
71100
70356
71431
70329
71323
70842
71340
70693
71082
71275
70242
71420
70747
70769
70864
70785
70709
70851
70849
71226
71174
70677
71324
70926
70853
71243
71293
71123
71136
71165
71352
71133
70652
70272
70530
71129
71395
70735
70202
71493
70437
71219
70534
71108
70833
70922
70512
71170
70618
70643
70663
70394
70204
70824
70382
71459
70491
71341
71098
71887
72734
72439
71561
71877
71959
72640
72623
71736
72068
72211
72352
72570
72774
72471
72759
72004
72355
72207
71517
71740
71579
72676
72776
72441
71586
71574
72259
72102
72265
72619
72206
72633
72610
72510
72383
71668
72406
72452
72536
71553
71674
71562
72423
72577
72279
72040
71904
71637
71784
71683
72018
72436
71831
72086
72671
72720
71997
72699
71934
71975
71773
72127
71965
72453
72027
71648
71578
71946
72117
72669
71915
71687
72216
72788
72622
71940
72226
72429
71954
72651
72753
72212
71929
72038
72241
72433
72661
71708
72234
71601
71617
72730
72714
71843
72030
71977
72218
72147
72112
73975
73915
73163
73268
73742
73569
73921
73379
73933
73412
73383
73025
72802
73806
73111
73011
73043
74043
73756
73417
73800
73623
73798
73054
73630
73478
72827
73138
72998
73907
72808
73005
73177
73720
73414
73024
73872
74055
73734
73073
72949
73966
73958
73992
73828
73747
73074
73953
72811
72959
73784
72805
73219
72932
72948
73337
73588
72920
73082
73266
73027
73644
74073
73102
72809
73294
74020
72804
74098
73808
74080
73459
72877
73750
73064
73978
73977
72835
73476
73372
73823
73140
72967
73548
73084
74022
73218
72840
72961
74012
73150
74014
73470
73487
73640
73817
73950
73518
73319
73717
74627
74535
74183
74200
75396
74702
74174
75128
74194
75390
74837
74117
74133
74296
74536
75305
74199
74608
74566
74135
74318
74806
74960
75171
74359
75066
74370
74952
74314
75385
74263
74441
74945
75336
74644
74544
74489
74622
74907
75226
74375
74115
74629
75310
74974
74313
74928
75174
75191
75235
75033
74954
74542
75002
74556
74722
75145
75381
75372
74152
74114
75302
74244
75311
74790
75147
75368
74503
74555
74438
74796
75315
75224
75386
74761
74145
75298
74335
74131
74770
74615
74507
75009
74488
75135
74496
75193
74611
74308
74997
74392
74741
74830
74836
75104
74362
74883
74973
74195
74350
76101
76076
75840
76523
76089
76546
75414
75686
75917
76534
75497
76416
76131
75899
76578
75585
75998
76508
76583
76314
75439
75912
75764
75491
76370
75663
76662
76504
76609
76586
76026
76429
76254
76646
75572
76099
75718
76359
75634
76326
75921
75825
75433
75668
75629
76267
76090
76375
75672
76385
75696
76276
76601
76215
75507
75885
76557
75783
75553
76379
75584
75771
75938
75913
76451
75752
76675
76268
75569
76095
76476
75776
76621
76016
76259
76502
76210
75493
75422
75755
75574
75628
76475
76526
75716
76030
75925
75657
76618
76567
76608
75681
76064
76542
75526
76373
75906
75480
75790
76096
77280
76783
77545
77923
77673
76739
77957
77877
77146
77959
77478
76928
76808
76969
77341
76747
77697
77369
76912
77361
76793
77947
77907
77327
76806
77889
77067
77107
77623
77796
77151
76743
77902
76802
77171
77438
77287
77991
77641
76883
76765
77733
77715
77781
77608
77275
76873
76958
77468
77607
77311
77324
77646
77436
77896
77897
77206
76824
76754
76711
77802
76705
76851
77725
77559
77402
77186
76772
77694
77929
76997
77534
77225
77079
77459
77798
77753
76913
77735
77013
77883
77007
76985
77790
77153
77071
76945
77262
76738
77638
77727
77363
77178
77113
77893
77542
77787
77345
77181
76748
79299
78633
79230
78670
79170
79068
78097
78358
78581
79010
78255
79114
78743
79291
78481
78260
79252
78981
78555
78424
78890
78674
78776
79131
78535
78750
78056
79155
79088
78036
78658
78907
79038
78149
79133
78869
78233
79218
78305
78968
78075
78286
78545
78171
78964
79041
78622
78138
78203
78885
79077
79188
78039
78310
78966
79055
78252
78423
79161
78019
78671
79256
78848
78434
78251
78861
78491
78837
78844
79037
78174
78081
79228
78080
78945
78024
78740
78395
78106
78829
79217
78509
78418
79107
78548
78839
79057
78939
78225
78009
78744
78612
79059
78416
78148
79194
79289
78741
78005
78415
79831
80459
79473
79874
79449
79990
79320
79539
80587
79602
79482
80158
79734
80558
79314
79961
79952
79519
80346
80075
80555
80169
80107
79607
79331
80118
80170
79840
79435
80185
79904
80593
80285
80540
80262
79557
80145
80081
79670
79650
80505
80398
79543
80269
79501
79403
79812
80281
79408
80512
80497
79451
80309
79560
79651
80016
79656
79854
79375
80473
80546
80134
80506
79527
80278
80009
79558
79500
80381
79357
80582
80270
80570
80387
79652
80544
80180
80280
80468
80317
79327
80350
80093
80125
80581
80164
79845
79884
80027
79528
80531
79811
80162
79553
79406
80567
79307
79559
79585
80589
81309
80737
80967
81527
80762
80803
81688
81319
81058
80788
81205
81157
81483
81478
80931
80945
80914
81337
81413
80964
81725
80983
80670
80980
81608
80730
80901
81128
80700
81557
81505
81409
81868
81081
80897
81681
81780
80814
80960
81499
81811
81288
81625
81859
81411
81750
81888
81737
81472
80674
81648
80933
81125
80684
81415
81731
81495
81069
81459
81883
81065
81491
80807
81777
81864
81346
80732
81486
81431
81013
81020
81059
80949
81030
81699
81591
81853
80716
81434
81843
81560
80633
81306
80608
81400
81368
80691
81373
81555
80906
81775
81889
81018
81051
81055
81581
81799
80769
81748
80715
82488
82827
82417
82410
82262
81947
82809
82444
83171
81977
82520
82186
81942
82432
82733
82303
82007
82856
82461
81951
81960
82222
82205
82401
82170
82837
83055
82312
82888
82629
82615
82583
82965
82943
82858
82142
82695
82375
83191
83059
82097
82246
83017
82040
82230
83130
83080
82109
82818
82001
82424
82529
82642
82377
81932
82031
82895
82980
81962
82347
83170
82906
81928
82167
82861
82194
83019
82950
83169
82178
82922
82729
82696
82020
81992
83010
82978
82244
82012
82212
82378
82746
82570
83016
82252
82672
82128
82919
82599
82742
82735
82743
82852
82227
82650
82579
82464
82473
82333
81934
84286
84130
84073
83495
84471
84385
83409
83875
83328
83824
83318
83574
83921
84425
83422
84335
84151
83552
83770
84380
83425
84179
83547
83383
83987
83844
83955
83390
84104
84428
84176
83207
84000
83497
84311
83524
84498
83568
83493
83553
84435
83743
84044
83506
83370
84219
84340
84126
84041
83732
83388
83530
84134
83285
83406
83367
84076
83887
84469
84493
83485
84417
84080
84305
83252
83483
83821
84133
83738
84324
83286
83720
84313
84487
83714
84488
83685
83871
83981
83726
84432
83224
84105
84296
83612
83293
84457
83630
84226
83244
83651
83877
84123
84352
84090
83723
83610
83211
83376
83803
84593
85778
84503
84673
85240
85559
84986
85479
85573
84624
85081
85401
85316
85126
84751
84904
84853
84696
85155
85639
85321
84551
84950
85776
85325
85267
85027
85702
85072
85332
85288
84726
84955
85645
84587
85690
84978
85521
85268
84957
85153
84620
84901
85033
85651
84873
85221
84824
84905
85785
85713
85793
85579
85156
84894
85740
85547
85184
85050
85782
85795
85465
85413
85493
85727
84501
84544
85554
84903
85783
84719
84965
84513
85596
84708
85572
85042
85115
84756
85517
84671
84687
85530
85225
84812
85018
84581
84725
85491
85222
85392
85362
85643
85157
84891
84949
84982
85481
84582
84562
85806
86283
86069
86022
86586
86538
86040
86271
85949
86323
85904
87044
85833
86918
86089
86355
86765
86072
86381
86751
86461
86587
86588
86956
86604
86255
86160
86286
86086
86658
86339
86374
86222
86680
86539
85840
85810
86320
86666
86279
86855
86630
85817
87026
87010
85856
86574
85993
87001
87047
85851
87062
86760
86649
85801
85960
86668
86031
86828
86723
86863
86545
86967
86427
86659
86342
86473
86306
86423
85972
85873
87088
86736
86444
86769
86243
86001
86927
86994
87029
86849
86761
86219
86367
86319
86268
86792
85957
86480
85861
86080
86510
86317
86067
86224
86875
85870
86352
86082
87041
87171
88391
88062
87810
87474
87527
88232
88022
87541
87834
87476
87575
87342
88305
88304
87868
87521
88345
87659
87577
87330
88241
87984
87192
88201
87287
87570
87696
87983
87234
88110
87584
87974
87665
87599
87893
87864
87360
88006
87459
87529
87846
87882
87417
87507
87567
87781
87908
87739
87901
88027
87468
87259
87865
87622
87835
88010
88142
87194
87585
87218
87151
87824
87947
87522
88186
88094
87635
87437
88023
87169
87814
87911
87167
87765
88060
87262
87797
88308
88206
88299
87859
87272
87199
87971
87352
88080
87787
87551
87483
87719
88295
88294
87383
88291
88136
87560
87598
87231
88046
88461
89663
88952
89037
88539
88517
89209
88860
89637
89520
88465
88941
88748
88861
89338
88657
89577
89018
88984
88448
89448
88614
89504
88568
88513
88650
89085
89053
89047
88719
89551
88709
89312
88511
89331
89079
89262
89490
89420
88498
88699
88590
89333
88716
88891
89555
89184
88803
88525
88778
89378
88424
88806
89093
89323
89401
88622
89692
88809
89615
89017
89088
88434
88760
88720
89299
89697
88979
89237
89594
89567
88856
89301
89253
88435
89376
88567
89069
88562
89227
89649
88663
88799
89481
89099
89578
89556
88890
88676
89243
89690
88922
88995
88526
88485
88460
89282
88532
88402
88948
90494
90270
89766
90727
89844
90959
90031
90988
89736
90755
89749
89738
89810
89982
90085
89893
90088
90170
89926
89717
90354
90036
90208
90759
90216
89875
90512
90191
90641
90221
90429
89970
90996
90757
89860
90606
90708
90263
89956
90772
90374
89973
90150
90029
90581
89930
90351
89954
90249
89842
90562
90387
90725
90743
90543
89718
90649
90951
90124
90987
89919
89936
89725
90718
90265
90002
90547
90561
89949
90044
90823
90484
90342
90131
90536
90329
90613
90012
90443
89833
89739
90022
90311
90468
89760
90457
89753
89931
90399
90038
90763
90126
90067
90575
90234
89700
89803
90025
89962
90750
92246
91711
91458
91081
92112
92028
91962
91834
92164
91824
92080
92055
92277
91335
91500
91931
91208
91319
92021
91892
91577
91128
91156
91472
91147
92187
92100
91350
92173
91987
91804
91263
91626
91259
91175
92087
91262
91977
92033
91516
91328
91841
91559
91912
91694
91826
92286
91014
91168
91670
91123
92200
91055
91378
92298
91132
91258
91289
91620
91718
92022
91560
91737
91308
91506
91828
92266
91257
92143
91994
91655
92193
91376
91465
91106
92203
91689
92168
91755
92196
91761
91454
91578
92032
92240
92216
91664
91999
91313
91872
91714
92075
91176
91612
91566
92245
91297
91922
91847
91719
92982
92353
92379
92783
93015
92596
93331
92386
93010
92955
92931
92934
92756
93256
93208
93419
93065
93191
92745
92433
92533
92320
92339
93155
93416
93086
93489
93255
93512
92751
93307
92886
92989
93497
93468
92719
93022
92519
93535
92951
93335
93407
92913
93041
93590
93277
93017
92607
92930
93063
93324
92587
93452
92543
92679
92987
92948
92675
93525
93534
93547
93175
93293
92781
92494
93257
93005
93309
92971
93178
92986
92438
92729
93374
92974
93394
92316
92633
92558
92497
93085
93204
92712
92889
92693
93198
93579
92542
93294
92490
92346
92589
92371
92724
93540
92670
92774
93476
92916
92574
93945
94018
94311
94247
93759
94178
93711
93724
94300
94820
93685
94796
93757
94274
94436
93717
94590
93975
94432
94615
94633
94183
94838
93656
94173
94175
94783
94442
93971
94270
93812
94119
94828
94337
94323
93678
94543
93986
93604
94538
94858
94031
94435
94687
94732
93974
94683
94883
93691
94076
94400
94697
94844
94738
94878
93740
94816
94352
94839
94553
94664
93781
94227
93882
94505
94646
94659
94587
94185
94786
94681
93878
94701
93999
94275
94120
93649
94392
94528
94230
94608
93906
93700
93937
93752
94507
93638
94157
94153
93852
94203
94164
94195
93867
94155
94223
93993
94780
93806
94064
96195
95626
95443
95228
95205
96110
95107
95895
95647
95492
95570
95415
95795
95899
96100
95385
95046
95671
95659
95763
95874
95060
95081
95880
95743
95267
95714
95710
95691
95231
95484
95583
95495
95461
96011
95148
95769
95368
94944
95904
96134
96151
95295
95872
95039
95184
96035
95321
95016
95577
95614
94932
96004
96079
95781
94980
94927
95425
95447
95097
96159
95513
95125
95558
96116
96003
95365
95869
95873
95924
95403
94984
95926
95801
95813
95455
95600
95051
94996
95749
94941
94974
95625
95783
95137
95892
95454
95708
95511
95931
95834
95045
95250
95739
95436
95956
95727
95312
94908
95908
96804
96627
96919
96912
96629
97319
97113
96255
97322
96834
96988
96552
96513
96618
96814
96291
97276
96996
97033
97125
97400
97495
96772
97468
97454
96963
96877
96427
96852
96765
97203
96205
97342
97133
97071
96732
97184
96299
97465
96802
96717
96562
97228
96730
97382
96910
96401
97285
96520
97156
97223
96503
96933
96774
96290
96508
96202
97329
97391
97368
96781
96763
96705
96318
97002
96635
96256
96957
97213
96357
96404
97312
97030
96821
96464
96243
96673
96993
96702
96486
96621
96637
96941
96593
96375
96689
97401
97398
96680
96701
96571
96498
96580
96785
96507
96334
97041
96800
97406
96380
98496
98182
97689
98410
98787
98699
98503
97537
98336
98766
97972
97547
97526
97548
98266
97876
98352
98614
98020
97753
98328
98256
98675
98512
98154
97794
97967
97630
97844
97514
98407
98397
97562
98439
97982
98075
97861
98789
98137
98169
97596
98731
98616
98732
97648
98280
98343
97898
98231
98349
98100
98301
98502
98402
98207
97718
98241
98114
97671
98668
97843
98797
98181
97981
98217
98378
97959
98586
98425
97787
98659
98054
98672
98450
98762
98694
97974
98239
98033
98135
98305
98408
97933
98311
97886
97830
97607
98740
97774
98594
98473
97735
97675
98178
98609
98735
98798
98339
98384
98265
98968
100088
99606
98835
98844
99417
99135
99522
99137
99818
99748
99932
99448
98995
99269
99604
99103
99733
100053
98977
99242
100056
99893
99156
99780
99301
98840
99423
99305
99308
98851
99306
99662
99601
99012
98988
99110
99205
100074
98923
98953
99800
99943
99001
99906
99562
98872
99986
100099
99004
99178
99111
99331
99469
99911
99869
99153
98984
99883
99588
98877
98811
99676
100008
99450
99610
99832
99987
99187
99741
99568
99240
99075
99212
99671
98862
100035
99084
99550
99250
99730
100084
99795
98950
99266
99149
99343
99294
98960
99190
99119
99311
99715
99758
99310
99256
99014
98845
99679
99123
100463
101060
100282
100663
100633
100337
100569
100825
100207
100862
100101
101347
100596
100239
100842
100196
101025
100798
100780
100271
101340
100641
101371
100135
101097
100903
100899
100926
100155
101351
100850
101313
100218
100254
100589
100854
100911
101220
101020
100588
100748
100102
100332
100180
101239
101247
100864
100494
101096
101205
100650
100543
100513
101317
100109
101259
100178
100100
101367
101387
101283
100826
100478
100404
100608
101326
101091
100148
101216
101147
100601
100401
101158
100119
100467
100942
100390
100693
100220
101079
100381
100863
100673
100501
100692
101353
100487
101392
100607
101210
100891
100568
100493
101361
101385
100726
100208
100506
100457
101319
102479
101552
102115
102552
101686
101570
102299
101774
101678
101877
101400
101792
101592
101672
102473
101862
102140
101829
102329
102189
101488
101855
102192
101466
102037
101823
101403
101735
101932
102141
102507
102196
101463
102585
101775
102653
101636
101912
102611
102323
102570
101723
102138
102214
102414
101666
101406
101457
101643
101804
102129
102643
101424
102413
101900
102677
102347
102660
102377
101655
102580
102372
101620
102308
101760
101581
101460
101461
101989
101744
101549
102242
101610
101705
101784
102240
102238
101765
101722
101894
102490
101582
102565
102483
101456
101409
101869
102450
101714
101851
102183
101885
102380
101671
102014
102177
101543
102278
102025
102222
102760
103222
103511
103909
103121
103739
103779
103073
103368
102862
103275
103061
103342
102801
103946
103188
103341
103783
103829
103395
103518
103104
102813
103566
103875
103878
103697
103537
103082
103276
103958
103208
103861
103934
103663
102890
103957
102864
103858
103964
103754
103316
103324
103408
102848
103477
103301
103310
103148
103544
103558
103159
103115
103039
103848
103100
102912
103339
103660
103409
102896
103069
103002
102878
103093
103182
103687
103226
102855
103016
103040
103963
103028
103492
103951
103439
103809
103158
103500
103620
103554
103741
102970
102844
103311
102891
103054
103709
103035
103445
103469
103422
103942
103201
103286
103108
102876
103346
103327
102971
105170
104055
104121
104238
104229
104846
104424
104047
104500
104205
105063
104836
105196
104861
104610
105211
104451
104004
104946
105233
104657
104561
104293
105011
105023
104883
105061
104995
104689
104941
104607
105175
104339
104038
104458
105086
104209
104436
105065
104676
104845
104222
104988
104195
105169
104558
104543
104882
105114
104435
104842
105085
104652
104701
104445
105240
105187
104423
104704
104243
104513
104044
104517
104863
104648
104611
105068
104388
104630
104462
105012
104768
105258
104403
104311
105130
104983
105253
104374
104843
104699
104640
104227
104891
104898
104262
104132
105004
105198
104095
104951
104090
104246
104682
104312
104478
104628
104284
104909
105103
106597
106005
106498
105995
105846
105540
105468
106135
106265
106262
105857
106528
105763
106019
106590
106191
106315
106116
106230
106252
105658
106431
106573
105693
106318
105588
106368
105583
105930
105368
106169
105374
105681
106596
106389
105664
105347
106574
106481
106151
106172
105906
106406
105301
105892
106099
105859
105358
105747
106072
105399
106369
106556
106107
105600
106160
106101
105735
105977
105402
106198
105745
106273
106170
105807
106109
105945
105911
105653
105597
105952
105361
106550
105561
105993
106321
106266
105706
105429
106222
106106
106490
106453
106026
106529
105741
105991
106302
106587
106468
106377
105792
106227
106257
106437
105514
105832
106385
106122
106423
106887
106766
107237
107515
106734
106676
107201
106926
107639
107179
107297
107146
107863
107073
106667
106661
107151
106892
107716
107637
107004
107372
106721
107228
107527
107854
107401
106975
106608
107629
107817
107779
107136
107203
107526
107352
106853
106937
106759
107163
106685
107236
106815
107856
107332
107753
106749
107327
106804
107623
106958
107040
107287
107323
107137
107371
106725
107803
107346
107678
107215
107099
107279
107319
106779
107190
107532
107871
107411
107204
107589
107602
106652
107704
107374
107278
107098
106884
107214
107652
107689
107090
106917
107082
107042
107457
107141
107425
107887
107039
107311
107210
107400
106991
107676
107522
107894
107479
106646
107140
109159
108514
108881
107963
107939
108371
109026
108074
107945
108930
108165
108600
109145
108918
109024
107935
108675
108528
108164
109118
108324
108145
108241
108115
109143
108379
108384
108466
109098
108459
109074
108271
108119
108506
109033
108091
108606
108404
108842
109018
109158
108975
108424
109097
108411
108870
108141
109161
108575
108263
108913
108033
108855
109179
109146
109007
108349
109062
108168
108531
108981
107994
108766
109137
108021
108238
109019
108823
108641
108236
108763
108295
108220
108869
107965
108052
108368
109032
108106
108053
108985
108045
108075
108314
108301
108671
108195
109054
109065
109052
108330
109165
108410
108358
108931
109082
109168
109101
108846
108713
109211
109938
110408
109493
110019
110102
109879
109267
110309
109379
109616
110214
110426
109775
109941
109579
109428
109711
109759
110207
109690
110368
110159
110429
110153
109892
109728
109949
109853
109262
109997
110239
110262
109372
110101
109517
109638
109375
109683
109488
110051
110403
109982
110234
110030
109721
109883
109734
110114
110302
110110
110092
110340
110180
109296
110476
110257
109781
110318
110269
109856
110373
109714
110210
110316
109456
109235
110151
110350
109526
109539
109661
109628
110194
110276
109264
110163
109935
110261
110255
109965
109213
110035
110325
110222
109971
109959
109745
110206
110392
110265
110491
110158
109677
109426
109689
109950
110139
109930
109356
110981
110703
111388
111226
111525
110814
110914
111690
111672
110867
111709
110990
111116
111071
111492
110538
111545
111758
111457
110809
111033
110644
111696
110875
111202
110993
111025
110932
110808
111143
111305
110501
110966
111715
111273
111257
110684
111584
110911
111161
110720
110926
110592
111256
111017
111386
111639
110855
111750
110561
111657
111773
111612
111794
111504
111156
110765
111363
111575
110863
111316
111391
111148
111416
111152
110574
110925
110958
111556
111381
110929
111517
110791
111179
111756
110749
111030
111337
110625
110777
111048
110710
111400
111695
111797
111130
111276
111698
111198
111646
111498
110873
111107
111281
111753
111651
110642
110901
111626
111729
112270
112261
112259
112182
111852
112404
112745
113021
111808
112172
112964
112125
113047
112723
112697
112179
112831
112285
111928
112876
112251
112706
112553
112066
112625
112211
112734
112694
112920
112712
112873
112322
112640
112657
112575
111918
112865
112121
112099
112307
112579
112473
112300
112119
112207
112403
112793
111913
112376
112312
112879
111833
111981
111882
112700
112239
113080
112226
112785
112320
112943
113064
113046
112392
112202
111917
112062
112611
112024
112643
112214
111849
112951
112654
112371
111816
112113
112221
112912
112060
111956
112110
112756
112535
112910
112936
112555
112315
112370
112383
112138
112488
112859
112998
112783
112416
112253
112777
111890
112947
113452
113666
113764
113851
113486
113245
114240
113382
113575
113231
114036
113917
114379
113410
114319
113130
113140
113805
114254
113708
114219
114397
113797
113745
114297
113843
114212
114048
113668
114248
114264
113357
113505
113689
113722
114008
114282
113779
113600
114341
114161
113433
113922
113988
113768
113289
113589
113352
113214
113187
113370
113284
113765
113614
113276
113547
113496
114349
113769
113867
114394
113299
114322
114126
114089
113766
114192
113884
114155
113501
113271
113544
113325
113269
114209
114105
114230
113243
114143
114156
114235
113117
113902
113839
113504
114175
113151
113974
114366
113636
113847
113782
113530
113349
113454
113577
113749
113870
113386
113450
114876
114421
115602
114429
115217
114849
114895
115381
115476
114542
115600
114707
115271
115000
114825
115183
114779
115450
114840
115369
114795
114808
115060
114604
114639
115154
114940
115347
115442
115270
115575
115462
114986
115067
115411
114518
114942
115363
114690
115285
114452
114616
114408
115023
115029
114629
115100
114468
114669
114907
115609
115148
114956
115052
115146
114674
115212
114834
114598
115308
115079
114988
115209
114708
115124
114802
114425
115204
114963
114457
114635
114783
115274
115540
114529
115505
114921
115394
115080
114718
114739
115039
114527
115275
115230
115664
115297
115390
114979
115191
114693
115048
114578
114439
115483
115578
115525
114570
115563
114451
116219
115825
116915
115769
115898
116685
116162
115857
116932
115977
115946
115701
116862
116210
116216
116343
116229
115751
116948
116540
116267
116978
116016
116779
116097
116133
116485
116178
115933
116258
115796
116902
116781
116017
115874
116274
116610
116139
116741
115929
116804
116445
116577
116727
116289
116648
116066
116046
116783
116190
115809
116492
115742
115834
116415
116529
115777
116975
116251
116778
115764
116406
115782
116701
116410
116767
116467
116320
116740
116468
116911
116940
116771
116352
116951
115818
115997
116374
116291
115956
116794
116533
116238
116197
115704
115767
116923
116365
116233
116077
116007
116968
115726
115940
115937
116897
116071
116026
116484
116588
117502
118179
117656
117189
117804
117049
117047
117130
117798
117091
117599
117896
117616
117420
117158
117754
117037
118111
118036
117344
117788
117773
117567
117478
117487
117025
117494
117843
117034
117214
117964
118273
117310
118161
117194
118188
117086
118236
117094
117358
117345
118049
118010
117664
117134
117851
118023
117002
117123
118133
117732
117692
117005
117986
117302
117652
117292
117762
117329
117619
117825
117519
117881
118193
117650
117160
117252
118190
117617
117737
117696
117784
117978
117517
117903
117408
118105
117157
117835
117075
118063
118060
117606
117140
117277
118220
117289
117010
117550
117054
117623
117167
117326
117394
117186
117947
117624
117924
117688
117461
118713
118838
118887
118305
119233
118907
119140
119326
119230
118963
118302
118757
119580
118387
119479
119094
118919
118423
118739
118961
119469
119468
118615
118624
118891
118982
118539
118569
118986
119492
119515
118611
119042
118366
118898
118391
119191
118404
118319
118347
119115
119263
118359
118348
118885
118551
119152
118840
118351
119564
118648
118332
118991
119129
119222
118720
119273
118566
118760
118502
118783
118802
118324
118536
119305
118807
119377
118730
118792
119307
118803
118419
119317
119043
119056
119005
119119
118708
119253
118851
118406
119483
118698
119597
118364
118923
119514
119526
118678
119059
119236
119349
119171
119312
119480
118301
119062
119593
119069
118617
120755
120541
120571
120495
119904
120119
120871
119903
120135
119764
119841
119722
120423
120016
120619
119706
120299
120727
119645
120247
120104
120275
120340
120081
120881
119663
120860
120712
120330
120154
120660
119712
120792
120552
119675
120492
119632
120899
119939
120733
120127
120846
119797
120283
119757
119780
120843
120015
120172
120836
119716
120306
119964
120759
119688
120592
119899
120182
120678
120318
120234
119923
119902
120255
120708
120187
120094
120006
120005
120849
119804
120314
120307
119692
120823
119795
120112
120692
120252
120421
120457
120362
120327
120385
120892
120308
120880
120048
120601
120003
119947
119801
119686
120861
119781
120321
120625
120748
120850
119915
120992
122187
121252
121365
121307
121019
121560
120989
122100
121858
121389
121504
121505
120914
121492
121557
121801
122059
121566
122041
120962
121975
121698
121667
121478
121677
121911
121821
121351
121342
121153
121514
122013
121851
122025
120906
121018
121118
121949
121244
121322
121960
121982
121166
122101
121199
120953
121467
121888
121994
122012
121718
121359
121468
121420
121590
121263
122198
120946
121021
121867
121968
121648
121932
122193
121096
121893
121080
121809
121682
120987
121929
121955
121791
122105
121697
121942
121317
121159
121158
121155
121866
121262
121635
121536
121556
121708
122014
121913
121565
121538
121803
121524
120903
121225
121653
121919
121432
121910
122021
122677
122508
123059
122266
122555
122286
122425
122375
123017
122492
122420
123063
122656
122688
122316
123277
122984
122207
122872
122982
122684
123349
123150
122914
122353
123492
123428
123199
122480
122796
123494
123057
122252
122773
123186
122591
122531
122640
122865
122430
122417
123006
123217
122973
122450
122616
123445
123071
123348
123054
123141
122454
123495
122415
122371
123431
122767
123081
123478
122964
122407
123197
123328
122552
122606
122815
122739
122844
123388
123130
123065
122798
122468
122875
122599
123350
123361
123487
122808
122462
122367
122341
122920
123027
122486
123356
122785
122889
122490
123232
123126
122263
123157
122419
122573
123142
123235
122932
123485
122795
123749
124256
124514
124131
124795
124108
124796
123738
123854
123694
123823
123840
124656
123687
123762
124231
123693
123688
123875
124366
124711
124556
124306
124617
124575
123768
124457
124239
124465
123750
124609
124369
124767
123815
124313
124226
124551
123860
124352
124144
124221
124083
124583
123757
124344
124100
124591
124649
124293
123521
124147
124466
124353
124402
123508
124127
124400
123996
123878
123830
124280
124589
124626
124304
123995
123553
124156
124051
124096
123666
123773
123551
124664
124396
123849
124305
123517
124646
123670
123530
124411
124487
124596
124257
124516
123790
124377
124199
124633
124367
123696
123974
124610
124393
124729
124650
124320
124469
124200
124670
125591
125951
125360
125056
125948
125483
125474
125312
124877
125605
125776
125254
125860
125775
125195
124962
125987
124904
125184
125352
125473
124936
125183
125137
125279
125854
125333
124926
124891
125841
125164
125129
125099
125461
126075
125786
125968
124818
124913
125822
125199
125777
125269
125604
125050
125917
125915
125739
124988
125578
125728
125670
125883
125271
124837
125908
125014
124848
125091
124874
125486
125788
125712
125774
125773
125345
125553
124851
125741
125717
125623
125151
125975
124952
125914
125118
125668
124966
125996
125144
126002
124912
125840
125965
124980
125953
125414
125645
126048
126087
124854
125382
125923
125293
125530
125515
125661
125260
125242
125484
126673
127043
126412
126100
127211
126233
126528
126614
127080
126198
127393
127197
126304
126715
127281
127213
126620
127012
126725
127285
126310
126671
127020
126758
126999
126404
127299
126329
126697
126558
127144
126372
126148
126522
127045
126427
127088
126811
126652
126532
126823
127099
126592
126800
126893
127325
126138
126483
126945
126491
126302
126401
126568
126434
126240
126722
126819
126284
126151
126610
126411
126694
126672
126383
126381
126943
126207
126465
126890
126255
126591
127022
126895
126595
127065
126755
126919
127028
126766
126720
127210
126539
126848
126879
126889
127061
126282
127214
126341
126521
126992
126347
126356
126678
126690
126222
127011
126940
126836
126897
127841
128121
127713
128284
128595
127958
128432
128249
128609
127968
128402
128544
128177
127629
128259
127632
128108
127920
128405
127773
127739
128400
127429
128484
128206
128567
128157
127652
128174
128597
127732
127602
127751
127507
128625
128073
128407
128506
127975
127590
127793
127574
128309
128071
127912
127970
127986
127439
128147
128371
127509
127669
128175
128322
127671
127695
128074
127908
128395
127691
127434
128560
128171
127969
128605
128285
127508
128148
128566
127826
127556
128462
127858
127620
127511
128277
128021
127537
127482
128437
127890
127771
128677
128664
127432
127730
127514
128053
128365
127769
127636
127615
127729
128007
128023
127492
127495
128450
127819
127918
129951
129470
129219
129008
129940
129173
128905
129045
129859
129451
129790
128765
128719
129627
129678
129408
129233
129071
129563
128703
129188
129919
128782
129668
129403
129256
129490
129390
128743
129739
129433
129200
128820
129301
129295
128769
129656
129920
128951
129507
128777
129815
128803
129217
129912
129475
128842
129271
129529
129372
129098
129726
128764
129760
129564
128915
129339
128999
129406
129657
129510
129007
128793
128895
128926
129863
129911
129519
128706
129360
129616
129742
129508
129337
129174
129982
128847
129359
129614
128704
129973
129946
129273
129454
129075
128724
129175
128771
129600
129382
128967
129464
129830
129221
128896
129789
128802
129493
129279
129929
