271
551
86
759
655
2058
1756
2320
2504
1860
3814
3287
3588
3488
2943
4254
5003
4865
4896
4637
6414
6303
5568
6229
5452
7601
6613
7279
7689
6942
8321
8857
8606
9007
8607
9894
10185
10234
9687
9623
10927
10853
11238
11293
11280
12380
12851
12261
11953
12967
13848
13822
13472
14065
13722
14317
14929
14534
15098
15055
16265
15909
16733
16689
16262
17576
17178
17288
17891
17133
18485
18765
19014
18851
18717
19664
20271
20320
20458
20737
21975
21507
21009
21264
22080
22273
22216
22120
23343
23322
24540
23976
23894
24252
24399
24868
25806
25371
25642
24919
26263
26464
26022
26519
26671
27854
28083
28557
27826
27933
29377
29586
29677
28972
28997
30144
30362
30812
30996
29927
32342
32353
32260
32254
31200
33679
33009
33518
33010
33677
33898
35046
35041
34213
34597
36142
36350
35298
35337
35411
37593
37060
36831
36704
37422
38455
38777
37815
38668
38934
40253
39883
40277
40044
39389
41343
41413
41212
41128
40700
42588
41930
42604
42468
42168
43177
43134
43308
43782
44052
44269
45294
45458
45313
44750
45732
45864
46144
45903
45986
47894
46967
47132
47119
48054
48568
48395
48199
48557
49108
49489
50318
49825
50163
50369
51144
51269
50887
51284
51177
52882
52016
52104
52781
52118
53918
54263
54444
53873
53782
55217
55317
54639
55574
54686
56036
56547
56622
56729
56760
57712
58306
58078
57993
57440
58914
58679
58973
58529
59372
60213
60784
60116
60601
60912
61612
61673
61157
61933
62397
63387
62671
62559
62564
62726
64202
63923
64867
64472
64140
65553
65305
65176
65397
66194
67532
67592
67265
67123
67272
67678
68492
68489
68797
68419
69124
70100
69219
69640
69590
71408
71331
71122
70320
70436
72090
71711
72682
71775
71899
72838
73723
73333
73604
73976
74738
74785
74205
75154
74354
75780
76457
76073
76594
76027
77559
77890
77827
77729
77311
78079
79195
78066
78552
79134
79437
80261
79949
80048
79916
80884
81071
81475
80925
80947
82122
82264
83112
82688
83191
83373
83769
83810
84275
83612
85256
84994
85300
85267
85036
86586
86334
87017
86203
86134
87280
87343
87251
87497
88373
89320
89092
88844
89487
88995
89993
90330
90073
89879
90124
91615
91339
91393
91918
91372
93380
93244
93056
93549
92383
94708
94096
94003
94347
94684
95696
95960
95631
95712
95433
96816
96710
96499
96477
96760
97970
97849
98656
97948
98317
99363
98814
99149
99023
99071
100129
100851
100916
101138
101124
101828
102288
101887
102281
101488
102896
103526
102876
103432
103782
104375
104992
104272
104190
104835
105433
105742
105494
105714
105521
107546
107877
106689
106833
107764
108320
108472
108096
108182
108181
109483
110164
109936
109320
110380
111277
110955
111300
111193
110953
112112
112502
112329
112594
112205
113816
114371
114123
113350
113667
114424
114769
114939
114737
115384
116813
116897
115997
116970
116906
117716
118068
117474
117943
117119
118905
118314
118444
119039
119539
120356
119721
120533
120547
120575
121602
121437
121759
121850
121210
122483
122860
122843
123452
122954
124009
124295
123664
124388
123659
126090
125580
126089
125715
125712
126174
127252
126759
126775
126733
128662
128427
128439
127591
127579
129323
129465
129473
129826
128738
