1216
580
449
428
1847
1759
1561
1872
2904
2603
3621
3321
4436
4587
4393
4693
5904
5901
5933
5232
7748
7351
6707
7532
8973
8903
8850
8157
9223
10103
9497
10013
11018
11627
11069
10513
12966
12913
12764
12084
13216
13848
14094
13453
15173
14820
14916
15071
16657
16539
16368
15690
17731
17623
16934
17973
18606
19365
18640
19374
20277
19668
19844
20002
21125
21240
22087
20968
22732
22673
22744
23226
23458
24638
24166
23499
25549
25826
25322
25097
27043
26008
26089
26124
27884
27963
27431
28076
29544
28970
29273
29040
30272
30764
30904
30324
31544
31639
32114
31938
32836
33177
33104
33612
34666
34659
34078
34336
36067
35446
35538
36098
37502
36593
36416
36701
38360
38557
38198
38256
39183
40149
39174
39165
41178
41053
41455
40484
41698
42740
42290
42763
43116
43501
43289
42983
44949
45453
45345
44905
45738
46596
45938
46531
47872
47512
47752
47252
48951
48891
49098
48322
49759
50261
50674
50627
51196
50710
51225
51156
53241
52188
52645
52741
53602
54014
53512
53843
54684
55093
55814
55881
56667
56418
56084
56721
58464
57661
57430
57881
59446
59052
59090
58823
60430
60376
60130
60950
62388
61637
62100
61869
63243
63568
63626
63279
64401
64150
64809
64476
65215
66110
65123
66066
67341
66866
66421
67162
68316
68622
68707
67706
69846
69052
69807
69046
71251
70478
70848
70348
72414
72083
72643
72669
73082
73197
73720
73058
75290
74760
75164
74531
75552
75739
76363
75646
77892
77248
77543
77717
78443
78070
78579
78705
80033
79365
80088
80584
80963
81750
80707
81403
82481
82627
83067
82725
83712
83541
83907
83390
85612
84741
84948
85547
86387
86390
86320
86299
87355
87122
87655
87471
89190
89353
89011
89334
90844
90786
90549
89709
91489
92179
91211
91562
93289
93324
93069
92377
93732
94522
93741
93971
95512
95460
95676
95501
96284
96637
96408
96680
97526
98309
97598
97551
99452
99131
98821
98809
100746
101134
100521
100423
101829
102192
102134
102120
102932
103971
103934
103865
104787
104066
104303
104893
106567
105782
106270
105563
106751
107410
107266
107289
108995
107907
108142
108875
109743
109916
109906
109400
110622
110926
111111
111448
111827
112004
112191
113068
113217
113900
113810
113332
115083
115361
114820
114442
116411
116858
116420
116948
118159
117092
117244
117679
118982
118699
118943
119323
120110
120317
120864
120299
121823
121220
121479
122133
123301
122614
122355
122888
123941
124581
124589
124116
125321
125923
125143
125716
127090
127002
126977
127094
128548
128155
127640
128645
129275
128944
129937
129867
