146
653
726
2179
2579
1903
3415
3031
3263
3940
4514
4602
5556
6468
6123
7444
6798
6867
7824
9092
8383
10251
10166
9415
11537
10809
11019
12598
11944
12410
13733
13499
13291
15365
15356
14432
15971
16458
16467
17347
16928
17588
19339
18470
18297
20208
20494
20690
21418
21119
21749
22205
22114
22324
24498
23510
23465
25721
25739
25680
26018
27185
26202
28313
27702
27573
29597
28695
28904
30726
30193
30312
31688
31564
32004
33024
32769
33474
33877
34159
34872
36019
35816
35991
36876
37390
37002
38954
38127
38612
40161
39494
39080
40656
41103
41039
42344
42477
41813
42944
44164
43363
45312
45203
44473
45678
46614
45571
48092
48045
47107
48611
48320
48574
49962
50266
50352
51508
51651
51960
52930
52568
52697
54060
54345
53553
54659
55390
54808
57036
56195
56898
58231
57687
57726
59300
59027
59528
59803
60246
60600
62234
61244
62388
63049
62999
62533
64353
64343
64759
65479
65886
65258
66702
66345
67591
68702
68861
68472
70149
69842
70190
70693
70776
70513
72145
71943
72268
73658
72877
73569
74564
74426
75158
75991
76691
76637
76832
77319
77088
78608
78513
78049
79834
79313
79640
81195
80905
81296
82567
82619
83196
83826
83326
83861
85332
85619
85140
86129
86200
85938
87240
88349
87546
88910
89596
88678
89992
90402
90649
91367
91520
91093
93511
93222
93013
94598
94797
94550
95580
95169
95108
96740
96826
97166
98384
97730
97978
99018
99937
99407
101306
101366
100137
102619
102234
101420
103727
102797
102809
104094
104825
104583
106062
105901
105361
107435
106931
106827
109008
108885
107904
110040
110190
109241
110756
111484
111185
111957
112586
112627
114179
113309
113350
114420
114555
114712
116129
116920
116659
117883
117446
117347
118574
118522
119002
120855
120602
119634
121724
121703
121019
123305
123373
123032
124018
123688
123769
125110
125358
126037
127081
126307
126364
127583
127539
127914
129245
129865
129227
