1105
678
193
2220
1905
1547
3208
2986
3635
4897
4246
4504
6055
6381
6224
7637
6541
6788
8375
9089
8283
9176
9994
9140
10867
10522
10532
11890
12239
12995
13373
13398
13896
14343
15122
14663
15816
15600
16239
17881
17690
17444
18880
18259
18964
19619
20216
19777
21100
21979
21254
22516
22334
23366
24375
23674
23517
25371
25527
25210
26069
26812
26591
27701
27452
27840
29701
29101
28963
31182
31085
30355
31771
31694
31930
33210
33056
33551
34110
34887
34669
35632
35807
35868
37252
37497
36614
37790
38555
37801
39078
39219
39423
41268
41043
40802
42782
42233
42061
42966
43800
44186
44450
44880
44642
45653
46193
46554
47787
47170
47611
48162
49144
48615
49846
49749
49623
51723
50894
50947
52267
52014
52252
53816
54146
53626
54914
55479
55761
56223
56407
57164
57205
57369
57473
59527
58681
59277
59807
60609
60688
61228
62151
61817
63579
62639
62505
64630
64428
64275
65986
65512
65035
67073
66595
66729
67950
68419
68410
68938
69119
70176
70859
70675
70507
72454
71791
72739
73875
72956
73953
74713
74699
74405
75543
75861
76429
77382
77831
76807
78448
78898
78098
79649
80325
80327
81749
81333
81558
82145
82301
82862
84374
84126
83287
84813
84758
85328
86486
86176
86836
87724
88198
87656
89486
88893
88714
90636
90529
90879
91332
92039
91433
93309
92765
93124
94746
93877
94315
95377
94912
96111
96877
96679
97056
98040
97836
98074
99059
100011
98900
101238
101237
100791
101568
102115
102519
103209
103176
103862
104826
104880
105056
105547
106427
106428
107063
107410
106969
108381
108593
108066
110216
110490
109338
111334
111425
111411
112775
112890
111816
113701
114097
113141
115054
114536
115549
116322
116163
116674
117200
118273
118002
118305
119538
118630
120440
120777
120895
121862
121015
121051
123276
122232
122299
123634
123781
124140
125805
124858
125301
127213
127200
126426
127477
128602
128075
129697
129166
129967
