1206
1410
3540
4441
6098
7240
8613
9965
10640
11806
14226
14628
16527
17416
19005
20187
21914
22346
23850
25426
26112
28081
28755
30554
31461
33392
34759
36104
37571
38332
39412
41496
42369
43963
44449
45970
47386
48757
50012
51614
52727
54076
54837
56436
57678
58651
60763
61429
63354
64673
65263
67529
68767
70024
71070
72231
73729
74460
76678
77697
78836
80108
81811
82309
83865
85696
86920
88348
88994
89887
91651
93148
94599
95374
97031
97976
99032
100614
101648
103195
104822
105549
107547
108643
109992
110764
111985
113728
115358
115965
117827
118482
120015
121281
122596
123556
126085
126118
127891
129983
