138
702
1653
2503
2685
3567
5060
5140
6245
5268
7604
6719
8734
9067
10122
9436
10530
11203
12974
12902
13389
13604
14811
15377
16758
15617
17298
17343
18938
18240
20527
19864
21083
21008
22736
22355
24178
24117
25873
24754
26585
27209
28081
28171
29842
29466
30861
29934
31235
31627
33424
33783
35087
34689
35144
36240
37680
37018
38401
38635
39945
39807
40640
40556
41911
42001
43630
43589
45381
45208
46146
46080
47098
47646
48344
48815
49438
50208
51305
51629
52496
53240
54552
53505
54698
55828
56654
56802
58148
57756
59388
59786
60729
60613
62266
61576
62719
63430
64820
64666
65388
65774
67020
66551
68276
68135
69604
69415
71487
70733
71766
72274
73430
73992
74267
75251
76316
76209
77587
77366
78922
79237
79423
79953
81035
80670
83129
82581
83745
83832
85723
85300
86041
86409
87949
87912
88853
88807
90860
90654
91086
91916
92893
92401
93650
94016
95897
95639
97366
96691
98486
98389
99958
100003
100512
100141
102663
101759
103340
103147
104595
104914
106247
106004
107528
106699
108850
109061
110165
109550
111190
111362
112429
112168
114281
114143
115431
114497
116808
115924
117617
117875
118322
119082
120303
120355
121221
121123
123244
123381
123976
123978
125346
124986
126156
127027
128414
127549
129397
128743
