821
844
807
2264
1822
1360
2712
3845
3781
4451
4495
5063
5365
6420
5677
7447
6563
7095
9011
8192
8784
9334
9592
9671
11184
11011
11119
12887
12489
12824
13125
14219
13428
14779
14349
14809
16342
16416
16750
17402
17615
17567
18510
19394
18582
20653
19573
20291
21668
20802
21433
23267
23378
23035
24216
24364
23504
25791
25285
24922
26138
26502
26755
27547
27334
27870
29844
28811
29774
31199
30613
30293
31724
31726
31698
33549
33107
33033
35057
33857
34600
36251
35469
35210
36871
36439
36406
37832
38932
38931
40078
39042
39416
40670
40728
40395
42373
41727
42029
43782
43016
43634
45413
45134
44283
46653
46577
46305
47097
46814
47378
48106
48256
48903
49564
50190
49503
51754
51408
50828
52653
52012
52701
53652
53368
54497
55632
55032
55457
56833
56211
56983
57654
57824
58493
58564
58694
59684
61069
60277
59861
62087
61921
62387
62849
63675
62959
64407
64730
64539
65950
66093
65091
66688
66612
66416
68342
68328
68703
70171
69820
68988
70988
70282
70928
71873
72173
72208
73333
73585
73206
75159
75010
74882
76010
76450
75830
77571
77678
76830
78819
78993
78049
80334
79546
80016
81320
81880
81210
83115
81956
81907
84479
83543
83480
85441
84697
84774
86680
86912
86491
87795
88135
88249
89357
89387
89580
90752
90517
90593
91252
92009
91393
93474
93491
93302
93961
94161
94713
95178
95251
95900
96421
96216
97373
98423
98131
97675
100037
99519
99613
100162
101281
100714
102461
102417
102065
103272
103984
102841
104378
104912
104617
106193
105455
105460
106974
107743
107859
107918
108675
109108
109878
109364
109619
110759
111187
110576
112446
113014
111837
113655
113254
113412
115390
115089
114919
116072
116344
116921
117202
117063
117175
119190
118822
118798
120784
120864
120528
120945
121855
121563
122274
123095
122724
124171
123671
124617
125373
125229
125578
126321
127043
127065
127464
128626
128332
129487
129947
128808
