39
2053
3893
4057
6091
7208
8054
9380
10592
12586
13314
15537
16591
16979
18278
20083
21926
22532
23607
24814
26360
28224
29199
30170
31760
32854
34671
36003
37142
38305
39346
40376
42654
44112
44641
45900
47404
48161
50266
51667
52652
53697
54954
57114
57709
59666
60082
61261
63154
64731
65248
67550
67773
69373
71437
71706
72829
74117
76295
77270
78044
80304
81183
82261
84267
84954
85988
87100
89515
89901
91613
92631
94109
95148
96846
98433
99930
100337
101422
103992
105064
105484
107486
109034
110145
111355
111921
113372
115333
116509
117460
119521
120805
121969
122433
123729
125801
126824
127556
129790
