778
434
250
209
1248
1681
1494
1765
2313
1986
3753
3826
3470
3311
3453
3946
3949
4858
3960
5185
5877
6109
5206
5759
5490
6821
7163
6750
6973
7288
8156
8969
8317
8024
9065
10319
9574
9157
9720
9380
11196
10954
10706
11675
11413
12806
11898
12313
12765
12347
13345
13274
13671
13870
13952
14607
15379
14709
15187
14329
16392
15760
15963
16867
15866
17474
17677
17090
17576
17406
18600
19280
18482
18408
18363
20122
19788
20291
19729
20706
20884
21569
21877
21661
21028
22506
22407
22863
22668
23298
23823
24681
24406
23993
24214
25877
25007
24843
25148
24838
27014
26380
26479
26515
26310
28002
27876
27479
28473
28100
28940
28894
29144
28628
29314
30441
30928
30654
29963
30690
32219
32082
31375
32128
32104
33250
33580
33575
33226
33111
33995
33840
34688
33909
34917
35712
35389
36362
35852
35803
37238
36716
36581
36918
36458
37950
37976
38420
38296
38732
39508
40146
39408
39329
39857
40963
40398
41064
40669
40880
41949
41662
42079
41866
42747
43509
43858
43259
43163
43016
45222
44604
44418
45352
45417
46604
45662
46461
46741
45591
47923
47995
47617
47060
47541
48131
48203
49350
48418
48743
50049
49953
50625
49999
50500
51565
51377
50912
51849
51542
53064
52160
52526
53151
52783
53822
53682
53416
53809
53478
54642
54809
55697
55027
54991
56802
55920
57139
56928
57088
57508
57983
58207
57966
58325
58711
59406
58888
59082
59059
59832
60009
60679
60486
60888
61990
61359
61433
62144
61348
62905
63065
62844
62685
63569
64909
64551
64171
64778
64490
65653
65078
65939
66236
66070
67123
66539
67473
66335
67433
68147
67869
67865
68323
67942
69252
69553
69545
69973
69054
70264
71481
70791
70639
70670
72354
72516
72125
71719
72235
72977
73409
73665
73949
73013
75216
74569
74799
75301
74305
76165
75574
75852
75962
75832
77693
77087
77204
77669
76720
78889
79274
78036
78650
78838
79909
80383
79655
80373
80447
80663
81502
81531
81881
80784
83091
82413
82632
82764
82393
84048
84046
83343
83593
83705
85526
85756
85682
84963
84825
85814
86759
86579
86143
86001
87628
87934
88295
87489
88149
89203
88696
89655
89692
89313
90986
90160
90259
90496
90806
91227
91072
92026
91029
91347
92664
92941
93570
93449
92604
94132
93764
94330
94656
94580
94972
96023
95316
95855
95515
97178
96211
96698
96864
96516
98789
98194
98093
98689
97686
99513
99904
99405
99428
99773
101201
100873
100628
100891
100871
102499
101911
102024
102433
102164
102823
102831
103873
102792
102846
105124
104999
105161
104017
104968
105921
106233
106149
105636
106354
106835
107262
107743
106971
107800
107975
107923
108816
108282
108470
110081
110424
110033
109739
109562
111523
110502
110789
111052
110801
112080
112562
112301
112315
112792
114077
113145
113259
113485
113114
115114
114410
115198
114858
114425
116921
116725
116480
116118
116967
117917
117347
118071
117523
117627
119517
119259
118713
118925
119541
119713
120501
119772
120675
119888
122053
121486
120968
121430
121250
123030
122828
122447
122736
122653
124466
123891
124696
123797
123894
126020
124966
125571
124840
125814
126700
126279
126355
126624
127304
128013
128010
127667
128462
127687
129298
129750
129464
129723
129620
