80
1620
3554
4550
6381
6577
8584
9584
10638
11869
13876
15535
16415
17978
18315
20025
21902
22568
24224
25545
27287
27639
29633
30410
31920
33567
34995
35910
37357
37924
40247
40554
41904
43655
45142
46196
47967
48427
50221
51492
53236
54124
55547
56139
57639
59497
60571
62178
63077
64765
65150
66584
67736
69950
70801
72242
73420
74660
75820
77051
78094
80213
81550
82907
83755
85240
87069
87713
89280
90087
91121
92758
93971
96103
97211
97603
98974
100609
101525
103709
105039
106212
106850
109141
109598
110611
112143
113311
115438
116266
117438
119508
119741
121994
122519
124372
125821
126435
128679
129655
