696
2153
2677
5036
6085
7197
8836
9284
11016
11800
13315
14970
16068
17932
18735
20607
21211
22457
24531
24840
26165
28111
29535
30196
31462
33507
34844
35815
36469
38929
39711
41537
42315
43581
44807
46466
47030
48487
50152
51039
52139
53619
54703
56054
58334
59382
59898
62178
63444
64292
65333
66912
67998
69679
71014
72479
73164
75021
76408
77614
78309
80490
81888
82421
83856
85144
87018
87785
89558
90271
92125
92951
94314
96113
97110
97937
99419
100827
101522
103785
104053
106340
106672
108717
110201
111117
112146
114214
115117
116471
118133
119283
119729
121299
122753
123587
125302
127298
127935
128728
