1150
1595
3263
3921
5371
7631
8464
10244
10897
12104
13497
14741
16635
17565
18627
20076
21687
22279
24112
25305
26717
28414
28753
30317
31687
33053
34399
35481
37696
38607
39168
40540
42301
43097
44408
46673
47950
48470
50448
50822
52571
54341
54961
56109
57868
59069
60752
61846
62696
63819
66021
67161
68672
68979
70972
72370
73746
74842
75678
77939
78183
79364
81718
82203
83649
85693
86088
87987
89416
90135
91720
92835
94284
96176
96782
97975
99272
100912
101963
103185
104456
106270
106843
108410
109338
111665
111886
113530
115387
115928
117081
118654
120634
121149
123072
123712
125980
126238
128031
129405
