589
1024
758
74
870
1239
569
1242
935
462
995
430
651
927
379
1082
779
1270
1063
1002
383
186
1196
453
216
537
224
42
375
593
402
476
1272
557
182
9
226
388
141
386
280
946
189
151
546
684
1220
1034
77
530
217
516
180
447
1067
327
706
940
342
291
902
316
450
1066
1097
812
1168
797
215
197
1207
666
701
597
754
764
840
845
112
974
1140
310
69
206
817
130
485
1280
894
18
496
1191
1094
1048
1072
637
723
1106
1238
1107
2139
1305
2368
1446
1561
2215
1372
2418
2599
1831
1927
1889
2270
1499
2087
1842
1740
1955
2521
2392
1380
2097
1459
1671
2541
1977
1302
2196
1393
1436
1579
2424
2294
1732
2090
1871
1984
1620
1504
2275
1838
2058
1532
2543
2576
1990
2575
2320
2225
1373
1500
2284
1482
1787
2287
2462
1734
1888
1745
2457
2295
1563
1943
2475
2077
2425
2099
2149
1497
1539
1743
1635
1986
1651
1650
1425
2066
1974
1803
2138
2044
1948
1636
1904
1679
1421
1730
1525
1307
1664
1317
1993
1314
2359
1401
2190
1800
2444
2334
1875
2825
2721
2666
3116
3687
2943
3544
3391
2617
3716
3625
3123
3020
3007
3077
2947
3038
3788
2671
3010
3251
3517
3598
2882
2693
2785
2684
3388
3719
3174
3039
3331
3897
3646
2889
3675
2793
3562
3386
2801
3338
3189
3005
2910
3243
3206
2845
3481
2917
3576
2817
3284
3084
3519
3337
3809
2649
3590
2855
2792
3524
3127
2781
3685
3400
3711
3060
2763
3577
2840
2772
2675
3892
2959
3542
2613
3540
3684
3233
3656
2714
3457
2918
3348
3898
2641
3011
2685
3593
3476
3893
3514
3158
3644
2941
3494
3810
2971
2915
3738
4763
4695
4822
4796
4638
4719
5101
4352
4633
4278
4243
4184
3991
5046
4823
4746
4323
4409
4358
4531
3950
4829
4949
4391
4838
4856
4441
4171
4519
4909
4162
4123
4525
4643
4706
4587
3987
4292
4953
4754
4086
5174
5098
4956
5097
3989
3994
5060
4366
3949
4486
5038
5179
4941
4997
4930
4477
4708
4556
5054
4257
4182
4359
4828
4550
4113
4303
5088
4376
4153
5160
5067
4193
4132
4022
4781
4044
3953
4679
3959
5134
4317
3995
4094
4738
3948
4236
3942
3935
3967
4797
4046
4004
4757
3932
4825
4787
4799
3920
4957
5839
6364
6186
6336
6220
5688
5290
6467
5867
5636
6221
5960
5601
5261
6129
5437
6149
6136
5679
5767
5743
5460
5643
6105
6219
5216
5434
5496
6054
6408
6122
5489
5606
6296
5999
5745
6362
5283
5228
5333
5431
5328
6007
5562
5965
6180
6311
5409
5276
5349
6431
5922
5830
5992
5696
5205
6206
5644
6437
5810
5269
6197
5545
5457
5347
5386
6435
5881
5513
5249
5250
5514
5312
6080
5789
5464
6346
5235
6107
5230
6120
5317
5559
5702
5937
6028
5649
6395
6471
6231
5762
6072
5392
5671
5591
6165
5539
6468
5826
6205
6673
7693
6711
6978
6859
6680
6785
7379
7579
6773
6574
7435
7631
6999
6770
6529
6611
7651
6536
7188
7728
7498
7773
7502
6969
6888
7501
6694
6925
7099
6811
7742
7232
7686
7707
7385
7104
7084
6659
7617
6655
6532
7629
7712
7356
7497
7795
6986
7572
7226
7107
7508
7054
7208
7380
6500
6528
6582
7577
6966
7369
7103
6945
6892
6748
7650
7736
6674
7732
7117
7428
6600
6737
7603
6583
6804
7109
6803
6758
6887
7304
7101
7779
7390
6718
7570
7124
7293
6641
7007
7311
7235
7059
7543
6647
7398
6786
7136
6953
7282
8230
8576
8591
8536
8044
9079
8568
8428
7888
8996
8054
8843
7806
8539
8369
7937
8449
8106
8727
7925
8562
7850
8231
8360
8831
8504
8636
8619
8482
8020
8683
8871
7914
8444
8426
8705
8384
8396
8802
8019
8911
8140
8204
8975
8944
8156
8361
8148
7804
8986
7947
8956
8914
7977
8912
8301
8378
8073
8743
8453
8606
8181
7829
8813
8840
8117
8978
7848
7997
8625
8364
8179
8251
7875
8256
8059
8884
7859
8077
8300
7905
8908
8827
7917
8926
9020
7953
8462
8777
8242
8765
8681
8448
8665
8408
8994
8525
8844
8865
7942
10300
9431
9602
10067
9553
9250
9536
9242
9127
10367
9713
10397
9351
9620
9942
9895
9567
9545
9152
10272
10351
9643
9371
10279
9829
10008
9254
10387
9463
9616
10378
9735
9759
9568
9271
9438
10176
9767
9389
10082
9499
9544
10298
9763
9779
9290
9920
9612
9130
9631
9370
10304
9326
9752
9259
9642
9456
9245
10098
9926
10100
10026
9339
9216
10312
10001
10359
9758
10002
9913
9915
9409
9177
9444
9587
9632
9206
9609
10186
9664
10242
10047
9278
9109
9844
10245
9222
9159
9905
9938
9107
9476
9276
9897
10365
10091
10077
9403
9880
9774
10739
10871
11046
10965
10985
10769
11057
11140
11139
10757
10551
11453
11469
11586
11367
11440
10525
10977
10938
10559
11027
10805
11018
11180
10934
11604
10448
10611
10775
11402
10891
11514
10696
11204
11039
10773
10503
10491
11084
10512
11446
11238
10727
11423
10463
10813
10864
11477
11007
11278
11192
10982
11289
10895
11362
10690
11533
10702
10714
11270
11304
10718
11176
10476
10432
11613
10418
10810
10879
11025
11016
10615
11055
11333
11239
10802
11590
11679
10624
10507
11397
11486
10408
11500
10519
11257
10555
10959
11053
10790
11172
11330
10819
10550
11303
10744
11162
11229
11637
10699
12896
12281
12796
12558
12387
12324
12068
12314
11888
11812
12389
12194
12048
11953
12346
11936
12967
12906
12208
12592
11900
12847
12433
12963
12256
12669
12630
12311
12206
11918
11973
12144
12315
11817
11999
12248
12474
12678
12850
12924
12419
12055
12582
12670
12027
12799
11772
12607
12541
12032
12313
12207
12450
12598
12566
12766
12703
12016
11898
12263
12860
12292
12021
11881
12548
12753
12617
12702
12071
12911
11810
12458
11837
12267
11965
12508
12246
12156
12188
12820
11811
12334
12418
12717
11943
12693
12287
12994
12912
12153
12253
12763
11731
11765
12362
11844
12613
12663
12949
12675
13655
13912
14221
13221
13526
13943
13568
13375
14270
13278
13431
13506
13223
13027
13822
13033
13213
13826
13296
13102
13859
13073
13541
13866
13803
13891
14028
13009
13428
13923
13331
14228
13462
13049
13015
13817
13231
13185
14131
13067
13550
13973
14029
13434
13290
13694
13380
13155
13779
13986
13055
13276
13404
13546
13569
13508
13807
13334
13202
14095
13760
13941
14045
13975
13177
13101
13353
14116
13579
13786
13194
13500
14089
14286
13457
13238
14082
13671
14102
13402
14062
14061
13466
13358
14098
13239
13712
14139
14245
13315
13892
13261
13559
13214
13330
13256
13900
13834
13718
13703
15564
15499
15069
14727
14560
14991
14576
14957
14432
14983
15584
15272
15190
15307
15475
14720
14405
15251
14328
15112
14895
14852
14377
15013
15279
15061
15550
14744
14355
15515
14831
14519
14566
14456
15157
15017
15247
14754
14903
15565
14880
15169
14759
14935
14800
14446
14665
14465
14981
15353
14730
14644
15072
14447
15412
15533
15178
14774
15328
15414
15006
14321
14614
15184
15258
14992
15210
14633
15355
14389
15091
15390
15230
14568
15159
15294
15548
14642
14953
14335
14531
15409
15216
15235
15360
15438
14832
14680
14918
14764
14989
15200
15035
15276
14437
14510
15345
14937
14580
14683
16351
16670
16092
15999
16651
15648
16729
15944
16206
16751
16178
16002
16478
16510
15995
15926
16610
16635
16847
16408
15624
15650
16337
16714
16627
16422
16753
16527
15888
16750
15913
16252
16150
16039
16172
16244
16227
16315
16549
16713
16049
16741
16132
16558
15607
16386
16104
15698
16763
16723
16435
15640
16521
15783
16370
16550
16141
16451
16532
16431
16067
16158
16175
16439
16145
16669
15674
16177
16698
16289
16445
15603
16083
16298
15669
16423
16333
15613
16486
16612
16501
16489
15911
16240
16631
16538
16316
15833
16616
16282
16583
16334
16795
16719
15817
16676
16703
15682
16756
15715
17253
17059
18100
17589
17207
17555
17620
17839
17094
17734
18087
18095
17761
18195
17168
17304
17905
17770
16927
17506
17407
17848
17047
17124
17723
17985
17166
18009
17608
17289
17083
17651
18077
17828
17599
17080
17705
17575
17448
17321
18143
17800
18184
17494
16940
17358
17043
17704
17332
17755
18175
17033
17805
17181
18008
17998
17968
17078
17740
17667
17383
17077
16925
17298
17411
17540
17764
16961
18161
17516
17853
17244
17091
17861
16963
17064
17163
17469
18058
18062
18180
17897
18073
17859
18156
17113
18160
17161
17670
18075
17812
17829
17027
17934
17436
17106
17832
17810
17613
17988
18591
19320
18538
19301
18475
18639
19231
18450
18577
19412
18416
18749
19282
18872
19467
19362
18245
18958
18867
18780
19369
18335
18949
19086
19167
18275
19009
18692
19016
19025
19256
18730
18276
18801
18485
18350
18352
18265
18803
19330
19096
19251
18464
18470
19057
18349
19265
18679
19331
19379
18888
19285
18877
18917
18253
18724
18721
19351
18576
18434
19378
18586
19381
18517
18709
18961
18944
18657
18594
18695
19168
18262
18986
19353
18223
18634
18451
19477
19332
18783
19146
18536
18526
18617
18332
19013
18819
18491
19420
18811
18964
19153
18337
18239
18232
18535
19334
19028
19223
18213
20402
20683
19652
19849
20138
20732
19762
19554
20521
19809
20498
19528
19527
20348
20597
20229
20097
20736
19736
20754
20234
20730
20432
20719
20652
20714
19738
20525
19808
19900
19813
19654
20643
20224
20585
20393
19748
20044
20572
19533
19815
20703
20445
20094
20739
19777
20476
20631
19937
19773
20612
19538
20104
20757
19645
19806
19515
19751
20350
20558
19681
19655
20325
20087
19600
20098
20096
20458
20451
20776
20626
20184
20103
20305
20717
20029
19701
19862
20339
20427
19794
19986
20404
20157
20241
20327
19629
20735
19791
20275
20564
20454
20546
20741
20406
20054
19939
19891
19888
19687
21871
21288
21014
21232
21424
20914
21936
21580
20907
21900
21786
20856
21301
21987
21098
21547
21298
21391
21728
21591
21427
21884
21247
21959
22010
21109
21913
20928
21491
21358
21773
21737
21879
21147
22003
21995
21914
21850
21645
21904
21272
21916
21252
21795
20969
20859
20876
22037
21099
21457
21572
21291
20880
21906
22032
21153
21637
21989
21385
21378
21724
21257
21923
21530
21273
21124
21996
21048
21784
21189
21340
20839
22080
21699
21345
21381
20844
21265
21523
22034
21155
21025
20945
21198
20951
21076
21399
21843
21709
21469
21152
21041
22089
21365
21736
21561
20935
22043
21142
21312
22280
22529
22389
23034
22401
22198
22836
22664
22477
22975
22430
22533
23258
22861
22113
22559
22618
22169
22458
23388
22155
22358
22621
22874
23073
23109
22770
22229
22543
22395
22620
23040
22336
22800
22796
22315
23265
22849
23007
23340
22889
22409
22998
22831
22602
22115
23248
23225
22789
23378
23350
23390
22433
23263
22154
22960
22408
22614
23101
22676
23036
23166
22405
22190
22417
23111
22750
22400
22134
23103
23014
22284
22826
23325
22372
23013
22359
23083
22633
22868
23363
22589
22103
22119
22898
23321
22553
22489
22208
22977
22682
23245
22631
23285
22302
22385
22791
23006
23147
23183
24308
23677
23942
24057
23878
23856
24468
23786
24471
23462
24299
23884
24542
23744
23723
24372
23646
24061
24438
23762
23481
24680
23792
23868
24165
23796
24158
24211
23425
24236
24694
24333
24237
24085
23453
23981
23440
24593
23979
24455
24452
24098
23678
23538
24054
24104
23891
23565
23576
23544
24037
24553
24196
24525
23941
23633
23443
24607
24146
24574
24359
23523
24188
24250
23617
23430
23991
24523
24378
24271
24528
24634
24021
24051
24186
24521
24234
24287
23730
23547
23620
24546
23650
24014
23569
23915
24298
24266
23798
24679
23629
23664
23837
23485
23906
23820
24112
24092
23892
24683
25081
25466
25048
25841
24765
25164
24892
24990
25818
25571
24992
25364
25519
25248
25405
25550
25838
25177
24774
25217
25725
25185
25411
25934
25681
25581
25972
24741
25505
25106
25616
25022
25623
24869
25656
24800
25568
25396
25605
25532
25499
25197
25826
25148
25094
25677
25258
25363
25244
25372
25660
25328
25791
24954
25323
25068
25922
25111
25787
25278
25389
25827
25927
24846
25475
24919
25789
25955
25460
24952
25988
25158
25221
25932
25982
24975
25307
25868
25072
24867
24743
25759
25901
25778
25958
25625
25636
25490
25836
25230
25180
25058
25662
25078
25354
25256
25588
24983
24993
24957
26321
26952
26262
26559
26064
26046
27050
27122
27106
27003
26188
26458
26946
27216
27067
27293
27088
26831
26243
26159
26213
26155
26599
26387
27073
26460
26008
27069
26516
26989
26621
26210
27297
26879
26647
26568
27115
26547
26753
27111
27226
26517
26664
26873
26237
26475
26875
26170
27072
26604
26577
27170
26953
26535
27062
26720
26164
26135
27104
26896
26012
26222
26189
27085
27294
26940
26725
26373
27112
26730
26596
26729
26283
26500
27101
26050
27279
26004
26791
26653
26465
26052
27272
26102
26569
27268
26888
26287
26019
26191
26811
26067
26716
26823
26017
27204
26441
26437
26207
26031
27354
28427
27528
27652
28586
27392
28215
27483
28553
27318
28368
28042
27361
27309
28367
27364
27726
27504
28518
27895
27607
27462
28301
27968
28133
27873
27349
28184
27572
27700
27949
28055
27488
28028
28271
27425
27760
28598
28083
28436
27588
27971
27474
28031
27980
27879
27899
28437
28376
28012
28041
28278
28262
28404
27938
27819
27741
28051
27410
28309
28411
27457
27712
28216
28013
28520
27664
27946
28502
27743
28233
27531
27381
28354
27641
28592
27715
28176
28203
28115
27887
27701
27788
27817
27881
28171
28442
28300
27576
28075
28389
27831
28292
27911
28223
28151
28078
28035
27327
28015
29347
29447
28694
29280
28849
29446
29452
29208
29229
28650
29576
28905
28958
28717
29644
29077
29660
28635
29427
29793
28705
29183
29412
29824
29354
29639
28922
29898
28756
28620
28995
29150
29326
29858
28896
29404
28906
29455
29036
28776
29186
29254
28739
29822
28651
28796
28636
29314
29341
28783
29342
29064
28812
29740
29187
29222
29032
29481
29062
29737
29555
28952
29567
28682
29873
29857
29003
29193
29191
29026
28663
29723
29536
29037
29061
29611
29140
29285
29687
28628
29501
29812
28808
29772
28903
28840
29387
29791
29499
29461
29181
29566
29364
29604
29756
29385
29434
28970
29338
29760
30213
30983
30235
30286
31097
30366
29979
31025
29927
31127
30659
30725
30190
30019
30857
30455
30388
31050
30329
30701
30318
30104
30199
30755
30999
30742
30579
30881
30379
31060
30285
30865
30281
29982
30805
30909
30052
30835
30262
31173
30216
30580
31164
30762
30516
30273
31076
30393
31155
30568
30943
30439
30400
30732
30344
30974
30821
30717
29983
29954
29955
31027
30589
30680
30335
30830
30640
30482
30152
30425
30815
31039
30801
30775
30702
30526
30851
30416
31078
30088
30911
29911
30447
30290
30461
31021
30924
30868
30951
30136
30570
30205
30794
30085
29944
30270
29922
30844
30132
31089
31279
31325
31669
31433
31706
31843
32074
32429
31618
32262
31788
32154
32150
31972
31960
31851
31299
32373
31764
31302
31499
31442
31961
31637
31441
32113
31845
31746
31934
32306
31531
31660
31301
31957
31491
32102
31521
32334
32174
31390
32049
31560
31218
31699
32471
31900
32264
31701
31954
32210
31731
32062
31449
32201
32379
32170
31471
31273
32248
31278
31797
31641
32295
31430
31715
31536
32455
31677
31571
31798
31742
31322
32128
31668
32357
31464
31451
31925
31465
32374
32204
31997
31271
31884
31324
31862
32361
31912
31661
32386
31424
32146
32230
31977
32452
31334
32321
32151
31206
32477
33496
33744
33070
33142
33444
33632
33208
33763
33258
33052
33177
32979
32616
33556
32759
33197
33466
32853
32966
33579
33160
33065
33132
33589
32996
33236
32804
33754
33777
32894
32721
32575
33001
33756
33011
33149
33643
32895
33122
33348
33038
32607
33578
32699
32760
32845
32512
32550
33254
33450
33204
33056
32786
33126
33225
32565
33061
33239
33653
33567
32776
32617
33461
33519
33168
32982
32601
33535
33604
32579
33694
32521
33584
32986
33318
33018
33112
33162
33723
33256
33428
33580
33331
32832
32923
32798
32828
33540
33366
33068
33402
33715
33757
32511
33295
33131
32532
33698
33045
33658
34627
34469
34231
34013
34247
34335
34197
34479
35045
34626
35023
33990
34731
34713
35026
34430
34057
34905
34383
34085
34589
34379
34015
34494
35052
34064
34694
34164
34478
33807
34920
34780
34452
34556
34759
34706
33836
34829
35014
34755
34781
34981
33815
34476
34624
34874
34830
34111
34218
34395
35069
34850
33906
34259
35043
33928
34403
33912
34816
35034
33919
34550
35083
34939
34851
34612
34992
34490
33900
34088
34222
35048
34187
34396
34870
34472
33910
34003
34127
33915
34684
34778
35044
33872
34211
34584
34285
35040
35056
34145
34651
34137
34702
34818
33811
34393
33911
34881
33961
35003
35643
35949
35471
35757
35619
35414
35956
35403
36182
35743
35666
36265
35714
35472
35499
36256
35607
35486
35655
36232
35717
35763
36254
35872
35677
35688
36285
35109
36063
35838
35684
36138
35831
35311
35998
35544
35644
36016
36326
36135
35179
35934
35495
35527
35829
36115
35185
35462
35514
35443
35480
35648
36013
35417
35107
36171
35355
35770
35581
36062
35196
35999
36215
36247
35260
35957
36155
35671
35477
35279
35515
35195
35293
35173
36111
35267
36040
35739
36098
36252
36317
35241
35204
36339
36033
36133
35547
36018
36304
35521
35823
35914
36088
36381
35937
36359
35806
36323
35723
35554
36680
36515
37380
37472
37105
36795
36697
37286
37159
37598
37295
36453
36501
37416
36630
37412
37426
36681
37079
36989
37140
36561
36829
37390
36572
36516
37002
36647
37353
37615
37658
37110
36584
36514
36682
37441
36553
37646
36981
36401
36786
36995
37356
37049
37074
36923
36588
36714
37561
36949
37166
37289
37096
37138
37003
36578
36563
37094
36687
36458
36818
36692
37101
37541
37678
36761
37038
37164
36957
37298
36590
37341
36837
36519
36945
36550
37550
36975
36658
37665
36639
36741
37121
36420
37362
37584
37640
37600
37082
37187
36977
36706
36429
37240
36510
37619
36939
37291
36668
36941
38496
37852
38363
38760
38291
38702
38391
37702
37941
37950
37877
37748
38034
38632
38337
38820
38565
38944
38582
37842
38663
38454
38073
37781
38417
37804
38513
37944
38098
38434
38744
38983
38124
38711
38657
38814
38756
38168
38558
38266
38308
38520
38187
38978
38624
38433
37946
38078
38428
38636
38929
38853
38348
38936
38042
38228
37795
38883
38618
38647
38512
38728
38614
38908
38793
38767
38604
38085
38149
38649
38957
37810
37818
37871
37709
37933
38325
38121
38010
38563
38648
37763
38341
38144
37815
38300
38410
38136
37822
38157
37997
38361
38831
38296
38839
38490
38640
38579
38332
38672
39456
39760
39495
39930
39457
40249
40264
39050
39459
39112
39353
39100
40095
39781
40142
39739
39453
39317
40092
40148
39772
40096
40291
39766
39096
39188
39399
39682
39177
40182
40032
39586
40276
39116
39946
39076
39241
39374
39642
39921
40038
39101
39489
39204
40027
39571
39788
40290
39661
40197
39581
39192
39706
40190
39685
39814
39015
39587
39932
39398
39528
39275
39501
39753
39905
39955
39419
39074
39568
39067
39176
39362
39653
39488
39251
40144
40230
40160
39791
39170
39091
39986
39408
40054
40166
40183
39736
39388
40149
39304
39956
39774
39138
39000
39487
40066
40076
40122
40296
39247
40348
41227
41323
40306
40650
40470
41084
40964
41025
40416
41109
40692
41414
41512
40927
41026
41224
41529
40695
40848
40973
40356
41185
41169
41133
40387
41574
40880
40651
41399
41452
40968
41469
40556
41010
40325
41254
40740
40476
40313
41243
40783
41591
40820
40975
41463
40509
41101
40482
41087
40338
41245
40943
41062
41431
40413
41324
40565
41128
41136
40337
41598
40664
40844
41471
40474
40606
41131
41322
40492
41018
41130
40307
40486
41272
41159
41260
40716
40935
40502
40590
40324
40676
40314
41198
40374
41020
40587
40548
40688
41332
41033
40839
40770
40693
40684
41417
41093
41218
41533
42608
42508
41893
42556
42369
42624
42308
42221
42660
42595
41836
42609
42701
41711
41854
42865
41925
41623
41906
42447
41857
41757
41876
41996
42448
42073
42148
42729
42890
41900
42172
42344
41973
42371
41657
42097
42851
41634
41734
42535
41965
42164
42554
42725
41838
42163
42779
42317
42621
42350
42613
42464
42730
42727
42747
42417
41988
42894
42855
42274
42436
41954
42775
41667
41613
41725
42341
41787
41903
42256
42149
42586
42271
42206
41606
42351
41994
42707
42465
42545
42421
42328
42247
42402
42763
41866
42740
41978
41991
42578
42026
42854
42217
42313
41684
42422
42242
42584
42047
42425
44036
43796
43906
43499
43178
43637
42915
44145
43893
43826
42985
43158
43692
42977
43797
43896
43398
42920
43345
43256
44082
43820
44143
43775
44017
43084
43553
43697
42947
43399
43978
44039
43291
43824
44132
43969
43308
43885
43846
42962
44052
43267
43475
43567
43523
42914
43794
43190
43881
42937
43867
43951
43066
43243
44074
42955
43643
43456
43223
43129
44120
44146
42990
43257
44068
43868
43046
42923
43198
44147
43758
43874
43364
43459
44028
42992
43543
43765
42967
43136
43068
44037
43681
43977
43534
44025
43101
43484
43334
43071
43408
43079
44049
43769
43577
43760
43759
43995
43818
42941
44257
44415
44571
44827
44233
45354
45179
44661
45036
44326
45168
44568
44785
44692
44577
45044
44581
44411
44361
44251
44426
44828
44616
44572
44627
44357
44664
44320
44916
45176
44883
44576
45011
44972
44370
45169
44335
44990
44230
44373
44365
44782
45467
44401
45465
44805
44514
44412
44283
44658
44619
44987
45042
45352
44314
44744
44930
45076
44214
44558
44409
45130
45420
45001
45029
45484
44491
44221
44313
44309
44923
45224
44629
45192
44418
44421
44276
45421
45315
44368
45235
45476
45108
44980
44557
45159
44840
44648
45014
44779
44615
45282
44912
45271
44878
44566
44248
45101
44773
44237
46546
45611
46689
45985
45873
45898
46752
46434
46569
45771
46222
46581
45890
45665
46612
45882
46528
45969
46725
46377
45623
46034
45836
45811
46228
45919
46248
46308
45715
46392
46450
45910
45542
46387
46314
45661
46049
46742
46023
46242
45733
46433
46553
46391
46303
46607
46731
46042
46666
46048
45860
46177
46000
46120
46650
45905
46166
46645
46652
46667
46076
45925
46127
46580
45662
46679
45833
45535
46165
46099
45668
46219
46320
45787
45710
46279
46037
46007
45705
45865
46625
46503
46087
45839
46243
46210
46366
46540
45999
46265
45840
46092
45651
45961
46651
45560
46249
46121
45627
46489
46975
47598
47943
47758
47956
47462
47770
47873
47195
47708
47116
47365
47069
47777
47070
47339
46800
47383
47994
47060
47271
46946
47067
47138
47632
47860
47327
47304
47827
47027
46907
47453
47722
47642
47878
47823
46970
47032
47016
46825
47899
47213
47212
47080
46891
46955
46858
47045
47533
47776
46951
46990
47126
47025
46915
47243
47560
47003
47115
47987
47898
47941
47804
47618
47306
47314
47311
47291
47256
47703
47260
47661
47557
47691
47565
46823
48046
47258
47556
47977
46954
47104
47988
47914
47837
48071
47564
47466
47614
46824
47148
46982
46830
47766
47986
46926
47323
46985
47429
46888
48356
49040
49056
48203
49377
49066
48631
48421
48269
49069
48861
48665
49398
48797
48903
49114
48757
48544
48343
48390
48438
49328
48810
49030
48840
49073
48202
48186
48575
48413
48293
49162
48241
49095
49072
48280
48139
48109
48495
48102
49208
48306
49380
49255
48366
49071
48485
48603
48886
48255
48131
48658
48496
48629
48274
48859
48396
48348
49334
48159
48535
49080
49170
49345
49215
48389
48441
48138
48605
48782
48368
48458
48569
49126
48832
49099
49245
49039
48385
49163
48785
48731
48142
48778
48589
48773
48414
48532
49273
48752
48265
49181
48242
49154
49016
49044
48743
48283
49375
48243
49918
50048
49503
50428
49631
50663
49991
50413
50550
50172
50691
50365
50441
50552
50314
50181
50057
49505
50347
50127
50425
50107
50607
50098
49543
49587
49915
50455
50612
50385
50209
50279
49575
49822
50160
49441
49481
49551
49557
50443
50110
50070
49711
49917
49773
50513
50290
50305
49906
50196
50438
49424
50170
50348
50363
49434
49588
49904
50603
49681
50501
50426
50136
50547
50027
49751
50194
49746
50618
50166
50448
50015
50227
50035
49721
50111
50497
50167
50174
49975
50223
50670
49753
50379
50483
50474
49641
49607
49913
49829
50699
49943
49730
49564
50225
50657
50690
49494
49459
49654
50802
51880
51920
51013
51850
50946
50880
51862
51767
51615
50781
51565
50998
50891
51637
51625
51040
51177
51335
50734
50791
51014
51126
50830
51470
51560
51883
51812
51376
51192
51385
51502
51926
51888
51204
51253
51979
51566
51942
51915
50892
51074
51377
51104
51609
51755
50942
51143
50917
51152
51097
50712
51432
51018
50787
51825
51837
51956
51081
50977
51394
50757
51852
51848
51116
51815
51813
51052
50932
51873
51198
51462
51004
50980
51369
51354
50759
50713
51019
51503
51464
51914
50888
51742
51183
51077
51145
51157
51685
51981
50814
51616
51284
50928
51822
51255
50771
51778
51515
51943
52770
52886
52498
53039
52307
52373
53025
52997
52266
52619
52370
52935
52031
53221
52017
53287
52605
52456
52305
53223
52167
52010
53294
52564
52902
52679
52766
53237
52097
52812
52711
53088
52688
52354
53043
53176
52227
52244
52872
52378
52832
52368
53236
53041
52792
52859
52240
52212
53083
52870
53208
52379
52422
52950
52789
53244
52350
52954
52187
52412
52123
53056
52669
52923
52434
52676
52810
52156
52537
52090
52775
52632
52921
52733
53215
52033
52823
52189
53267
52671
52561
52943
52782
52477
52687
52824
52114
53137
52599
53249
53109
52983
52286
52184
52376
52505
52715
52060
52961
53258
53461
53804
54359
53344
54517
53754
53546
53464
53979
54241
53691
54510
54140
54053
53650
54445
53662
53583
54394
53598
54358
54017
53909
54290
53910
54000
54066
54106
54099
53442
54064
53770
53657
54389
54435
54513
54240
54484
53497
53863
53807
54357
53434
54238
54371
53311
54034
54061
53563
53564
54152
53332
54010
53959
54577
53569
54127
53373
54342
53578
53747
53364
54348
54033
54100
53386
53942
53658
54350
53611
54227
53413
54469
53479
54568
53347
53715
53478
54121
54091
53913
54118
54116
53624
53841
53482
54244
53368
54047
54454
54501
53585
53340
53608
53376
53410
53872
53751
54322
54413
54605
55104
55163
54941
55717
55247
54809
54944
54699
54705
55341
55632
54967
55209
54832
55612
55217
55122
54835
55045
55825
55566
54714
54777
54735
55030
55115
55496
55734
55559
55092
55684
55119
54950
55167
55859
55864
55372
55453
54655
55698
55587
55869
54756
54838
55232
55182
54791
55069
55833
55610
55556
54768
55203
55206
55374
55089
55444
55821
55300
55285
55035
54927
54910
55192
55776
55224
54965
54855
55725
55712
55571
54948
55430
55481
54887
54837
54722
54977
55820
55230
55245
55130
54627
54647
55759
55229
55305
55693
54660
54795
55041
55890
55574
55652
54692
55699
55622
55475
55044
55933
56968
56537
56363
56242
55915
56639
56353
57139
56665
56864
56589
57059
57041
56611
56340
57151
56193
56772
56467
57185
57152
55984
56465
56848
56785
56100
56399
56370
56469
56835
56445
56716
56725
57173
56777
56111
56972
56025
56134
56668
55926
55942
56276
56597
56263
57096
56305
56442
57076
56438
56540
56142
55925
55986
56677
56868
56794
56307
56434
56869
56910
56797
57182
57082
57100
56421
57013
56991
56995
56456
56858
57033
56121
56053
56265
57069
57011
55953
55903
56390
57113
57083
56068
57171
56709
56881
56959
56049
57135
56703
56855
56761
56663
56198
56149
56314
56791
56410
56133
58491
58072
57446
58273
57364
57684
57776
57263
57592
58202
57758
58030
57221
57706
57864
57843
57416
57975
58243
57661
58062
57869
57901
58494
57227
57918
57816
58294
58274
57536
57687
58293
57958
57678
58058
57246
58415
57344
57211
57769
57986
58229
57562
58489
57955
57373
57777
57481
57394
58182
57766
58247
58268
57345
58178
58017
57454
57254
57633
57876
57813
58291
58173
58306
57739
57682
57686
57474
58086
57851
58410
57241
57711
58060
57675
57723
57599
57911
57368
57904
57525
58222
57617
57973
57746
58225
57972
57771
57610
57785
57703
57521
58421
57648
58490
57792
58002
58439
57420
57214
58905
58812
59726
58614
59764
59213
58762
58576
59114
59437
59344
58940
59333
58524
58686
59639
59111
58766
59432
59255
58971
59009
58899
58816
59709
58771
59644
59366
58606
59515
58557
59587
58506
59471
58966
58765
59182
59400
59086
59197
59590
58531
59161
59606
58754
59223
58733
58626
59774
59067
59178
58805
58890
59169
58950
59665
59780
59660
59599
59402
59062
59443
58764
59017
59782
58811
59220
59360
59315
58675
59033
58518
59761
59513
59442
59741
58935
59530
59340
59241
59254
59740
58838
58742
58647
59759
58600
59131
59173
59097
59393
59264
58548
59664
58843
59702
59180
59671
59652
59480
59886
60758
60393
60378
60655
60658
59841
60293
60315
60226
61051
60680
60117
59894
60030
59975
60564
60427
60616
59968
59810
60763
60955
60289
60829
59846
60544
60688
60709
60042
60916
60105
60040
60604
60918
60773
60685
59934
60110
60808
60991
60999
60903
60131
60968
60371
60321
60637
60417
60846
60486
60874
60507
60492
60167
59866
60258
60200
60650
60633
59835
59916
60537
60331
59814
60364
60162
61047
60428
59973
60779
60221
60973
60001
60646
60505
61080
60211
60897
60632
60751
59833
60522
60339
60081
60195
60504
60309
60677
59998
60713
59900
60669
60432
60703
60796
60253
60988
60435
60997
62109
61394
62105
61831
61302
61532
62055
62011
61393
61828
61416
61315
62274
61201
61790
61520
61957
62006
61651
62335
61645
61623
61714
61632
62147
62389
61650
61198
62178
62143
62246
61543
61421
62158
62270
61250
61254
61429
62264
61330
61852
61332
61518
61353
62114
61680
61413
61770
62010
61886
61807
62368
61483
61698
61417
61586
61719
61583
61227
61778
61699
62388
62276
61582
62086
61294
62113
61844
61460
62317
62028
62382
61776
61158
61690
61447
61639
62367
61450
61454
62153
61736
62223
61575
61691
61169
62310
61162
61787
62330
61670
61915
62040
61937
61439
61191
61432
61123
62138
62238
63636
63077
62417
62441
62500
63493
63306
63404
63525
62785
62749
63176
63434
62557
63090
62567
63148
63322
62939
63112
62935
63371
62960
63370
63499
63483
62595
63332
63357
63237
63692
63179
63658
63690
63695
63647
63225
62792
62502
62888
63514
62622
63400
63201
62767
62655
63526
63538
62675
63116
63073
62540
62718
62862
63497
62651
63034
63672
62549
63182
62919
62719
62830
63205
62546
63367
63067
63667
63519
63487
63590
63639
63494
62769
63655
63109
62547
63329
62423
62426
63634
62848
63348
62907
63677
63103
63522
63697
63254
63416
62475
63001
62565
63427
63171
63454
63153
63050
62896
62466
63929
64916
64778
64812
64373
64979
64727
63868
63882
64920
64748
64554
64012
63951
64304
63802
64027
64833
64147
64956
64081
64198
63891
64674
64181
63723
64800
64357
63839
64363
64041
64654
64972
64709
63843
63713
64376
64497
64520
64535
63733
64798
64647
64868
64652
64123
64018
64873
64832
64262
63911
63954
64966
64974
64071
64574
64568
64491
64698
64164
64734
64844
64994
64460
64862
64969
64470
64416
63807
64551
64751
64178
64878
64040
64431
64627
64239
64526
64587
64548
64524
64347
63887
64804
64319
64341
64765
63750
64504
64931
63935
64179
64749
64908
64321
64889
64449
64140
64782
64912
65610
66241
65077
66129
65981
65909
65257
66163
65532
65879
65053
65105
65494
65227
65698
66045
66272
66079
65773
65889
65997
65706
65336
65059
65186
65828
66174
65223
65673
65804
65933
65166
65731
65687
65320
66024
65534
66256
65130
65797
65184
66219
65757
65848
66170
66169
66143
66172
66050
65793
66048
65393
66030
65551
66057
65699
65718
65103
65018
65207
65682
65871
66187
65669
65660
65056
65341
66042
65536
66285
65155
65738
65710
65100
66072
65802
65308
65976
66276
65611
65442
65110
65782
65234
65552
65070
65695
65011
65571
65642
65506
65715
65255
65286
65881
65483
65450
65744
66117
65555
66396
67232
66417
67057
67476
66943
66352
67253
67465
66544
66584
67148
67058
66828
67128
67294
66556
66893
66906
66778
67396
67522
66540
67343
66583
67357
66407
66897
66799
67409
67335
66653
66638
66934
67468
67109
66571
66993
67572
67305
66341
66685
67233
66517
67036
66756
67447
66845
66879
66308
67228
66560
66614
66800
67573
67029
66727
67146
67009
66416
67410
67135
67565
66717
66907
66885
67255
66846
67045
67578
66947
67297
66963
67531
66854
67554
67260
66698
66736
66402
67544
66465
67466
67418
66938
67517
66445
66836
66312
67257
66928
67497
67028
67560
66835
67210
67372
66461
67123
67319
67701
68463
67967
68194
68514
68591
68886
67958
68581
67677
67679
67957
68531
68861
67708
68795
67754
68598
68049
68424
67735
68334
67936
68824
68553
68060
68462
68207
67625
68123
67763
68755
68182
67801
68527
68442
68643
67750
68602
67884
68734
67942
68218
68125
67810
68887
68779
67849
67740
68447
68390
68164
67822
68635
68476
68241
68322
67648
68348
68686
67797
68335
68813
67672
68059
68647
68805
67624
68880
68892
68716
68765
67652
68461
68676
68078
68729
67992
68153
68626
68297
67636
67951
68326
68107
68665
68898
68451
67914
67667
68063
68641
68027
68766
68664
68667
68709
68738
68739
68496
69340
70093
70174
70069
69918
69144
70112
70083
69387
70152
69818
69815
69868
69886
69047
69739
69070
69619
69424
69150
69303
69255
69870
69625
68974
69618
69451
69268
70101
69400
69045
69873
69713
69966
69940
69594
69251
69640
69479
69600
69180
69880
69995
69338
69972
70184
70068
69649
69453
69443
69175
69364
69527
69368
69802
69541
69082
69450
70039
70095
69305
69234
69727
69824
69264
69745
69207
69415
68981
69001
70168
68994
69280
69521
69257
69516
69465
69549
69223
68962
69684
69156
70193
69786
69099
68982
70025
69123
68988
69480
70147
69318
69874
69757
69811
69328
69854
69181
70085
70130
71115
70849
70389
70852
70457
70584
71114
71184
70819
70671
70590
70633
70736
70335
70986
70469
70311
71417
70891
70297
70964
71042
70932
71179
70742
71365
71267
71153
70549
71187
70578
70813
70388
70744
70821
70610
70328
71306
70759
70534
71192
71343
70463
70585
70416
71328
70784
71145
70842
71408
70503
71333
70302
70519
70277
70258
71386
71388
71405
71058
70200
71127
71240
71160
70343
70495
70401
70664
71182
70349
70481
70203
71441
70737
71049
70315
70308
71098
70263
70680
70306
70997
70799
70205
71313
71169
71398
70654
70777
70789
70834
71326
70963
70512
71296
71117
70303
71111
71380
71491
72138
72577
71667
71961
71949
72179
72608
72475
72137
72660
72602
71726
71850
72190
72661
72328
72544
72249
72053
72564
71564
72117
71986
72300
72663
71689
72274
72248
72301
71831
72426
72233
72624
72792
72281
72483
72253
72347
72285
72056
72381
72209
71908
72502
71786
71740
71924
71759
72025
72160
72512
72244
71894
72420
72790
72070
71504
72213
72000
71782
71959
72510
72169
72456
72581
71907
72017
72494
71895
72708
72461
72668
71656
72150
71688
71626
72049
72293
71711
71751
72431
72495
71599
72540
72616
72640
72595
72118
72230
71971
72649
71818
72472
71746
72284
71950
72659
72626
72178
71822
73628
73554
73492
73732
73401
73302
73347
73746
73060
73301
73690
72845
72877
73984
72842
72914
73042
73408
73011
73303
73976
73615
74024
73467
73200
73864
73909
73879
73078
73537
73979
73367
73304
73368
73194
73365
74082
73870
73925
72917
72913
73493
73258
72941
73961
73675
73381
72873
73448
73561
73009
74033
73824
73462
73103
73182
73571
74095
73027
72849
73876
73830
73349
73208
73862
74055
73817
73907
73503
73711
73567
73145
73289
73836
73240
73792
73558
73117
72931
73104
73516
73230
73465
73406
73619
72848
73709
73632
73969
73647
73786
73316
72860
74020
72960
72965
74054
73068
73527
73594
74831
74313
74477
74688
74337
74446
74377
75126
75221
74541
74600
74808
75319
74667
74301
74577
74432
75069
74719
74784
75146
74818
75001
74608
74838
74699
75211
74501
74943
75071
74858
74442
75390
75108
74964
74183
74521
74427
74589
74743
75120
75077
74147
74899
74330
74127
74948
74393
74253
75067
74894
75399
74472
75345
75014
74500
74817
74581
74878
74503
74526
74908
75302
74383
74107
74406
75267
74221
75208
75328
75181
74958
74864
75355
74335
74923
75197
74905
74911
74323
75304
74799
75323
74231
75295
74326
74895
74420
74480
74776
74564
74175
75344
75064
74244
74379
74770
75386
75307
74285
76181
75918
76290
76463
75818
75591
75461
76080
75501
75822
76623
76656
76324
75854
76651
75806
76397
75545
76273
76206
75993
76355
75933
75507
76521
76394
75871
76421
76259
76339
76569
76419
75425
75464
75502
76142
75817
76043
75807
75777
75400
76135
76636
75762
76514
76124
76245
76588
76243
75412
76235
75889
75981
75583
75517
75553
76481
75596
75577
75734
76272
76240
76640
76238
76192
76390
75612
76488
75592
75544
76334
76283
76567
76571
76072
76431
76619
75799
76270
76383
76680
75928
75977
75873
76161
75941
76462
76352
76530
75510
75852
75678
76692
75567
75563
75410
75647
75753
75522
75491
77388
77966
77844
77898
76828
77831
77640
76850
76941
76715
77676
77154
77443
77343
76989
76948
77821
77951
77956
77633
76763
77685
77243
76938
77873
77782
77672
76869
77725
77249
77783
77425
76733
77300
77527
77293
77326
77622
77471
77611
77940
77879
77340
76707
77501
77791
77004
77358
76963
77931
76788
77755
77781
77892
77082
77904
77778
76728
77259
76792
77221
77186
76805
76867
76721
76776
77620
76703
77807
77887
77916
77874
77319
77429
76978
76786
77378
77750
77454
77380
76946
77284
77785
77238
77121
77591
77038
77428
77876
77179
77335
77016
77212
77263
77758
77695
76700
77945
77841
76762
78349
78102
78098
78983
78094
78209
78671
78230
79099
78218
78454
78936
78746
78825
78364
78323
78743
78901
78960
79083
78686
78053
78380
78217
79058
79265
78714
78910
79241
78647
78944
78610
78637
78508
78853
78563
78634
78028
78811
78013
78382
78580
78383
78188
78839
78158
78390
78996
78703
78851
78353
78379
78415
78481
78583
78180
78251
78755
79295
78535
78216
79126
78742
78599
78727
78244
78060
78767
78491
79013
78611
78652
78374
78822
79032
78711
78675
79115
78509
78483
78724
78573
78285
78935
78051
78951
79153
79250
78733
78457
78130
78841
78518
78126
79097
79106
78990
78543
79026
78243
79536
80593
79971
79313
80507
79420
79717
80263
80349
79723
80403
79796
79606
79374
79712
80408
80562
80095
80531
79798
79878
80117
80148
79409
79683
79396
79518
80190
80021
79917
79932
80548
80182
80126
80336
80319
80135
79326
80177
79833
80068
79534
79803
80008
79636
80422
79584
79482
79915
79528
79792
79598
79555
80540
79674
80144
79857
79773
80089
79475
80481
79660
80116
80545
80054
79856
79920
79532
80465
79876
79557
80445
80400
79631
79540
79338
79573
79565
79388
79948
79568
80017
80387
80385
79673
79589
80029
79736
79458
80390
80503
79545
79718
80198
79830
79834
79579
80203
80262
80434
81760
80952
81739
81892
81671
81614
81108
81205
80960
81427
81847
81256
81118
80771
81809
81078
81421
80769
80634
81870
81280
81789
81628
81803
81690
81563
81498
80863
80637
81185
81485
81231
81192
81678
81551
81111
81124
80672
80737
80819
81447
81604
81233
80635
80934
80703
81534
81644
80877
81134
80772
81391
80918
81113
81031
81473
81820
80602
81033
81068
80714
81144
81254
81793
81465
80657
81867
80987
80706
81147
81679
80997
81438
81784
81184
80664
81444
81169
80765
81586
80761
81377
81852
81329
80866
81213
81502
80797
81680
81732
81025
81651
81779
81643
80783
81165
81439
81869
81044
81460
82628
82043
82973
82986
81986
82448
83178
83113
82272
81971
82809
82557
82920
82083
82107
83132
82882
82506
83125
82864
82850
82376
82067
82039
81983
82222
82275
82764
83121
83091
82060
82122
82371
82734
81929
83143
83021
82915
82765
82631
82195
81952
82898
82001
82848
82134
83112
81972
82897
81909
83140
82080
82364
82747
81913
82409
81934
82970
82313
82813
82836
81981
82756
82029
82370
82145
82778
82461
82434
82352
81997
82856
81939
82462
82286
83070
82845
82605
82256
83044
82325
83099
83039
83142
82822
81989
82689
82093
82656
82333
82522
82502
82421
82741
82867
82342
82717
82534
82958
83135
83403
83634
83363
83668
83402
83213
83838
83807
84396
84467
83844
83767
83820
83681
84049
84416
83407
84225
83526
84465
83431
83308
83830
83445
84477
83949
84246
83842
83964
83852
84094
83882
83845
83525
83651
83537
83268
84463
83793
83331
83851
83700
83729
83393
83460
83338
84046
83255
83244
83276
84319
84326
84219
84164
84447
84251
83306
83891
83606
83831
84047
83660
84169
83809
83332
84257
84015
84165
84106
83200
83872
83271
84493
84432
84234
84293
83219
84146
83560
84340
83493
84499
83839
84199
83655
83813
84144
84455
83345
83773
84391
84373
84235
84077
83258
83374
84016
83757
84452
84111
85582
85356
85345
85266
85545
85578
84689
84997
85354
85513
84757
85429
85334
85670
85601
85687
85332
84751
84520
85458
85650
84632
85280
85388
85658
85321
84819
85521
84885
85191
84738
85206
84536
84642
85210
85174
85406
85787
84617
84936
84841
84603
85223
84742
85260
84780
84875
85772
85695
85061
85597
84754
85481
85034
85108
84512
84568
84585
85347
85704
85087
85227
84744
84701
85439
84613
84518
84976
85247
84908
85142
84588
85412
85139
85209
84932
85025
85233
84528
84746
85674
84919
84888
85591
85301
84580
84899
84910
85339
84922
85755
85374
84501
84803
84920
84622
85423
85580
84630
85172
86879
86412
86474
86933
86229
86369
86086
86167
86159
86709
86893
87000
85872
86396
86135
85882
86793
87044
86448
86364
86110
86192
86214
86613
87003
86246
86996
86831
86259
85918
86227
86506
87011
86919
86948
86526
86365
86476
86138
86184
85867
86029
86428
86354
86742
86292
86090
86851
86298
86589
87032
86993
86398
86678
86545
86901
85913
86660
86156
85862
86774
86451
86706
86308
86327
86372
86294
86224
86887
86859
86528
85838
86213
85892
86462
86264
86712
87061
87087
86455
85888
86837
86930
85910
85826
85976
85935
85989
85883
86411
86675
86916
85988
86072
86807
86366
86701
85991
86125
86450
87248
87407
88026
87870
87677
87686
87927
87578
87450
87660
87876
88040
87485
87556
87998
87874
87306
87985
88308
87131
87340
87913
87922
87581
87132
88368
87215
88275
87317
87260
88278
87362
87678
87764
87320
87517
88073
87480
87871
88384
87289
88337
88108
87285
87356
87758
87187
87316
87537
87310
87789
88307
88295
88090
87372
87665
87575
87553
88223
88225
87333
87658
87811
88018
88000
87580
87205
87468
87295
88151
87609
87820
88063
87479
87245
87722
87410
87828
88392
87223
87338
87623
87650
87118
87891
88270
87376
88264
87429
88119
88219
87188
87546
87121
88319
88184
87747
87302
88124
87879
89570
89634
89607
89101
88696
88752
89304
89224
89368
89035
89512
89147
89402
89640
89422
89568
88451
89105
89441
89418
89115
89060
89315
89184
88704
89465
88945
88422
88791
89236
88962
88904
89264
88565
88408
89563
89014
89127
88737
88679
88546
88748
88749
89161
88611
88426
89586
89620
89573
88850
88615
89501
89356
89237
88627
88786
89300
88686
89173
88445
88726
89691
89589
88597
88985
88468
88739
88824
89057
89113
88428
88450
88866
89527
89054
89491
89069
88622
88419
88906
89375
89588
88767
89195
88798
88983
88841
89365
88988
89564
88710
89178
89018
89123
89580
88754
89149
88511
89097
89438
90919
89857
90665
90263
90092
90721
90521
90224
89732
89927
90376
90422
89851
90293
89887
90998
90390
90465
90610
90932
89801
90472
89804
89972
90716
90926
90204
90488
90957
89805
90953
89810
90352
90995
89878
90938
90960
90545
90848
89955
90836
89817
90802
90279
90066
90083
90663
90231
90026
90009
89873
90252
90048
89850
90186
89768
90155
90065
90928
89924
89843
90125
90758
90782
90327
90316
90688
90921
90737
90284
90719
89781
90416
90208
89916
90524
90282
90140
90372
90815
90571
90107
90141
90778
90653
89864
90481
90907
90230
90952
89957
90540
90662
90249
89764
90697
90164
90492
90356
89766
91360
91810
91111
91364
91403
91455
91861
92034
91298
91321
92270
91459
92074
91009
91194
91442
92198
91688
91837
91505
91348
91213
91620
91910
91469
91514
91841
92229
91749
92039
91138
91898
91146
92102
91393
91130
91250
91530
91247
91769
91673
92095
91374
92064
91434
91650
91670
91932
91799
91476
91354
91592
91655
91179
91776
91506
91699
91133
92145
92041
91464
92104
91278
91540
92259
91445
91851
91090
91487
92152
91496
91894
91242
91262
91585
91447
91710
92159
91551
91619
91481
91482
91630
92000
91775
92128
91689
91828
91934
92177
91559
91018
91978
92045
91569
91548
92234
91132
91625
91911
93472
92786
92762
92572
92687
92943
93489
93412
93462
93480
92915
92866
92645
93517
92771
93314
93261
93518
93129
92465
92346
92979
93542
93109
93526
92944
93576
93149
92640
93486
92381
92612
93172
92385
92848
93042
93515
92371
93470
92766
93310
92830
92525
92888
92595
93179
92301
92946
92302
92816
93017
93444
92876
92535
93400
93409
93032
92867
93548
92480
93436
92907
92901
93481
93196
92956
92510
92877
93585
92365
92317
92832
93349
92813
93099
92906
93051
93093
92499
92892
92609
93569
92864
92715
92663
93071
93299
92461
92541
93359
93442
93449
93164
92316
92656
93550
92668
92857
92605
92814
94266
94616
93717
94349
93958
93679
93645
94796
93983
94743
93721
94011
94352
94539
94879
94275
93733
94050
94298
94833
93622
93997
93964
94737
94015
94365
93963
94716
93780
94756
93980
94766
93915
94603
93813
94289
94620
93698
94278
94495
94293
93630
94145
94238
94820
94696
94597
94236
94316
93838
93825
94761
94121
94546
94253
94070
94777
94396
93732
94267
94654
94860
94478
93747
94729
94181
93965
93792
94226
94353
93907
93869
94346
94872
94401
94885
94538
93725
94124
94205
93742
94334
94472
93868
94189
94632
93729
94383
94151
93990
94537
93673
94045
94650
94601
93851
94272
94898
94031
94424
96010
94984
95882
95820
96184
96183
95475
94944
96179
94938
96025
95736
95438
95325
96079
95242
95833
95079
95400
95168
96041
94900
95635
95791
95657
95127
95795
95247
95248
96047
95377
95383
96157
95622
95037
95877
96174
95398
95541
94927
95199
95172
95841
95523
95226
96059
94983
96130
95374
95714
95327
95616
95417
95404
95844
96034
96028
95067
95216
95039
95908
95610
95716
95053
96115
95674
95125
95717
95934
95836
96093
96009
95477
95212
95352
95679
95965
96105
95143
94950
95182
95777
95748
95495
94972
95024
95632
95749
95723
96016
95886
95869
94931
95197
96180
95640
96054
95842
95261
95362
97179
96400
96964
96544
96563
96716
96343
96815
97150
96567
97468
96558
97069
96323
97203
96981
97086
96218
96719
97251
96614
96771
96281
97168
96584
97278
96691
97029
96794
96971
96480
96844
97190
97354
96603
96530
96946
97349
97197
96774
96899
96232
96924
97090
96533
96361
97371
96582
97302
96696
96402
96441
97310
96955
96846
96803
96304
97103
97295
96366
96684
97342
96791
96516
97428
96866
97394
96406
96683
96905
96673
96243
96703
96824
97467
97449
96988
96328
96934
97472
96326
97163
96564
97411
97056
96686
97460
96962
97012
97073
97307
96339
96221
97207
96387
96645
96612
97072
96469
97266
98713
98626
98351
98191
98758
98463
97819
98018
98476
97715
98270
98401
98019
98171
98356
98276
97908
98754
98542
97935
98529
98625
97583
98370
97842
97992
98275
98595
98119
98286
98255
97613
98562
98510
97736
97616
98460
98635
98165
98569
98143
97959
98271
98730
98550
97878
97930
97887
98419
97580
97624
98111
97640
97714
98680
98158
98203
97600
98317
97945
98619
98456
97929
98031
98777
98679
97538
98567
97767
97502
97864
97587
98741
98102
98751
98573
98604
97832
98725
98166
97650
97804
98771
98192
98346
97506
97589
97874
98556
98155
98118
98773
97773
98086
97983
98761
98493
97607
97973
97963
98972
99244
99249
99868
99831
99173
99620
98928
99659
99902
99717
99519
99969
98961
99663
99696
99642
99538
99491
100019
99369
99753
99105
98936
99290
99911
99697
99080
99280
99980
98930
99723
99915
99083
99733
99551
99562
99703
98835
99174
99936
99314
99248
99667
99015
98939
99507
99957
100057
99397
99602
100000
99208
99308
100098
99626
99446
99450
99285
99922
98953
99068
100081
98942
99692
99374
99556
99393
99633
99560
99435
99511
99925
99151
99809
99962
99318
99939
99243
99677
99378
100091
98941
100064
99392
98810
98962
98915
99427
99391
99843
99351
99384
99946
99670
99918
99850
99153
99548
99058
101316
100642
100812
100256
100223
101133
101319
100246
101398
100410
100163
101125
100357
100638
100294
101136
101184
100754
100370
100329
101303
100304
101143
101392
100203
100691
100266
100874
100331
100637
100206
100448
101300
100708
100616
100879
100960
101386
100623
101256
101301
100567
100746
100288
100559
101074
101071
101332
101325
100864
100421
100308
100982
100271
100681
100569
100922
100875
100474
101322
101061
100218
100729
100130
100860
101338
100117
101293
100406
101377
100456
101296
100139
100366
101085
101185
101115
101163
100477
100625
100397
100430
101374
101057
100483
100155
100945
100578
100458
100349
100971
100880
100692
100846
100533
100373
101049
100108
100563
100534
101911
102406
101617
101925
101967
101778
101709
102395
101999
102230
102226
101524
102056
102184
101582
101484
101480
101905
102380
102223
102569
102680
102666
101475
101563
102389
102512
102285
102420
101551
102196
102490
102432
102369
101734
102346
101950
102228
102504
101957
102524
101845
102507
102433
102182
102107
101497
101604
102069
102588
101664
102594
101998
102409
101578
102354
101526
102247
102119
101449
102181
102173
101520
101871
101795
102110
101472
101994
101742
102270
101765
101754
102032
101930
102574
102210
101661
102348
102593
101794
102462
101647
101646
102447
101804
102292
102030
101402
101536
102161
101466
102238
102113
101672
101561
102438
102212
101946
101982
101711
102741
103735
103127
103951
103401
103377
102825
102775
103795
103064
103849
103073
103368
103564
102839
103520
102923
102896
103581
103749
103877
103188
102759
103496
103905
102881
103076
103334
102991
103433
103524
103049
103982
103549
103914
103708
103078
103480
103666
103046
102891
103392
103324
103913
103863
102808
102763
102730
103667
102715
103676
102727
103341
103840
103212
103194
103967
103483
103940
102886
103831
103021
103303
103607
102915
103530
103207
103574
103852
103771
103115
102906
103201
103090
103083
103545
103578
102812
103558
103701
103486
103532
103456
103474
103827
103431
103763
103601
103691
102901
103192
103766
102997
102949
103193
103937
103374
103066
103383
103442
104069
104373
104889
104891
105163
104061
105278
104570
104833
104810
104240
104912
104412
104466
104370
104545
104513
104276
104220
104625
104099
104733
105060
104265
104644
104148
104837
104702
104467
104264
104241
104482
104986
105174
104111
104738
104480
104076
104437
105073
104402
104008
104492
104595
105215
104376
104425
104110
104419
104413
104524
104195
104439
104317
104115
104803
104829
104558
104962
104323
104629
104360
104278
105012
105137
104252
105150
104017
104940
104401
105151
104586
104491
105218
104428
104720
105000
104847
104473
104102
104593
104920
105071
104619
104554
104363
104779
104193
104229
104730
104816
104686
104362
104836
104717
104155
105180
104818
104627
105067
106083
106596
105458
105408
105669
105615
105866
106249
105963
106312
106100
105812
106196
106353
106308
106494
106510
106049
105975
106453
106195
105933
105714
105731
106358
106126
105544
105546
105393
105591
105650
106514
105655
105425
106018
106184
106192
105560
105909
106402
105913
106475
106338
106127
105692
105766
106073
105628
105305
105439
106556
105367
105314
105527
106024
106212
105833
105327
106385
105885
106446
105592
105500
105559
105884
105405
105359
105896
106443
106307
105558
106337
106486
105857
105685
106194
105561
105730
105479
105660
105537
106107
105388
105402
106403
106568
105802
105809
105900
106334
105306
105968
106377
105677
106520
105848
105855
105626
106476
106383
107510
107353
107116
107526
107656
107181
107678
107134
107763
107486
107896
106943
106970
106783
107638
107276
107752
107614
107149
106849
107393
107201
107742
107364
106870
107833
107786
107083
107731
107708
107538
107001
107195
106659
107263
106674
107381
107811
106952
107031
107287
106676
106842
106831
107472
107715
107548
107041
106636
106792
107542
107677
107063
107861
106646
106925
107443
107494
107817
107027
107562
106760
107248
107643
107334
107127
107491
106765
107757
106773
107358
106769
107590
107520
107009
107492
107186
107428
107767
107462
107419
107769
107008
107243
106699
107341
107478
106750
107475
107404
106761
106601
107583
107692
107412
107865
106852
107205
106856
107251
108287
108630
108856
108517
107962
109170
108459
108095
108435
108652
109162
109193
108506
108082
107975
108993
109005
108342
108447
108729
107965
108826
108916
108017
108613
108773
108128
108430
109067
108513
108308
108317
108269
108123
108739
108798
108654
108664
108515
108766
108465
108167
108471
108600
108880
108414
108902
108678
107950
109156
108117
108522
108518
108445
109044
108044
108035
108069
108063
108303
107916
107908
108396
108651
108771
108928
108339
108945
108628
108225
108146
109134
108011
108714
108942
108373
108432
108750
108019
109072
109028
108006
108356
108464
109164
108606
108024
107909
108428
108648
108060
108587
108999
108932
107933
108161
107947
108560
108484
109023
109683
110338
110042
110354
109530
110293
109837
110405
110240
110263
109833
110290
110467
109624
109704
109619
110117
110124
109487
109265
110369
109979
109868
109251
110499
110001
110144
109897
110490
110148
109456
110076
109835
109441
109567
109991
109844
110140
110085
110460
109622
110301
110088
109811
109764
110224
109432
109597
110496
109872
110245
109715
109572
110196
109673
110436
110330
109720
110304
109701
110318
109760
109974
109831
109958
109698
109858
109888
109206
109494
110386
109934
110060
109367
110116
109478
109759
109604
110432
109384
109996
109427
109957
110446
110348
110281
110211
110421
109655
109679
109397
109744
109600
110231
110406
109886
110280
109208
109253
109502
111355
110503
111061
111283
111589
111699
111003
111773
111076
110616
110902
110754
110954
110586
111324
110888
111428
111134
110540
110622
110677
111515
111083
110723
111728
111723
111338
111766
110534
111520
110644
111533
110989
111067
111640
111393
111509
111417
110655
111035
111320
111171
111235
110639
110772
110946
111141
111031
111691
111617
110609
111300
111636
110975
110527
110955
111256
111199
110942
111410
110570
111202
110729
110552
110674
111187
110649
110795
111684
111563
110668
111703
111214
110991
111601
110760
111443
111582
110794
111146
111478
111664
111447
111673
111044
111423
110906
111643
111546
111158
111485
111302
111628
111721
111089
111030
110979
111259
111637
111573
112050
112571
111959
111871
113033
112637
112882
112710
112307
112279
112511
112551
112432
112253
111958
112848
111802
112541
113054
113090
112498
112021
112876
112703
111905
112462
112172
112024
112970
112294
112517
112632
112614
112116
112155
111820
112816
112358
112644
113052
111831
112131
112474
111965
111865
112052
112965
112748
113053
112435
112903
113093
112009
112496
112811
111808
112522
112296
112444
112215
111835
112939
113020
112671
112677
112407
112789
111833
113050
112226
112128
112102
112701
112705
112815
112936
112989
111822
112681
112058
112232
113027
111982
112425
112851
112533
113045
112978
111829
112629
112433
112352
112097
112075
112336
112167
113009
112534
112020
112362
114041
113193
113497
113558
113767
113646
113935
114390
113895
113404
113291
113629
113357
113938
113134
114230
113706
114238
113723
113990
113914
114379
113492
114330
113506
113920
114014
113919
113298
113336
113350
113590
113494
113167
113872
113376
114192
113450
113461
113177
113576
113522
114037
113258
114315
113765
113425
113952
113950
113593
113640
113101
113206
114173
114174
114202
114299
113713
114102
113443
114106
113255
114273
113809
113725
113240
113495
113563
113122
113848
114210
113188
114195
113437
114030
113282
113564
113736
114344
113268
113508
113312
113250
113445
113579
113460
113286
113768
113666
114235
114048
114010
114046
113180
113123
113309
113104
114236
114171
114333
115604
115209
114456
114744
114564
115480
114657
114784
114725
115141
114905
114439
114943
115077
114669
114792
114698
115305
114646
115074
115682
114898
114985
114804
114443
114883
114769
115411
114454
114806
114400
114704
115633
115184
115495
115282
114406
114749
115579
114484
115617
114425
115162
115079
115460
114840
114692
114543
115546
114662
115640
115573
114852
114616
114960
115506
115620
114554
114410
114958
114949
115459
115225
114474
114872
115667
115053
114759
114637
114799
115550
114779
114788
115183
115232
115167
114438
114648
115325
115529
114602
114814
114645
114995
115165
114904
114485
114413
115674
115093
115010
114975
114502
115560
115210
115300
115670
114598
115203
115302
115812
116626
116747
116359
116723
115924
116469
115782
116253
115721
116670
116106
116819
116970
116714
115714
116087
116899
116648
116351
116884
116745
116199
116944
115910
116732
116113
116367
115900
116676
116338
115852
115712
116179
116649
116094
115875
116627
115850
115768
116010
116750
116996
116098
116696
116568
115942
115945
116799
116019
116393
115844
115843
116280
116013
116562
115856
116687
116984
115927
116642
116078
116180
115759
116898
116503
116105
116837
115724
116772
115819
116532
116471
116934
115870
116073
116170
116903
116242
116969
116309
116231
116673
115801
116131
116672
116494
116185
116141
116249
116408
116757
115929
116340
116838
116248
115918
116947
115899
115858
117537
117217
117836
118264
117758
117226
117443
118256
117485
117151
117688
117204
117400
117619
118117
118120
117573
118069
117823
118249
117712
118289
118234
117636
117215
118122
117678
117848
117139
118282
118168
117814
117821
117363
117936
117265
117731
117218
117965
117168
118200
118160
118017
118128
117196
117180
117916
117810
117767
117059
117323
117582
117527
117609
117789
117308
117247
117953
117065
118000
117413
118095
117032
117109
117370
117210
117201
117354
117095
117147
117854
117780
117578
118039
117786
117570
117709
117430
117803
117499
117408
117287
118245
117105
117782
117891
117642
118221
117831
117860
117736
118049
117077
117612
118009
118012
118132
117333
117339
117448
119309
118347
119485
118529
119307
119002
119221
118843
119269
119470
119271
119032
118376
119513
119014
118551
119043
118334
118664
118366
119585
119272
118790
119127
118415
119211
118694
118475
119095
118517
119382
119313
118863
119441
118690
118395
119028
119465
119103
118629
119223
119243
118433
119332
119467
118459
118998
119079
118426
118784
118802
119541
118938
118608
119416
118684
118357
118906
118715
118893
118963
119335
119586
119264
118400
119001
118675
118967
118327
118951
118461
118622
118795
118853
118637
119162
118479
119097
118724
118431
118469
119212
118378
119486
119096
118813
118573
118665
118593
118920
119182
118986
119289
118904
119520
118884
118760
118368
119320
119270
119826
120093
120399
120452
120645
120450
120234
119952
119678
120034
120682
119976
120552
120745
120534
120520
120254
120190
120105
120164
120568
120852
120386
119799
120315
120075
120688
120101
119941
120624
120072
120899
119782
120867
120258
120837
120501
120766
120409
120037
120842
120898
120889
120590
120173
120228
119929
120783
119937
119779
120352
120802
119629
120633
119651
120720
120223
120207
120665
120875
119604
120719
120655
120172
119738
119666
120038
120492
120201
120569
120280
120128
120573
120335
120698
119857
120629
119649
120317
120671
120229
120432
119854
120290
119877
120022
120794
119855
120283
120711
120153
120395
120156
120890
120219
120428
120834
120865
120444
120381
121960
121075
121399
120952
121031
121561
121336
120992
121846
122179
121099
121222
120946
121080
121408
121659
121925
121722
121049
122127
121178
121697
121177
121489
121129
121110
121991
121975
121856
121921
121169
121763
121634
121436
121036
121761
120987
121680
121770
121439
121164
121431
121053
121145
121840
121093
121903
121972
120941
122161
122057
121274
121070
121039
121656
121386
121598
121782
121389
121421
121032
121405
121235
121050
121518
122097
121560
121416
121000
121420
121499
121715
121409
121948
121302
122125
121073
120911
121216
121910
122153
121331
121048
121583
121865
121384
121037
121258
122113
121487
121305
121839
121160
121554
121118
121161
122124
122074
122192
121570
123459
123401
123365
123242
122786
122834
122535
123104
122846
123333
122678
122837
123148
122464
122859
122848
123420
123214
123228
122466
123274
122494
122671
123047
122947
123302
122935
123462
123427
123054
122264
123161
122305
123178
122515
123015
122900
122734
122352
122437
122991
123371
122621
123426
123123
123141
123447
123347
123116
122733
122390
123496
123258
122292
122412
122743
123378
123334
122399
122704
123356
122234
122556
122441
122855
122578
123314
122387
123467
123474
123019
123301
122296
122257
122944
122310
122594
122983
122549
122730
123304
122670
123440
123445
122517
123160
122990
123051
122809
123011
123200
122348
122566
122287
122434
122899
123234
123468
122879
122492
123961
124481
124589
124122
123703
123542
123769
123725
123995
124471
123778
124263
123946
124166
123998
124643
124429
123679
124161
123729
124028
123886
124739
124517
124704
123726
124476
124341
124748
124434
124673
124107
123942
124737
124223
124757
123848
124259
124432
124132
124261
124301
124175
124513
124273
123505
123837
124029
124617
124756
123647
124075
124305
124733
124789
123537
124598
123782
124459
124736
123825
124701
123736
124155
123606
124187
123678
123772
124038
123937
124388
124084
124034
123739
124724
124290
124639
124651
124170
123785
123982
124007
123882
123547
124655
123713
124491
124546
123586
123568
124666
124006
124496
124127
123965
124082
124608
123521
124167
124510
126021
125715
125703
125627
124919
125218
125645
125512
125833
124817
125244
125169
124993
126091
124994
125318
125371
125274
125567
124811
125319
125492
125591
125088
125065
125179
125002
125405
125901
125292
125074
125058
125361
125961
124858
124932
125090
125568
124862
125209
125636
125032
125208
125312
124999
125148
125622
125571
125215
125183
125953
125845
125188
125651
125763
125704
125214
125143
124809
125966
125000
125533
125085
125742
125484
125836
125608
124803
125250
125162
126063
125805
125946
125919
125835
125238
125841
125370
125334
125498
126081
125172
125043
124836
125158
125200
125795
126006
125054
125688
125383
125683
125562
125008
125606
125181
125907
125469
125653
125788
126804
126324
126715
126171
127340
126912
126241
126358
127310
126371
127150
126445
126927
126103
126994
126169
126661
127027
126733
127123
126180
126824
126176
126411
126562
126178
126763
126302
126500
126757
127162
127358
126606
127026
126849
126680
126651
127022
127122
127006
126332
126615
127129
126526
126108
126141
126842
126439
127278
126923
126282
126935
127270
127307
126195
127397
126560
126518
126556
126679
127301
126902
126238
126843
127032
126796
126143
126783
127097
126684
127102
127281
126668
126276
127068
127275
126811
127312
127277
127044
126214
127246
127352
127188
126779
126647
126126
126203
127351
126501
126718
126217
126330
127016
126251
127227
126656
126928
126891
126252
127780
128505
128211
128167
128519
127437
127640
127913
127682
127467
128534
128410
128130
127959
127923
128220
128275
128611
128545
127938
128507
127758
127439
128131
127466
128273
128688
127949
128333
127847
127500
128061
127620
127742
128232
127729
127726
128579
127451
128622
127497
128231
128441
127552
127782
128119
127795
128551
127428
128525
128363
128435
128093
127873
128102
127408
128396
127772
128267
127659
128632
128229
127859
128146
128328
127799
127878
127535
127436
128177
128518
128008
128106
128277
128629
128071
128332
127744
128030
127431
127483
127628
128147
128281
127478
128457
128381
127774
127953
127519
128531
128242
128595
127974
128368
128037
128311
127939
127833
128574
128814
129706
129908
128873
128974
129331
129568
129249
129586
128865
128946
128712
129566
128952
129062
129742
129451
129373
129715
129496
129050
129399
128951
128827
129686
129065
129320
128809
128923
128943
128992
128780
129511
129863
128927
129225
129765
129153
129309
128920
129333
129989
128878
129306
128762
129521
129792
129874
129876
129730
129636
129976
129980
129109
129534
128960
129127
129297
129252
129162
129693
129970
128708
129538
129697
128928
129884
129576
129958
129893
129278
129057
129232
129296
128926
128944
129466
128858
129953
128750
129283
129645
128783
129026
129985
128978
129257
129369
129933
128892
128864
129734
129537
129498
129691
128956
129662
129680
129651
129396
