661
706
923
979
1163
1131
1032
1230
447
2
525
775
8
1070
449
1275
145
742
346
611
807
317
529
255
1099
833
438
1155
697
655
913
650
741
1262
708
172
794
200
702
228
1183
750
748
907
1016
173
376
311
1252
4
593
1054
56
1028
367
524
290
1006
959
1166
1026
1242
21
592
1195
681
512
610
1179
248
66
487
1218
1142
1177
901
509
1272
1196
216
310
740
936
1257
1161
841
395
55
1079
772
781
1215
765
238
120
867
934
715
528
91
1902
2551
1601
2403
1594
1878
2307
2486
2360
1549
1920
2167
2501
2527
1862
1954
1680
2299
2021
2319
1896
1901
1993
1360
2250
1438
1845
1752
2033
2326
1595
1765
1905
2017
1870
2095
2273
2410
1825
2224
1488
1455
2190
1790
2010
2413
2368
2391
1357
1705
2370
2561
1647
2057
2597
1399
1810
1338
1773
2042
1672
2454
2401
2221
1812
2541
2135
2518
2196
2074
2290
1924
2091
1610
2181
2283
1585
2038
1842
1743
2576
1416
2141
2129
2269
1713
1712
1831
2438
2573
2281
1618
1409
1442
1749
1471
1832
2007
1918
1393
3278
2941
3446
3569
3410
2888
3682
3519
3744
2876
3761
2982
3516
2756
2786
2743
2717
2706
2867
2935
3506
3193
3720
2959
3361
3082
3009
3816
3177
3671
3692
3157
3042
3862
3435
3383
3321
3775
3623
3152
2643
3839
3147
2700
3878
3378
3558
3785
3553
2842
2802
3813
2972
3488
3014
3377
2645
3336
2737
3651
2868
3532
2798
3411
2820
2927
3304
3113
2857
3621
3735
3876
3853
3884
3710
3208
3405
3095
3868
3188
3615
3812
3663
3284
3719
3087
3504
2893
3855
3693
3176
2991
3887
3521
3500
3838
3803
3652
2948
2865
4250
4186
4077
4176
4212
5013
3913
4765
5140
4467
4122
4796
4015
4941
4322
5136
4744
5106
4855
4568
4869
4301
4783
4069
4878
4333
4687
4169
4514
3945
4002
4896
4679
4814
4906
4952
4381
4017
5157
4178
4732
4711
4594
3921
4193
4264
3956
4068
5024
4769
4848
4950
4447
4549
4044
4789
4037
4227
4534
4279
4188
5055
5120
5102
4926
4286
4801
3942
4649
4078
4088
4647
4696
5031
4308
4137
4099
4851
4480
5053
4039
4816
3997
4223
4753
4433
3927
4740
4748
4144
4011
5150
4997
4396
4488
4572
4517
4358
5173
5159
5229
5682
5428
6144
5732
5385
6183
5450
6449
5946
5802
5351
5389
6315
6292
5644
5974
6300
5985
5683
6358
5908
5692
5279
6337
6093
5602
6414
5207
5603
5861
5485
5957
5955
5786
6235
5516
5436
5420
5265
6117
5414
5286
5652
5213
6232
5759
5504
5544
6044
6402
6350
5269
5968
5266
6079
5554
5242
6016
5863
6121
5449
6267
5878
5772
6081
6451
5684
5441
6445
5694
5676
5674
5824
6022
6255
5808
6138
5558
5919
5270
5971
6013
5941
6051
5656
5401
6056
6253
6343
6052
5478
5460
5348
6307
6005
5578
5832
5630
6458
7351
7771
6751
7634
6649
7363
6624
6818
7209
6915
7650
6601
7259
7564
6708
6514
6678
6551
7077
7375
7196
7699
7105
7360
6783
7131
7693
6952
7380
6697
6560
7385
7211
7596
7207
7043
7292
6606
7258
7208
6936
7048
6652
6635
6814
6704
6985
6631
7576
7727
6845
7057
6675
6815
6630
7329
7283
7402
7439
6864
6912
7058
7047
7002
7602
6825
7226
7597
6965
7665
6998
6956
6512
7152
7656
7601
6920
6867
7468
7780
7744
6859
7021
6774
7703
6953
6928
7467
7462
7438
7359
6828
6670
7637
7386
6582
7455
6939
7640
6673
8672
7846
7991
8166
8319
8713
8597
8265
7994
7874
8532
8944
7855
8575
9095
8492
7879
8020
8631
8549
8218
7863
8633
8934
8452
8391
8072
8238
7981
8960
8605
8147
9013
8037
8708
9059
8885
8741
9097
9049
8279
8863
8194
8819
8347
8709
8268
8644
8557
8772
8339
8090
8559
8660
8106
8764
8678
7850
8823
7856
7997
8570
8966
7880
8324
9046
8424
8204
8871
8759
8157
8590
8965
8707
8373
8143
7854
8610
9017
8972
8728
8856
8601
8739
9070
8942
9088
8033
8766
9042
8375
8761
8749
8640
8903
8142
8938
8151
7870
8063
9219
9759
9287
10083
9338
9984
9448
10184
9140
10185
9967
9687
9130
10181
9397
9836
9181
10235
9437
9754
9182
9742
9818
10370
10093
9719
9975
9272
9868
10008
9328
9571
10350
9854
9426
9386
9396
9511
10173
9857
9524
9134
9907
10279
9521
9394
9757
9157
10380
9608
9924
9936
9265
10017
9844
9824
10294
9428
9255
9724
9375
9731
10153
9624
9447
9557
9510
9835
9497
9985
9143
9690
9402
9780
10026
9124
9640
9569
9977
9316
9395
9556
10122
10150
10227
9858
9992
9336
9183
10278
9851
9798
10109
9905
9646
10033
9637
9994
9414
9968
11630
10471
11217
10538
11670
11431
11317
10691
11323
11615
11139
11046
10439
10543
11137
10574
11289
10859
11675
11412
10758
10476
11196
11184
10641
11427
11128
11629
11006
10743
10520
11684
11239
10938
10614
11090
10712
11243
10507
10537
10941
11018
10740
11543
11042
11482
10489
10631
11453
11032
10473
10560
11314
10443
11385
10917
11393
11447
11650
10912
11116
11015
11468
10761
11262
10591
10770
11223
11400
10568
10700
11600
10665
10549
11189
11432
11539
10457
11449
10433
11397
11212
11532
10436
10767
11683
11214
10484
10814
11232
11183
10702
10496
11654
11601
10519
10956
11072
11469
11296
12848
11921
12929
12115
12493
12001
12204
12157
11946
12327
12464
12191
12688
12975
12654
12194
12148
12730
12261
12642
12006
11781
12181
12018
12574
11700
12508
11762
11745
12395
12122
11714
12810
12250
11993
11969
12947
12623
12500
12855
12048
12618
12143
11827
11960
12622
12046
11760
12195
12083
11914
12302
12135
11949
12808
12845
11862
12843
12482
12667
12119
12468
12076
11746
11981
12519
11863
12207
11940
11915
12372
11739
12996
12466
12887
12672
11891
12761
12422
12229
12012
12756
12718
12779
12967
12210
12883
12919
12721
12824
12894
12096
12922
12995
12254
12209
12812
12968
12357
12923
13790
13939
13807
13643
13714
13283
14100
13576
13045
13301
14293
13289
13023
14071
14102
13564
13324
13878
14203
13794
13336
13135
13690
13386
13452
14271
13326
14072
14035
14260
13674
14111
13895
13133
13753
13398
13490
13387
13393
13266
13140
13282
13197
14049
13007
13385
13328
13362
13806
13292
14135
13582
13755
13528
13347
14133
14104
13107
13127
13868
13439
13331
13544
13650
13936
13380
13015
13820
13284
13890
13305
14044
13065
13056
13179
13025
13069
13536
13704
13709
14047
13757
13024
13321
13395
14244
13145
14041
13255
13776
13368
14062
13230
13955
13267
13987
13365
13410
13842
14166
15560
14873
15334
14574
15134
14389
15220
14396
14899
15076
15259
14922
14555
14424
14548
14388
14879
14729
14931
15030
15485
14431
14570
14629
15378
15529
15011
15527
15521
15012
15112
14702
14300
15536
15255
14714
14646
14517
14539
14530
14542
15100
14386
15313
15157
14767
15128
14473
14559
14554
15168
14493
14374
14944
14900
14751
14643
14361
14765
15469
15294
14727
14917
15503
14526
14499
15427
14398
14663
14337
14652
14575
15570
14418
14488
15321
15496
15057
14301
14850
14649
15511
14661
14535
15586
14907
14718
14304
15530
14435
15302
14968
14537
14811
15344
14550
15324
14562
15130
15188
16235
15918
16205
16252
15720
16148
16455
16663
16528
15623
16544
16268
16872
15954
16825
16503
16748
15604
15698
15818
16289
16331
16766
16014
16180
15642
15766
15629
16448
16864
15948
16166
16015
16509
15619
16741
16284
15875
16432
16894
16237
15802
15822
15801
15843
16039
16869
16751
15743
16445
15963
16299
16208
16399
16103
15699
16761
16271
15677
16102
15979
15800
15662
16674
16202
16095
15944
15924
15882
16179
16416
16470
16369
16038
16325
15965
15750
16881
16225
15638
16718
16669
16555
16514
16149
15716
16274
16207
16043
16258
16897
16082
16695
15903
16417
16447
16420
16493
16343
15916
17564
17770
18038
17131
17739
18171
17980
16951
17676
17865
17769
17415
18126
17523
17623
17982
17782
17717
17956
17659
18184
18113
16979
17039
17146
18164
17678
17604
17566
18060
18040
17440
17399
17778
17744
17822
17002
17871
17784
17930
16987
17730
17854
18077
17414
17257
17190
17490
17412
17471
18150
16915
18130
17710
18075
17876
17851
17186
17265
17076
18155
17575
17232
17386
17568
17532
17932
17132
17578
17162
17479
17761
17258
18194
17780
17503
18063
16995
17996
17633
16905
18119
18027
16922
18047
17844
17278
18123
17668
17819
18199
17745
17850
17868
17003
17764
17166
17296
17931
17061
18855
18289
18884
19053
18939
18263
19374
18473
19492
19166
19471
18471
18446
19170
19497
18818
19251
18800
18278
18679
19416
19355
19487
18219
19285
18494
18550
18877
18371
18491
19106
19101
19386
19264
18240
18298
19237
18552
19196
18335
19074
18626
18470
18377
18567
18556
18728
18546
18798
18424
18224
19389
18695
18605
18508
18266
19221
18804
19281
18480
18854
18743
19404
18342
18566
19271
18452
18719
18992
18291
18975
18611
18792
19272
19363
18671
18303
19131
18211
18963
18300
18353
18413
18327
18914
18767
19318
19289
19144
18736
19282
18765
18961
18481
18828
18994
19474
18774
19312
19332
19536
20471
20458
20129
20187
20582
19607
20058
20111
19846
20640
20230
19733
19613
20104
20667
20040
19875
19551
19828
19747
19519
19538
20531
19506
20375
20754
20288
19843
20232
20618
20438
20419
19892
20143
19685
20217
20741
20648
20142
20749
20665
20404
20333
20621
20394
20216
20541
20707
19516
20141
19848
20053
20036
20050
19736
19915
19976
19883
20204
20701
19799
19896
20525
19801
20368
20416
19524
20434
19824
19713
19504
19675
20284
19825
19794
20708
20567
20112
20279
20499
20579
19576
19988
20392
20540
20344
20222
20092
20219
20687
20720
19670
20068
20570
20611
20528
20733
20413
20702
21364
21191
21621
20931
22077
21085
20991
20975
20969
22042
21834
21104
21877
21709
21473
22086
21779
21023
21097
21433
21894
20852
21953
22039
20804
21345
21139
21021
20800
21938
21192
21680
21447
21657
20846
21554
21003
22091
21962
21464
21242
21676
21558
20842
21925
22073
21797
21284
21505
21172
21387
21847
21546
22001
21073
21498
21238
20856
21553
21772
21019
21914
21135
20968
21412
21942
21147
21278
21214
21636
21461
21748
21886
21236
21606
21138
21379
21100
21311
21184
20900
21903
21642
21424
21389
20981
21035
21909
21810
21025
20877
21867
21166
21652
20850
21761
21265
21777
21643
21121
23245
23215
22432
22656
23282
23163
22409
22354
23138
22706
22245
23190
23166
22538
22296
22124
22705
22756
23018
22488
22590
22760
22892
22956
23175
22396
22148
23199
22632
23243
22674
22149
22254
22125
22602
22434
22651
22190
22238
22772
22673
22236
22902
22385
22980
22146
23291
22952
22732
22205
22853
22757
22374
22191
22186
22371
23264
22882
22231
22712
22115
23198
22505
23354
23231
23329
22287
22446
22420
22969
22419
22359
23209
22946
22708
22709
22817
23180
22665
22427
22272
22348
23094
22780
22429
22217
22249
22321
22836
22816
22862
22164
23014
22382
22634
22618
22510
22852
23009
22344
24552
24310
24457
23665
24636
23866
23861
23636
24209
24401
23683
24683
24575
24668
24198
23872
24059
24337
23410
24474
24073
24658
24620
23741
24382
23679
24340
23716
24378
23883
24377
24137
23454
24592
24663
23788
23906
24450
23836
23904
23852
24504
24246
24544
24373
24551
23619
24079
24455
24103
24172
24031
24063
24206
23850
24443
24420
23908
23933
24201
23695
23745
23465
24348
24433
23919
24674
24315
23525
24193
24416
24418
24220
24472
24181
24104
23453
24243
24615
24568
24018
24050
23515
23915
23687
24203
24396
23417
24387
24629
24298
23987
24395
24330
24487
24321
23694
23838
24117
24407
25585
25950
24985
24799
25462
25422
25163
24930
25259
25527
25545
25696
25549
25642
25574
25569
25149
24881
25813
25352
25427
25414
25143
25348
24872
25845
25084
25534
25659
24736
25515
24951
24763
25909
25484
25467
25669
25513
24769
24945
25090
24812
25109
24887
25884
25773
24861
24730
25034
25253
25217
25332
25010
24744
25106
25085
25632
24742
25394
25296
25486
25636
25485
25471
25251
25054
25930
25808
24999
25180
25223
24788
25929
25129
24808
25854
24949
25131
24888
25848
25501
25627
24896
24786
25239
25687
25665
25931
25406
24727
25004
25412
25557
24900
25431
25350
25417
25548
25743
24824
26446
26928
26921
26830
26423
27258
26758
26622
26516
26287
26687
26124
27047
26678
26008
26905
26220
27089
26078
26539
27290
26072
26002
26356
26780
26938
27110
26831
26466
26041
27143
26811
26479
26368
26029
26099
26720
26808
27132
26872
26814
26919
27265
26628
26251
26301
27247
26707
26272
26281
26935
26434
26019
26646
26737
26611
26914
26155
26026
26158
26570
27043
26744
26361
26277
26590
27136
27159
26829
26887
26528
26471
26497
26654
26677
26760
26187
26242
26730
27253
26840
26257
26068
27027
26992
26860
27130
26721
27255
27106
27018
26670
26647
26794
27292
26006
26970
26232
26261
26648
28014
27981
27508
28261
27530
27453
28013
27667
27559
28359
28400
27690
27749
27793
27875
27844
28141
27600
28078
27609
27623
28485
27756
27846
27714
27702
28433
27505
27734
28235
27997
27614
27454
28119
28324
27915
27468
27523
27820
27815
28212
27550
27442
28214
28070
28499
27842
27462
27463
28087
27906
28342
28248
28113
28129
28470
28539
27439
28111
27553
28099
28563
28341
28181
27388
27738
27602
27302
27862
27887
28319
28337
28495
27604
28034
27427
28011
27373
27565
27741
28107
28468
27354
27908
27400
28012
28375
27418
28356
27620
28076
27456
28276
27469
27983
27963
27977
27706
27474
28161
29579
29754
28924
29012
28969
29309
29636
29781
29295
29231
29724
29307
29795
29132
28827
29386
29173
29155
29493
29806
28874
28928
29258
29775
29408
29321
29898
29110
28682
29150
29706
28803
29553
28823
29005
29780
29305
28731
28899
29563
29518
29088
28991
29084
29402
29560
29762
28964
28710
29552
29298
28607
29442
29115
28684
29057
29352
28752
29160
29673
28750
28662
29095
29741
29268
29185
28802
28753
28787
29737
29229
29412
29195
28882
29545
29441
29261
28702
28986
28828
29429
28610
29039
29397
28775
29232
29697
29573
29222
29180
29354
29189
29720
29144
29327
29294
29874
29054
28873
29036
31053
30924
30773
31150
30302
30247
30757
29927
30466
30002
30660
30417
31189
30199
31050
31160
30621
31044
30911
30993
30399
30699
30748
30183
30451
30746
30249
30573
30724
30855
30672
30897
30837
30906
30210
30575
31164
30717
30831
30756
30400
30527
31132
30890
30091
30697
30857
30730
30877
31088
30227
30336
30259
30449
31067
31190
30615
30143
30061
30267
30647
30428
30540
31183
30170
30970
30892
30367
30584
30351
30552
30744
30420
30350
30042
30071
30272
30662
30280
30956
30732
29918
30277
30872
31170
31002
30776
30154
30380
31006
29935
30948
30596
30262
29903
31156
30035
30305
31162
30583
31682
31611
32415
31434
31406
32303
31440
31303
31674
31794
31395
31989
31904
32024
31277
31557
32016
31287
32346
31865
31715
32455
32011
32353
31700
31449
31709
31650
32467
31772
32110
31499
32094
32010
31870
32326
32331
31802
32459
31938
31327
32143
31538
32446
32128
31257
32490
31204
31555
32107
32271
31696
31524
31330
31488
32206
31223
31423
32205
31814
32382
32188
32441
31741
31698
32176
31944
31796
31474
31218
32372
32419
32039
31436
31268
31569
31648
31400
31705
31863
31991
31737
31562
31959
32098
31880
32328
31993
32204
32055
32458
31441
31975
31931
31812
31428
31276
32141
31811
32012
33531
33366
32900
32936
32625
33162
32708
32595
33059
33752
32755
32844
32674
32605
32529
32826
33772
32593
33502
32651
33525
32907
32683
32764
32591
32860
32762
33697
33102
33187
33244
32846
33735
32607
33071
33119
32649
33132
33627
32542
33221
33415
33603
33426
33419
33406
32577
32581
33650
33659
33558
33450
33548
33496
32505
33037
33454
32829
33769
33066
33678
32620
33471
33671
33474
33748
33436
32713
33410
32776
32766
33476
32550
32908
33483
33141
33316
33137
33519
33668
32834
33303
33546
32808
33265
33395
32786
33172
32990
32982
33249
33033
33178
32943
32787
33572
33384
33423
33411
32876
34165
34007
34162
34645
33817
33881
34911
35014
34579
34249
34281
34933
34047
34129
33980
34789
34681
33998
34515
34464
33900
33850
34039
34170
34716
34422
35085
35069
34154
34583
34460
34024
35087
34029
33983
34494
34826
34363
35035
35032
34332
34241
33861
34186
34936
35063
33935
34456
34384
34508
34607
35082
34191
34557
34625
34965
34889
35084
34553
34037
34821
34840
34370
34462
33894
34364
34221
34074
33848
34540
34708
34770
34042
34895
34213
34435
34078
34790
34722
34842
34661
34240
34944
34378
34484
34345
34263
34613
33985
33820
34500
34623
34772
34585
34030
34657
34224
34511
33842
34153
35329
35496
35352
36122
36218
35433
36125
35639
35871
36234
35723
36064
36263
35406
35610
36088
36006
35279
36017
35731
35409
35873
36148
35161
35162
35753
35448
35259
36333
36019
35940
35614
35341
35725
35130
36228
35973
36099
35131
35402
36326
35941
35192
35670
35751
35275
35367
36115
35892
35633
35730
35127
35709
36026
35911
35302
36265
35832
35853
35862
35304
36213
35686
35247
36102
35628
35474
36077
36185
35129
35640
35237
35446
35763
35253
36295
35195
35373
35665
36289
36143
35605
36298
35303
35567
35147
36129
35555
35392
35948
35410
35757
35520
35384
35574
36243
35517
35465
35382
36261
36412
36755
36863
37263
36450
36611
36980
37429
36536
37199
37042
37412
37467
36675
36974
37044
36409
37250
37068
37639
36879
37103
37391
36918
37275
37456
37134
36829
37133
37698
37062
36623
37090
36426
36973
37152
36449
37063
37577
37684
37516
36550
36440
37171
37632
36505
36490
37182
36702
37486
37338
37119
37675
36578
37038
36975
37280
36509
37663
37346
37121
36602
36722
37509
36999
37085
37294
36547
37003
36812
37620
37533
37207
37612
36445
37564
36619
36769
37371
37410
37087
37510
36433
37478
37642
37542
37482
36534
37468
36780
36668
37551
36704
37687
37301
36864
36472
36862
36705
37185
38483
38312
38471
38311
37879
38598
37942
37787
38979
37943
37945
38977
37784
38174
37778
38447
37869
37835
38037
38883
38846
37748
38739
38272
38269
38610
38815
38864
38219
37832
37897
38882
38067
37958
37851
37815
38617
37952
37766
38051
38755
38435
38484
38151
37971
38505
38271
37966
38409
37737
38552
38268
38763
38555
38694
38981
38695
37856
38101
38793
38008
37763
38577
38590
37772
38373
38652
38167
38082
38954
38044
38947
38812
38446
38887
37934
38595
38259
38363
38957
38606
38689
38080
37759
38317
38297
38366
37910
37988
38351
38093
38031
37923
38112
38508
38955
38518
38828
38503
37717
39548
39084
40250
40013
39927
39049
39348
39725
39766
39624
40082
39917
39678
39080
39053
39065
39417
39480
39371
39396
39857
39042
40238
39964
39087
39259
39377
39529
39411
39650
39879
39947
40217
40060
39593
40051
39444
39717
39943
40145
39739
40228
39669
40297
39081
39973
39908
39789
39174
39244
39322
39996
39197
40061
39029
39184
39381
39001
39424
40172
39380
40148
40150
40254
39890
39255
39911
39831
39853
39945
40170
39804
39690
40065
39100
39311
40014
39154
39066
39987
39796
39057
40036
39252
39316
39563
39843
40207
39306
39605
39274
39551
39938
39047
40142
39535
40049
39105
40135
39374
41253
40566
41066
41323
40380
40932
40579
40936
41075
41536
41194
41592
41100
40325
41488
41337
41200
40599
40772
40902
41356
41206
41174
40781
40707
40627
41060
40957
41344
41419
41106
41009
40840
40632
41081
41343
40559
40526
41522
40982
41104
40882
41135
41358
40626
41302
40870
40427
40441
40934
41595
41300
41583
41589
41566
41487
40469
40576
41443
40372
40704
41425
40734
40831
41368
40363
40334
40488
40988
41144
40710
40390
40804
41180
41000
40764
41210
40871
41591
40412
41374
40914
41246
41444
41094
40428
40682
41235
40625
41363
40773
41231
40747
41172
41350
41108
40850
41168
41599
40830
42656
41641
41824
42020
42657
42411
42540
41697
42392
42040
42828
41764
42477
41648
42294
42791
41803
42813
42144
41654
41856
41926
41818
42011
42732
41867
41746
42396
41711
41620
42282
41915
41673
42782
42181
42174
41869
42833
42688
42745
41802
42815
42556
42467
42438
42013
42593
42368
42855
41991
42039
42601
42487
41995
42382
41756
42870
42407
42093
42415
42390
42344
42362
42746
42866
41978
42520
42221
42338
42153
42067
41786
42269
41935
41721
42009
42532
42220
42432
41766
42772
41604
42465
42663
42481
42460
42389
42296
42868
42728
42515
42239
41987
41745
42733
42831
42690
42883
41941
42513
43938
43856
42959
43346
43380
43518
43954
43237
43535
43685
43874
43098
44015
43220
44147
43502
43199
43513
43639
43444
44133
43770
43284
43627
43690
43624
43630
44014
43915
43117
42900
44016
42951
43887
43126
43912
43667
42909
43472
43289
43241
43793
43959
44149
44165
43226
43628
44107
44175
43411
43716
43823
43917
43382
43533
43715
42939
44034
43931
43407
42971
44172
43808
43972
43112
44198
43804
43280
43894
43042
43612
43264
42994
43891
42955
43699
43146
42937
43078
44063
43392
43209
43195
42964
43651
44105
43734
44026
43509
43944
43527
43410
43517
43618
43466
43333
43609
43951
44031
42970
44960
44922
44937
44946
44795
44496
44380
44694
44523
45421
44703
44801
44406
44462
44648
45028
44903
44646
44917
44245
44497
44875
44363
44583
44540
44317
45145
44949
45144
44479
44864
45184
44890
44355
44999
44638
44246
45481
44226
44794
45022
44679
44869
44402
45286
44766
45238
44266
45223
44435
45094
45123
45018
45471
44723
44334
44843
45359
44761
45009
44916
44643
45004
45390
44874
45199
44854
44591
44443
45394
45428
45177
45284
44668
44340
44351
45281
45299
44853
45038
44448
44207
45434
44748
45374
45486
44378
44755
44954
44534
44979
44486
45488
44692
44673
45138
45067
45189
44558
44551
46425
45974
46326
46530
45650
45786
45894
46766
46368
45571
46594
45909
46629
46302
46391
46199
45859
45861
46348
46472
45789
46587
46270
45529
46101
46298
46024
45813
45854
45948
46076
45558
46442
46674
45627
46092
46718
46611
46496
46312
45719
45685
46574
45798
46333
45528
46600
46292
46247
46481
45706
46211
46299
45662
46649
45670
46296
45574
46788
46318
46030
45965
45799
46463
46667
45514
46555
45757
46201
45793
45550
46683
45808
46446
46349
46053
46673
46123
45542
46381
45972
46131
45815
45739
45634
45655
46161
45842
45817
46783
46062
46641
45508
45709
46772
45933
46645
46633
46083
45915
47994
47813
47370
46862
47131
47485
47362
48055
47890
47077
47204
47635
47051
48035
47944
47030
47827
47472
47429
47543
46929
47012
47670
47599
47786
47171
47228
47712
46889
47857
47191
47805
46942
46894
47179
46908
48083
46977
47784
48074
47377
47027
47880
47393
47160
46844
46936
46856
46874
48029
47128
47359
47134
47788
47481
47195
47793
47083
47534
46947
47860
47564
47448
46866
47300
47419
46831
47751
47544
46990
47336
47366
47653
47285
47586
47679
47116
46973
47237
47789
48078
47769
47474
48061
47172
47920
47727
47234
47554
47895
48089
47269
47700
47955
47584
47665
47791
47926
47885
47122
49095
49143
48708
49292
48613
49184
49093
48150
48435
48728
49152
48213
48505
48339
48612
48500
48898
48836
48875
48723
48510
48349
48527
48352
49379
48222
48219
48649
48972
49089
48574
48867
49299
48177
48769
48753
48890
48546
48408
48581
48704
48570
48509
48467
48743
48254
49180
48269
49280
49159
48110
48211
49249
49016
48929
49126
49019
49353
49216
48351
49261
48698
48548
48445
48963
48580
48672
49377
48459
48680
48398
48520
49014
48741
49049
49399
49010
48558
48390
48798
48301
49064
48631
49393
49158
48609
48891
49231
48952
49135
48752
49008
48497
49137
48265
48300
48540
48102
49387
49289
49957
49974
50450
50075
49543
50396
50256
49743
49681
50325
49888
50303
49523
50226
49510
50343
49777
49840
50133
49469
49671
49519
50535
49426
50662
49603
50501
50298
50190
49465
49653
49710
50185
49953
49734
50426
49828
49530
50135
50230
50370
49527
50635
49604
49435
50209
50141
50492
50364
50167
50203
50670
49433
49578
49520
50013
50227
50431
50049
49864
49845
50329
50547
50125
49965
49776
50028
49665
50584
50076
50443
50273
49963
49656
50401
49509
49879
49423
49420
50576
49887
50040
49702
50374
49484
50286
50326
49561
50588
50132
50459
50351
49597
49672
50196
50485
50644
50055
50548
50671
51308
51667
51205
51640
51056
51759
51797
51233
51364
51450
51970
51831
51426
50700
51358
51882
51100
51600
50745
51137
51065
51328
51470
51478
51768
50995
51655
51656
51940
50798
51350
51626
51900
51858
51266
51871
51868
51850
51443
51489
51200
50717
51127
51040
51894
51812
51977
51899
50840
50751
51332
51870
51679
50708
51730
51315
51795
51646
51249
51185
51704
51873
50818
50951
51156
51086
51221
51969
51584
51786
50870
50702
51310
51895
51892
51844
51244
51390
51510
51822
50808
51459
50718
51168
51140
51327
51089
50927
51242
51857
51418
51438
50964
50796
51063
51248
50790
50758
50777
51734
53294
52158
53071
52005
53296
52491
52824
52889
52554
52107
52666
53096
52521
53112
52419
53044
53124
53098
52332
52627
53260
52035
52422
52677
52750
52578
53155
52952
52766
52249
52710
52751
52133
53007
52162
53065
52405
52406
52604
52018
53152
52225
53146
52892
52501
53250
53123
52352
52693
53281
52562
52931
53126
52833
52013
52813
52997
52368
52650
52576
52257
52808
52522
52360
52606
52095
53228
52309
53170
52379
52947
53032
52950
52193
52893
52993
53180
52848
52911
52239
52806
53054
52500
52137
52331
52566
52287
53200
52276
52105
52586
52022
53273
52226
53184
52004
53258
52784
53286
52772
53388
53600
54585
53304
54377
54233
53867
53448
54107
54577
54408
53969
54276
54295
54310
53680
54476
54512
53434
53335
54237
54180
53819
54271
54599
54134
53482
53360
53785
54141
53914
53786
54554
53376
53735
54154
54139
54047
54548
54006
53839
54014
54162
53899
54083
53671
53712
54024
54569
54041
54002
53477
53816
54488
54391
53901
54034
53963
54530
53796
53494
54088
54438
53798
53590
54500
53642
54388
54354
54513
54133
54195
53624
53626
53925
54248
54254
54505
53430
53523
53855
53316
53398
53622
54086
53727
54200
53980
54334
54508
54274
53328
54210
53934
53404
54183
54534
53757
53824
54584
55211
55254
54841
55816
55197
55071
54773
55210
54604
55273
54889
55871
55657
54961
54903
55070
54638
54772
54741
54738
54647
55833
55290
55165
54747
55054
54709
55565
55356
55162
55801
54856
54878
54641
55875
55682
54609
55223
55083
55269
55878
55188
55337
55280
54623
54684
55686
55627
55733
55037
55788
54708
55243
55180
55522
55236
55713
55074
54688
55181
54733
55099
55584
55000
55414
55016
55354
55186
55097
54683
54740
55040
55806
55780
55365
55739
55172
55772
55569
54892
55127
54650
55837
55703
55726
55852
54670
54885
54654
55860
55649
54793
55560
55779
55102
54952
54945
55898
55031
54630
56664
56062
56798
56527
56915
56423
56149
56294
56222
56577
56935
56213
57156
56890
56384
56566
56912
57153
57045
56085
56360
56796
57070
56740
56954
56402
56671
57119
55949
56493
56994
56737
57025
56726
56812
56685
56646
56335
55916
56001
56630
56881
56146
56371
56306
56867
56997
56934
56637
57055
56871
56358
56400
57057
56622
56398
56676
57079
56645
56960
55908
56966
56018
56480
56048
56907
56245
56485
56773
56374
56722
56682
56808
56691
56869
56974
56229
56383
56301
56662
57030
56504
57124
56618
56975
56762
56976
56391
57138
56959
56500
56728
56683
56401
56628
57134
56785
56613
56446
57053
57410
57758
58027
58262
58186
58408
58178
58228
57454
58355
57664
57700
58298
58157
58321
57298
58409
57609
57729
58389
57613
57913
57444
57942
58116
57926
57443
57829
57725
57513
58482
58080
57510
57290
58443
58218
57507
57794
57586
57755
57481
57503
57777
57685
57267
57213
57340
57311
57968
58123
57368
57923
57318
58136
57274
58240
58475
57903
57735
58249
57945
58333
57401
58208
57764
57259
58104
58388
57736
57520
58092
57370
58115
58363
57355
58346
57936
58237
57534
57477
57627
58426
58400
58001
57646
58294
57766
58004
57374
57423
58011
57222
58320
57591
57741
58162
58087
57672
58138
58190
59377
59186
58559
58791
58905
58719
59411
58620
59123
59748
59247
59613
59201
58999
59796
59730
58679
59034
58541
58713
59767
58812
58839
58944
58924
59452
58628
59050
59537
59644
59786
59112
58731
59634
59604
58625
58988
58689
59746
58848
58749
59053
59438
59721
59769
58757
59622
58505
58539
59237
58714
58693
58906
59602
58846
59794
59215
59164
59436
59397
58743
59415
58964
59625
59230
58607
59244
58987
58887
58932
59208
58578
58581
59448
59012
59709
58874
58799
58916
59715
58805
58577
59664
59036
59249
59486
59677
58724
59138
58703
59540
59790
59589
59056
59453
59792
58949
58860
59553
59383
60675
60100
60272
60937
60158
60455
60397
60962
60445
59983
60705
59802
60086
59949
61026
60037
59865
60720
60509
60247
60747
59882
60176
60339
60507
60129
60570
60924
61091
60920
60081
60903
60451
60220
60257
59942
60281
59832
60463
60642
60489
60355
59883
60649
60874
59992
60335
60352
60437
60095
60938
60252
60275
60939
60038
61040
60460
60961
60195
60200
60328
60978
59913
61074
60537
60598
60583
61067
60682
60539
59850
59868
60029
60376
60748
60374
60948
61052
60754
59986
59910
59814
60762
60470
60602
60438
59837
60662
60310
60883
60162
60578
59936
60504
60756
59955
60096
60243
60350
60502
61941
62030
61226
61372
61597
61408
61350
62148
61762
61359
61116
62307
61515
61603
61815
61936
61141
61289
61788
61167
62222
61115
61709
61692
62236
62182
61374
62046
62288
61340
61478
62311
62379
62304
61404
61102
61686
61794
61741
61239
62355
61832
62083
61994
62110
61188
62024
61530
61758
62049
62241
61489
61123
61106
62394
61444
61256
62141
61811
61104
62290
62005
61888
61872
61486
62166
62111
61505
62096
61499
61680
61661
61624
61964
61500
61196
61725
61242
61905
62085
61559
62363
61926
61863
62151
62349
61335
61884
62250
61410
62034
61298
62003
61972
61928
62012
61773
62260
61653
62173
63213
63397
62544
62669
63589
62548
62520
63248
62631
62746
63105
62676
62469
63021
63422
63418
63273
62508
63326
62931
63069
63313
62604
62745
62662
62873
62912
62439
63563
63678
62885
62447
62560
63188
63142
62961
63302
63110
63588
63144
62753
63595
63171
62902
62409
62627
63400
62619
63255
62853
62841
63200
63153
63557
63547
63291
63071
62491
62677
63699
62451
62951
62490
63059
63601
62747
62935
62827
62650
63109
62664
62804
62957
63499
63028
62766
62652
62663
62602
62540
62978
62933
63467
63532
62719
63280
63050
63362
62832
62776
62692
63130
62593
63337
62817
62809
63353
63332
62851
63288
64661
64564
64392
64537
63955
64718
64468
64450
64003
64425
64175
64862
64214
64252
64786
64724
64848
64244
64804
64586
64566
63905
64306
64083
64866
64952
64565
64325
63915
64249
64943
64897
63879
64969
64313
64068
64648
64328
64323
64446
64621
64532
64477
64259
64039
64471
63860
64356
64796
64368
64717
64830
64601
64192
64546
63936
64198
64813
63969
64111
64821
64974
64129
64440
64675
64998
64784
63871
64647
63912
64671
64905
64547
64666
64908
63703
63931
64475
64018
64639
64937
63962
64665
64631
63930
64961
64213
63795
64447
64792
64263
64755
64911
64065
64119
64667
64650
64753
64973
64343
65441
65552
66257
65732
65549
65271
66195
65081
65343
65593
65622
65050
66138
65959
65230
65158
65065
65576
65599
65500
65512
66072
65449
65722
65734
65366
66056
65252
65655
65742
65752
65961
65775
65748
65705
65315
66259
66021
66061
65835
66176
65803
65390
65509
66123
65229
65041
65120
65124
66298
65977
65592
65246
65746
65750
65759
65934
66172
65036
65553
65958
65938
65999
65195
65127
66132
66265
65853
65864
66215
65810
65053
65332
66085
65939
65061
66258
65751
65879
65382
65076
65302
65150
66206
65314
65550
65526
65771
65858
65017
65301
65005
65585
65764
65928
66067
65816
65166
65824
65701
66486
67495
67302
66372
67000
66777
66648
66718
67030
67496
67171
67493
66433
67510
67311
66990
66883
66820
67195
66590
67292
66337
66661
67050
66991
67499
66523
66326
66921
66699
66842
66682
67237
66813
66957
67582
66955
67438
66768
66440
66834
66830
67326
66934
67313
66738
66501
66954
67038
66859
67551
67332
67423
66995
66672
67174
66386
66569
66555
66548
67385
67430
67250
67110
67182
66318
67013
66747
67533
67226
66808
67506
67419
66390
66899
67511
67139
67447
67300
66964
67575
66805
67547
66489
67184
67410
66701
67331
67261
67308
66511
67491
66951
67418
67003
67107
67115
67200
66530
67429
67951
68775
67924
68017
68135
68725
68194
68056
68040
68230
67750
67805
68212
68382
67809
68723
68754
68688
68346
67614
68111
68189
68468
67855
68867
68554
67638
68395
68119
68177
68598
67607
67864
68211
68032
68681
68137
68284
67782
68614
68560
68658
68391
67672
67701
67802
68496
67838
68878
67985
68870
68398
68788
68433
67772
68041
68260
68834
68204
68675
68680
68255
68019
68123
68256
68288
68454
68542
68182
68147
67876
67781
68191
68599
68350
68285
68441
68773
67828
67926
67927
68242
68277
68711
67957
68151
68293
68086
68392
68518
67978
67666
67676
68592
68832
68568
68751
67658
68188
68514
69542
68981
69685
68917
69241
69558
69264
68974
69843
70179
70020
69058
69944
70034
69130
69294
68908
68911
70096
69789
69156
70000
69806
69244
69817
69609
69604
69134
69410
69173
69565
70098
69528
69952
69068
69198
69385
70167
69227
68946
70074
69978
70097
69601
69187
69951
69013
69235
69906
69810
69246
69993
69030
68994
70108
69507
69254
69682
69845
69586
70192
69384
70091
69996
70187
69343
69476
69229
69318
69494
69047
70003
69146
69622
69946
69253
69620
69372
69823
69038
69138
69808
69645
69484
68992
70164
69950
70103
69300
70124
70063
68931
69313
69044
69290
69149
69151
70024
69653
69588
70378
70302
71242
70822
70529
70537
70958
71074
71350
71069
71202
71096
70348
71087
71299
71419
70688
70518
71430
71086
70934
71291
71357
70370
70232
71431
70416
70649
71302
71179
70507
70254
70540
70736
71253
71035
70262
71230
71196
70385
70524
71472
71446
70380
70680
70716
70723
70582
70837
70499
70433
70855
70812
71045
71098
70938
70706
71051
70809
71484
70725
70584
71417
70563
71311
70844
70281
71046
70276
71423
70799
70712
70267
71146
70419
70466
71494
71052
70393
70899
70779
70418
71254
70541
71026
70647
70965
71319
71324
71015
70600
70216
71284
70733
71322
71449
71365
71133
71483
71059
72761
72704
72392
72514
72140
71513
71984
72551
71934
71622
71734
72744
72322
72382
72448
71765
71703
71812
72513
71980
72766
71821
72628
71838
72520
72725
71529
72352
71924
71796
71810
72722
72351
71555
71710
71568
72769
71623
71797
72560
71724
71510
72525
72336
71539
71943
71576
71845
72299
72144
72730
71536
72651
71569
72661
72440
71970
72037
71848
72025
72095
72466
72388
71746
72408
71808
72063
72046
72637
72311
72026
71790
71579
72706
72638
72164
72223
72075
72151
71858
71613
71516
71712
71688
71861
72064
71930
71969
71977
72217
71874
72314
72027
72096
71898
72057
72726
72215
71747
72749
72868
72857
72929
74069
73787
73839
72815
73624
74037
73102
73043
73353
73413
73973
73810
73637
73213
74022
74015
73706
73029
73399
73722
73961
73685
73062
73274
73400
73652
72888
72841
72975
73553
73515
72880
73098
73093
72878
72864
73386
72845
73321
73238
73801
73153
73007
73970
73647
73001
73796
73760
73183
73172
73155
73669
73693
73392
73257
73596
73473
73957
73622
73831
73250
73302
73791
73009
73568
73626
73777
73990
73409
73212
72832
73352
73541
72871
73533
73966
73698
74057
74025
73506
72886
73800
73981
72943
73695
73892
73516
73779
73887
74051
73185
73778
72971
74013
73456
73002
73457
74729
75019
74454
75170
75342
74340
74694
74117
74393
75377
75053
74278
74692
74724
74329
74510
74158
74525
74193
75353
75073
75031
74372
74894
75001
74743
74815
74512
74951
74618
74907
74744
74203
74767
75007
74199
75016
74369
75352
74389
74680
74396
74571
74422
75327
74974
74433
74833
75201
75126
74659
74401
75348
75148
74526
75251
74944
74982
74305
74918
74836
75021
74960
74295
74420
74840
74397
74490
74344
74398
74501
74157
74979
75115
75142
74261
75317
74196
75203
74513
74238
74947
74586
75242
75175
74604
74270
74778
74566
74779
74962
75205
74628
74403
75390
75047
74755
74600
74832
74656
75587
75444
76422
76472
75726
76252
76609
75603
76124
75653
76332
75951
76421
75650
76023
76653
76052
76597
76071
76537
76118
75740
75796
76446
75802
75987
76114
75877
76326
75735
76560
76093
76180
75813
76080
76024
75851
75512
76388
75822
76134
75717
76325
76353
75527
76445
76431
75941
76492
76104
76194
76630
75495
75460
76192
76550
75756
76649
76379
75829
75668
76277
76324
75665
75750
75800
76410
76658
76373
75925
76337
75976
76432
75803
76035
76622
75808
76603
75768
76015
75997
75729
75841
75736
76141
75457
76174
75810
75408
76493
76090
76429
76441
76253
76036
76085
75663
76381
75835
76664
77704
77529
77719
77965
77853
77574
77550
76812
76993
76875
76862
77414
77116
77393
77855
77967
77481
77121
77664
76830
77221
77889
77469
77055
76865
77510
77235
77382
77239
77874
77226
77573
76809
77735
77451
77133
77627
76916
77263
77396
76961
77938
77349
76733
77517
77355
77634
76906
76864
77010
77262
77428
77764
77416
76715
77548
77646
77817
76868
77127
76926
77533
77156
77098
77326
77402
77882
77878
77963
76746
76944
77003
77446
77788
77919
77797
77812
77563
77837
77053
76964
77698
77485
77665
77806
77845
77480
76740
76855
77306
77440
77901
77286
77237
77260
76981
76785
77552
77492
77873
78937
78335
78585
78378
79212
78830
79034
79082
78841
79262
78845
78554
78783
78081
78439
78762
78710
79246
79220
79264
78875
78251
78157
79232
78009
79042
79283
78184
78836
78049
79255
78174
79013
79123
79075
78871
79140
79213
78551
78160
78816
78124
78858
78811
78650
78596
78398
79139
78381
78025
78695
78516
78918
78561
78056
78393
78082
78821
78164
78464
78168
78747
78151
78495
78748
79293
78265
78306
78606
78418
78706
78873
78122
78359
78990
78295
78617
78193
79234
79231
79004
79245
78999
79137
78179
78121
78267
78156
78116
78613
78402
78043
79158
78390
79228
79006
78805
78040
78236
78271
79941
80268
80540
79999
80187
80067
79777
79549
79582
79986
80080
79820
79914
79744
79779
79829
80491
79630
79636
80431
79540
80019
79364
79766
79633
80514
79650
79688
80456
79390
80372
79599
80079
80098
79789
80525
79414
80093
79485
79896
79316
79926
79462
80136
80302
80388
79348
80473
80193
79591
79928
79444
80185
79695
80119
79664
80410
80338
79489
79927
79882
79817
79603
80104
79426
79647
80355
79945
79467
80023
79763
80295
79985
79480
79417
79639
79739
80343
80496
80438
80237
79877
80041
79354
79942
80307
80060
80280
80341
80105
79975
80114
79397
79514
79617
80558
79602
80186
79631
79684
81297
81839
81771
81249
81225
81844
81586
80699
80977
80950
80971
81656
80991
81608
80929
81256
81198
81435
81109
80964
81299
81288
81234
81387
80813
80604
81184
80873
80858
81286
80897
81061
81010
81785
81495
81686
81723
81627
81083
81231
81794
80659
80810
80610
81673
81804
80908
80681
81606
81018
81364
80986
81643
81613
81657
81375
81739
81783
81677
80758
80794
81363
80682
81133
81075
81483
80771
80710
80726
81879
80656
80760
80809
80625
81675
81571
81667
80754
80992
81649
80693
81567
81446
81897
80628
81517
81226
81389
80818
80720
81631
81254
80826
81154
81247
81148
81223
80637
81742
81215
81988
81933
83172
83122
82497
82706
83116
82376
83084
83154
82411
83024
82610
82427
82866
82442
81920
82976
82261
82796
82773
82719
82087
82000
82065
82907
82896
82460
82051
82361
81984
82836
82295
83007
82503
82827
81948
82519
83151
82550
82019
82287
82207
82514
82272
81913
82408
83162
83067
81979
82748
82488
82467
82151
83013
82473
82955
82906
82476
82478
82854
82924
83181
82144
82308
82790
82925
81938
81936
81947
82274
81902
82089
82453
82966
82885
82098
82426
82684
81982
83108
82642
81903
82754
82451
83124
82690
82651
82693
82134
83101
81928
82856
82816
82778
81967
82740
82844
81998
82057
83315
83980
84080
83366
83933
83233
83970
83802
83557
83705
83453
84161
84004
83212
83254
83444
84466
83527
84368
83545
83359
84217
84315
83264
84224
84467
84314
83645
83757
84243
84179
83949
83741
84041
84047
84338
83784
83380
83842
83752
83374
83778
83566
84441
84050
83462
83763
83216
84320
83704
83689
84145
84428
84120
83495
83572
83954
83710
83795
84048
83517
84288
83328
83334
83820
83903
83274
83883
84424
83871
84187
84097
83829
84015
83722
83833
84410
83478
84092
84142
84290
83797
83794
83608
83543
84219
83448
83963
84210
83731
84059
84393
83364
83400
84286
83984
83836
83934
84394
83377
85536
85540
85290
85776
84758
85104
85204
84843
85399
85334
84612
85603
84898
85778
85153
85425
85737
84529
84511
85793
85053
85110
85572
84897
84952
85193
85787
84740
85329
84784
84577
84775
85258
85712
85598
85118
85320
84578
85551
85503
85285
85097
85432
85476
85446
85447
84864
84785
85239
84510
84968
85326
84541
85743
84776
84712
84786
84651
85681
85084
85190
85001
84537
84757
85274
85018
84691
84717
85014
85021
84519
85295
85207
85235
84609
84910
85096
84839
85130
85486
85768
85367
84597
84990
84560
85505
84660
85547
84561
85125
85273
85119
84796
85792
85378
84594
84988
84918
85382
84539
86595
86149
85925
85808
86016
86131
86694
86696
86193
86454
86015
86325
86265
86243
86607
86421
86517
86790
86668
86143
86027
85957
86916
85911
86832
86461
86178
86701
86103
86876
86187
86255
86154
86548
85940
86858
86217
87006
86479
86883
86301
86372
87028
86513
86309
86094
86851
86961
85953
86794
86352
86644
86609
86354
86584
87044
86046
85959
86090
85831
86067
86850
86182
86011
86362
87024
86936
86069
85902
86615
85988
86539
86728
86946
85968
86044
86403
86675
86583
85976
85806
86875
86389
86038
86538
86976
85800
86176
86236
86258
86196
86086
86991
86410
85818
86279
86630
87040
86450
86969
88388
87109
88375
88328
87503
87695
88029
87699
87357
87744
87631
87915
87495
87958
87765
87933
87590
87721
87787
88344
87751
87968
87711
88125
88358
87334
87231
88279
87163
87648
87521
88229
88148
88183
87551
87805
88334
87965
87343
87204
87466
88395
87131
87657
88118
87999
88380
88264
88393
87678
88273
87250
88353
87756
87341
87482
87630
88153
87689
88282
88203
87943
88056
87438
88036
87729
87914
88048
87394
88288
87366
87867
87467
87401
88131
87664
87677
88133
87706
88129
87197
88002
87623
88013
87454
88267
88385
87553
87261
87361
87287
88379
87549
87896
87641
87934
87770
87907
88364
87203
89132
88907
89607
88931
88425
88504
88645
88490
89451
89150
89328
89128
89171
88617
88835
89066
89269
89563
88729
88972
89493
88427
89222
89489
88955
89275
89559
89412
89428
88589
89448
88627
89058
88616
89455
88950
88990
89299
88730
89359
88954
89462
89648
88908
89427
88600
88737
88688
89654
89148
88666
88654
88769
89272
89512
88865
88423
89380
88809
89429
88986
89025
89196
89200
89570
89556
89186
88706
88802
89367
89145
89411
89240
89378
89362
88939
89466
89396
88977
88445
89184
89463
89494
89652
89021
89335
88670
89358
89419
88466
88983
89010
88805
89301
89504
88702
89155
89391
88851
89402
90528
90069
90852
89965
90324
89947
90362
90265
89898
90033
90380
90765
90539
90122
90936
90348
90814
90428
89917
90516
90715
90789
90222
89809
89872
90596
90070
90105
90618
90314
89717
90015
90279
90938
89755
90622
90709
90207
90218
90363
90264
90617
89930
90483
90877
90246
89753
90123
89985
90469
89801
90931
90003
90263
90890
90068
90718
89836
90860
90918
90990
90261
89716
90451
90491
90379
90083
90672
90408
90452
89921
90456
90389
89845
90413
89808
90924
90976
89805
90156
89754
90646
90876
90494
89912
90172
90949
89760
89773
89922
89890
89843
89979
89902
90521
90977
90871
90358
90440
90878
91713
91364
91002
92055
91676
91972
91362
91896
91150
91641
91030
91904
91045
91170
91728
91224
91556
91695
92112
91071
91996
91060
92183
91883
91866
91773
91833
91938
91882
91468
92147
92280
92116
91043
91428
91836
91352
92065
91290
91289
92122
91508
91911
91497
92103
91564
91053
91197
91209
91069
91892
91834
92216
91033
92021
91221
91373
92254
91439
91051
92266
91085
91925
92145
91038
91679
91738
91034
91807
91046
91684
91304
91353
91446
91417
92119
92262
91220
91783
91377
91415
92007
91816
91826
92043
92036
91692
91133
91453
91444
91800
91074
92186
92013
92212
92173
92132
91385
91751
91648
93498
93331
92951
93214
92474
92909
92956
93248
92761
92538
93464
92970
92599
93017
92308
93219
92928
92848
93392
92812
93131
93462
92689
93330
93160
92866
92962
92725
93282
92889
92307
92539
92839
93119
93494
93031
92702
92704
92588
92814
92991
92331
93250
92356
93591
93320
93049
92663
92613
92968
92383
93419
93201
92351
93364
92347
93461
93322
93424
93148
92931
93557
93246
92699
92659
93092
92952
93349
92499
92491
93369
92993
92334
92937
93444
93289
92703
92674
92918
93127
93084
92792
92698
93199
93361
93425
93153
93497
92667
92566
93511
93448
93527
93421
92447
93123
93476
92821
93184
93018
94111
93905
93642
94102
94505
94350
94317
94050
94862
94062
94057
94212
93874
94187
93813
94439
93633
94206
94866
93938
94035
93766
94347
94479
94107
94476
93782
94526
93776
93722
94305
94667
93908
94793
93664
94198
93686
93723
93829
93727
94396
94024
94092
94097
94647
93947
94104
93931
93875
93955
94120
94149
94894
93618
94726
93860
94261
93646
93998
94541
94483
93623
94093
94871
93828
93851
94410
93626
93670
94470
93800
94737
94834
94023
94570
94459
94325
94639
93952
94376
93803
94522
94886
94512
94349
94145
93893
94217
93941
94527
93969
93647
93832
94320
94390
94581
94799
93740
94054
93743
95712
95329
95580
95780
95980
96043
96109
94942
95070
95905
95496
94938
95574
95457
94964
95534
95464
95176
95731
95199
96134
95002
95614
96196
94997
95156
95544
95664
95092
95663
95517
95983
95844
96149
95533
95333
95285
95970
96091
95414
95943
96058
96130
96037
95396
95937
95595
94989
95857
95895
95429
95605
95460
95057
95906
95606
95665
95635
95322
95418
95562
95891
95523
96155
96078
95803
95064
95825
95372
95720
95231
95243
95569
95415
95413
95585
95184
95304
94900
95753
96024
95212
95956
95387
95966
96127
95085
96007
95885
94965
95380
95897
94998
95080
95474
94957
96124
95305
95161
94944
96400
96316
97072
96773
96228
96797
96725
97431
97229
96538
96860
96518
96602
97449
96999
96628
96858
97092
96739
96205
96691
96957
97054
97071
97150
96474
97231
96261
96522
96616
96617
97030
96679
97398
96730
97222
97366
96650
96754
97125
97254
97020
96572
96348
96204
96219
96938
97396
96240
96413
97022
96550
96598
97319
96488
96329
96731
96531
96340
96478
96696
96718
97175
96659
96897
96964
96404
96966
96596
96647
97498
96255
96487
97176
96589
96749
97024
97362
96933
97417
96378
97039
96447
97370
97105
96904
97408
96588
96929
96946
96567
96212
97367
96934
97489
96575
96851
96308
96917
97406
97842
97751
97927
97921
97611
97702
98615
97595
98070
97836
98276
98071
98746
98051
98666
97883
97578
98477
98152
97974
97942
97905
98372
98185
98260
98546
97824
97649
97989
97986
98310
98139
97691
98007
97754
98725
97657
98705
98523
97862
97661
97567
97767
98751
97869
98157
98552
98745
98390
97785
98261
97517
98714
98678
97913
98420
97828
98562
97704
97889
98133
98109
98055
97947
98407
98640
98623
97607
97666
98515
98504
98521
97509
98099
98394
97728
98190
98754
97681
98635
98309
98065
98082
98634
98121
98207
98347
98708
98608
98187
97641
98306
97724
98271
98595
97668
97710
98123
98101
97637
99695
99580
99952
98807
99420
99356
99098
99557
99497
99604
99270
99058
99332
99362
100054
99021
99717
99830
99639
99060
99143
99901
99180
99433
100092
99476
99654
99239
99182
99553
99167
99112
98855
98900
99917
98873
98990
99897
99276
99799
99766
99343
99440
99714
99848
99624
99955
99906
99253
100049
99444
99711
99252
99404
99723
99001
99964
99824
99879
99367
100011
99773
99529
98814
99801
99003
99435
98913
99011
99030
99721
98959
100017
99369
99094
99570
100065
100080
99805
99477
99820
99359
98972
100063
99121
99380
99415
99186
99544
98993
99844
99034
98999
99925
99458
98974
98853
99789
98929
99504
101043
101374
100165
100385
101233
101222
100273
100513
100146
100158
101357
100861
100205
100752
100975
100983
100872
100359
100103
100765
100312
100915
100498
100457
101120
100706
101299
101325
100676
100786
100887
100208
100387
101066
100803
100827
100277
100142
100848
100164
100603
100360
100437
100500
101342
101177
100362
100401
100422
100404
101305
100613
100615
100412
101165
101255
100869
101215
100229
100822
101200
100529
100965
101130
101236
100484
101262
100190
101294
100880
100481
100741
100857
100655
100608
100367
101354
101095
100862
100179
100429
101007
100334
101189
100954
100957
101341
100492
100381
100920
100978
100113
100991
101267
100564
100688
101115
100299
101092
100628
102175
102686
102016
101454
102278
101653
102579
102455
101569
102552
101742
102590
102165
101403
102553
101670
102029
102440
102479
101599
102217
102422
101511
102397
102100
101999
102676
102683
102107
101960
101882
102591
102193
101484
102150
101777
102599
102665
102666
102245
101945
102111
102260
101446
102295
101501
101844
102114
101935
102444
102429
101772
101728
102646
102514
102337
101595
101620
101526
102330
102586
102383
101459
101783
102357
102196
102463
102331
101630
101661
101981
101929
101952
101464
102195
102031
102128
101726
101601
102183
101854
102138
102133
102301
101930
101756
102237
102556
102003
101696
101523
102250
101932
102428
101822
102454
101551
102535
102086
102521
103984
103234
103556
103785
103651
103695
103767
103462
102752
102871
103154
103713
103534
102973
103482
103955
102967
102917
102703
103764
102713
103882
103196
102921
103396
102897
102972
103425
103387
103090
103725
103869
103952
103060
103208
103414
103652
103183
103674
103152
102753
102911
102826
103297
103349
102790
103321
103457
103623
103838
102777
103108
103942
103629
103878
103102
102823
103555
103862
103929
102885
103135
103507
103885
102800
103159
103841
103256
103741
103430
103523
103302
102829
103235
102708
102915
103299
103218
102895
103506
103367
103251
103914
102908
103521
103169
103719
102925
103317
103353
103798
103116
103023
103918
102835
102794
103411
103819
103488
102827
104115
104895
104674
104239
104757
104308
105224
105185
105153
104436
104681
105122
104804
105181
104356
104488
104512
104327
105106
104667
105134
104444
104361
104415
104677
105024
105206
104935
104243
104961
105050
104383
104825
104577
104154
104771
105131
104973
105113
104766
105006
104693
105199
104241
104258
104149
104063
104799
104079
104104
104557
104379
105079
105149
104121
104964
105287
105277
104575
104470
104950
104117
104248
104144
104026
104309
104229
104481
104089
104244
104353
104516
104847
104703
104351
104322
104020
104193
104744
104111
104780
104348
105080
104805
105161
105253
105177
104134
104212
104682
104630
104907
104755
104479
104022
104429
104107
105166
104534
104581
105336
106086
105462
105804
106370
106541
106286
105565
106580
106559
105599
106390
105439
105927
105757
105839
105822
105660
106213
105941
105480
105965
106574
106505
105792
106147
105608
105614
105394
106478
106518
106547
106394
105568
105675
105473
106264
106169
105981
106266
105962
105909
106150
105831
106205
106391
106309
106570
105457
105576
105605
105786
106418
106109
105903
106313
105526
106353
106582
106180
105628
106005
105303
106081
105300
106193
106285
106039
105766
105635
106016
105968
105983
105452
105339
105363
106197
105478
105651
106437
105521
105820
106280
105468
106243
106176
106080
105438
106252
105389
105406
105863
106568
106387
105318
106347
105315
106558
106196
106051
107198
106814
107873
107216
106986
107003
107147
107719
107775
107827
107463
107133
107034
106983
106703
107876
107119
107075
106905
106704
107329
107787
107692
107863
107821
106781
106978
107196
107246
106951
107120
107168
106819
106829
106890
107257
107887
106941
107852
107799
107403
107234
107691
107299
106818
106648
106923
107538
107539
107316
107346
106790
106775
107564
107394
107517
107100
107871
107673
107444
107642
107433
107258
107893
107109
107623
107856
107749
107701
107098
106860
107555
107347
107448
107136
107698
107197
107659
107601
107720
107355
106924
106839
107762
107264
107111
107343
106897
107875
107723
107531
106726
106699
107019
107250
107874
107340
107335
107183
107212
108182
108498
108159
108311
109152
108972
107984
109035
108896
108591
108601
108279
108052
108466
108196
108530
108848
109074
108612
108947
109021
108975
108394
108544
107972
109025
108216
108515
109042
107917
108382
108260
108226
109163
108658
108168
108304
108674
108447
108290
108806
108704
108628
107940
108909
108772
108507
109175
109061
108801
108997
109104
108328
109036
108106
109037
108938
108776
108936
108714
108130
107996
108839
107920
108151
108943
108973
107943
108971
107974
108263
108894
108642
109190
108964
108293
109157
108367
108481
109018
108381
108789
108445
107949
109059
108268
108207
109015
108306
108413
109062
108604
108857
108431
108732
107971
108751
108321
107956
108739
110223
109748
109910
109269
110008
109426
109654
109894
109394
110050
110496
109339
110399
109200
109252
109976
109945
109814
110072
109753
110184
109241
109678
109463
109989
110341
109922
109629
110350
109854
109615
109773
109536
109497
109586
110485
109778
109530
109357
109578
109279
109755
109587
109934
110294
110451
109569
110165
109273
109317
109740
110164
110370
109571
109380
109757
109808
110077
110389
109549
110021
109287
109585
109460
110007
109546
109645
109521
109576
109897
109791
109980
109666
109729
109641
110417
109453
109949
109358
109562
110222
109256
109333
110134
109721
109756
109754
110466
109244
110305
110432
109331
110227
109592
109601
110326
110476
109486
109551
110063
110831
111278
111315
111695
111242
110910
111518
111121
111432
111464
111122
110562
110793
110784
110653
111144
110897
111358
111098
110834
110946
111305
110741
110678
111669
111146
110533
110978
111404
110632
111690
110767
111140
111596
111238
110785
110949
110877
111157
110956
110579
110962
111798
111626
111214
110995
110976
110893
110510
111682
110690
111777
111181
111526
111696
110837
111513
111271
111347
110756
111396
111234
111334
111533
111297
111186
111267
111311
110868
111352
111040
110713
111794
111030
110908
110759
111011
110963
111335
110602
111557
110846
111674
111108
110969
111450
110851
110691
111733
110564
110726
110530
110538
111304
111131
111408
111106
111725
111389
111751
111824
112881
112966
113065
112720
112522
112347
113025
112712
112676
112462
112166
112458
112126
111844
113038
112269
112079
112688
112886
112208
112827
112565
112528
112857
112802
112055
112662
112316
112851
112180
111922
112410
112538
112541
112926
112407
112312
112544
113044
112210
112533
111914
112996
111968
112360
111902
112619
111860
112117
112268
111881
113095
112223
112845
112504
112146
112422
112085
112106
111974
112595
112729
112118
112989
112786
111928
112026
113084
112177
112664
112647
112863
112655
112425
112508
112421
112497
111855
113000
112513
112187
112134
113079
112860
111851
112435
112419
111923
112295
113015
112870
112890
112824
112752
112561
112550
111992
112346
112952
113200
113305
114260
113334
113690
114277
113620
113385
114204
113901
113427
114025
113904
113714
113872
114341
113763
113543
113605
113249
114081
113239
114182
113410
113179
113379
113936
114395
113475
113552
113375
114234
113468
114199
113908
113681
113807
114337
113512
114044
113827
113140
113485
113835
114130
113194
114091
113401
113182
113509
114043
113612
113799
113104
113438
114016
113884
113856
113354
113727
114146
114309
113806
113882
114212
113964
113316
113877
113695
114170
113484
114022
113993
113853
113903
113167
113242
114151
113852
113723
113214
114136
113754
114353
113917
114192
114073
114335
113390
113345
113735
114156
113386
113295
113925
113954
113866
114082
113461
113117
114871
114493
114436
114689
114665
115580
114688
115413
115048
114819
115697
115647
114702
114578
115330
115508
114963
115223
114710
115609
114529
115258
115686
114590
114685
115014
115268
114401
114899
114635
114539
115003
115699
115331
114733
115176
115461
114652
114538
115660
114780
115081
114970
114794
115220
114658
114554
115364
115209
114624
115090
115492
114568
114927
114966
114759
115400
114706
114673
114851
114678
115529
115172
114473
115586
114486
114614
115262
114666
115395
114716
114670
115136
114445
114886
114916
115523
115235
114549
115092
115028
114498
114724
115284
114774
115636
114465
114457
114562
114444
115539
114557
115138
115352
115229
115538
115100
114593
115614
114492
116094
115816
116625
116574
115896
116145
115890
115750
116263
116271
115981
116374
116959
116385
116612
116350
116238
116952
116120
116837
116352
116439
116930
116041
116897
116868
116010
116410
115779
116014
116809
115998
116310
116212
116200
116215
116836
116216
115906
116628
116887
116110
115802
116603
116424
115986
116831
116422
115726
115762
116166
116478
116617
116343
116653
116127
116267
115959
116442
115719
116469
116122
115904
116415
115833
116604
116956
116131
116806
116026
115919
115892
116588
116042
116714
115713
116747
116690
115755
116692
116013
116430
116351
115775
116937
116532
115933
116742
116341
116517
115760
116808
115788
115846
116279
116940
116820
116315
115970
116910
118087
117557
117462
118114
117221
117317
117779
117530
117476
117526
117525
117079
117037
117228
117907
117487
117705
117896
117514
117843
117706
118247
117519
117710
117137
117362
117068
118035
117505
117875
117872
118100
117973
117268
117842
117155
117452
117609
117273
117454
117407
117411
117516
117188
117335
117873
117083
117636
117681
117598
117087
118285
117369
118026
117358
118126
117867
117002
118117
117248
118226
117401
117130
117469
117437
117570
118139
118009
117996
117523
118244
118006
117900
118293
117029
117303
117854
118211
117699
117651
117674
118088
117413
117833
117482
117707
117279
118140
117567
117790
117059
117860
117266
117646
117649
117967
117128
118181
117061
117084
118442
119283
119007
119124
118662
118880
118471
119390
119268
118720
118463
118908
118568
119137
119370
118672
119491
119398
118530
118816
119534
118322
119523
118959
119160
119125
119483
118516
119454
118440
118360
118761
119451
119162
119265
118776
118605
118759
119297
118341
119019
118349
119314
118504
118612
119529
119018
118896
119473
119295
118620
118690
118845
118575
119197
119440
119474
119201
118984
119180
119038
118860
118505
119599
119488
119308
118767
119495
119110
119560
118365
118391
118617
119556
119379
119538
118941
118962
118743
118315
118454
118652
119509
119338
119148
119155
118855
119441
119475
118567
119569
118771
119358
119486
119179
118960
118413
119478
118754
118345
120663
120022
120874
120285
120326
120364
120057
120664
119756
120366
120835
120267
120591
119670
120062
120102
120772
120843
120257
119763
120231
120814
119989
120533
120186
120219
120363
120007
120386
120896
120221
120125
120314
120544
119696
120502
120862
120016
120713
119856
120700
120574
120597
120593
120758
120273
120501
120299
119974
119847
119664
120443
119629
120638
120121
120885
119793
119617
119660
119808
120838
120237
119655
120577
120699
120586
120476
120499
120645
120817
119825
120213
120178
119963
120041
120211
120401
120071
119675
120185
119979
120897
120376
120519
120635
120552
119709
120082
120371
119716
120839
120617
119607
119673
119624
120893
120019
120670
120583
120239
121524
121645
121599
121558
121682
121592
121706
121790
120947
121069
121994
121699
121284
121815
121741
120976
121618
121879
121753
121165
122129
121126
122071
121782
121387
121800
121210
121309
121380
121007
121321
120943
120999
120900
121540
121319
121233
120944
121305
121459
122069
121207
120987
120907
122033
121887
120937
121646
122019
122152
121060
120955
121093
121755
122133
121211
121852
121288
121778
121866
120950
121027
122090
120993
122125
121865
122151
121953
121119
121514
121382
121958
121606
121604
122110
121061
121246
121730
121507
121959
121403
121240
121579
122041
121150
121022
121685
121739
121925
121919
121976
121475
122036
121890
121155
121981
121737
122014
121427
121454
122513
122984
122583
122638
122398
123246
123395
122224
122508
122218
122625
122763
122282
122343
122673
122838
123179
122589
122823
122719
122697
122470
122506
123109
122526
123081
122369
122567
123144
122928
122274
122405
122448
123137
123497
123123
123002
123066
122953
122375
122970
123254
123337
123075
122794
123124
122700
123424
122563
122327
122390
122665
122738
122824
123460
122653
123227
122253
122827
122406
123429
122720
123287
122582
122337
123017
122937
122542
123223
123285
123018
122849
123473
122836
122220
122351
122235
123234
122958
123110
122596
122281
123325
122785
123043
122284
122805
122525
122417
122758
122570
123131
123008
123310
122893
123407
122842
122666
122467
123050
123908
124367
123544
124755
124525
124309
124094
123648
123832
123810
124181
124538
124593
123627
123847
124058
123871
123813
123842
124797
124562
124351
123850
124720
124785
123930
124233
123602
123939
123825
124054
123675
123877
124261
124195
123864
124383
123597
124670
123576
124046
123852
123588
123872
123816
124342
123785
124370
124522
124330
123902
123635
123646
123564
123953
123750
123727
124174
124117
124067
124362
124026
124584
124123
124724
124552
124036
124237
123905
124660
124282
124574
124523
123582
123873
123577
124118
124738
124252
123666
123780
124520
123879
123587
123644
123686
124210
124495
123809
123828
123570
124329
123578
123628
124280
123898
123753
123798
123603
124223
124960
125639
125590
124953
125291
125964
125715
125020
126096
125395
124919
124961
125345
125677
125103
125694
125365
125750
125461
125820
125056
125713
125873
124801
124840
124990
125985
125563
125606
125316
125771
124864
125736
125045
125021
125354
125400
125296
125323
125657
125711
125402
125798
125755
125342
125559
125238
126073
126033
125986
125704
126069
125426
125494
124819
124988
124974
125236
125843
125793
126017
125731
124845
126036
126074
124951
124898
125584
125370
125819
124984
125916
125463
124966
125661
124908
125244
125766
125635
125700
126052
126097
125876
125510
125683
125638
125183
125727
124917
125131
125760
124856
125427
125679
124879
125848
125614
125561
124887
125479
127284
126639
126726
127106
126432
126144
126468
126814
126247
127158
126859
126125
126799
126129
126685
126570
126650
126267
126327
126138
127193
126372
126748
126418
126770
127319
126660
127009
126217
126674
126961
126263
127254
126681
126519
126698
127302
126489
126382
127399
127255
126430
126117
127236
126577
127363
126679
127245
126596
127057
126214
126860
126271
126157
127351
126851
126110
126908
127354
126122
126492
127167
127060
126612
127366
126517
126797
127036
127045
126137
127229
126832
126532
126245
126912
126323
127178
126507
126474
126955
127395
126821
126631
126862
127007
127258
126999
126503
126151
127289
126928
126842
127052
126358
126419
126253
126767
126658
126308
126947
127722
128669
127432
128091
128491
128093
127977
127688
127793
128562
127762
128420
128699
127516
128241
128649
128673
127656
128382
127520
128486
127767
127746
128214
128666
127800
128054
128697
128322
128674
128178
127811
127856
128343
128174
127724
127540
128580
127502
127715
127985
127870
128159
127707
128655
127725
128014
128263
128233
127465
128115
128563
127580
127909
127491
127764
127924
127616
127769
127510
127407
128119
128096
127929
128266
127682
127848
127827
128011
128170
127670
128088
128378
128161
127633
128581
128482
127578
127464
128447
128052
127521
128235
127536
128546
128280
127459
128246
128066
128075
128388
128387
128492
127413
128437
128056
128566
128423
128130
128612
129628
129051
129291
129356
129446
129279
128774
129992
129612
128755
129595
129213
129108
129327
129218
129638
129008
129698
129302
129124
129937
129272
129989
129700
129964
129546
129650
129830
128776
129046
129863
129870
129488
129996
129706
129300
129345
129565
129951
128895
129142
128819
129192
129745
129541
129441
129557
129926
129028
129914
129254
129562
129629
128748
128871
129990
128914
128920
129909
129656
129645
128787
129491
129630
129901
129072
129809
129517
129484
129800
128786
129304
129357
129206
129115
129333
129691
129177
129004
129170
128757
129015
129105
128825
129064
129526
128974
129877
129026
128828
129432
129395
129421
129530
128936
128939
128717
128878
129735
128960
