270
1867
2956
4569
5300
7687
8807
10030
10951
11709
14138
15092
16868
17781
18519
20213
21849
22220
24381
25169
26395
27529
28834
30915
31482
32799
34548
35940
37223
38606
39792
40345
41668
43107
45387
46660
47339
48273
49517
51428
52062
54352
54698
56416
57528
59236
59844
62050
62725
63786
65244
67391
68584
69021
70437
71653
73151
74577
76566
77750
79246
80551
80790
82033
83713
85354
86983
87543
88956
90318
91071
92785
94781
95138
96647
98105
99028
101082
102290
103337
104396
105618
107045
108444
109476
111265
111823
113384
115060
115771
117959
119099
119746
121081
123084
123883
125496
126777
128563
128732
