97
205
820
13
617
715
1061
202
848
993
1212
622
457
955
967
777
1285
1128
485
531
940
1108
905
828
579
632
806
628
753
260
483
552
423
259
556
1013
576
991
1288
511
950
520
705
736
936
665
1081
1201
1036
477
48
200
897
755
324
1251
192
380
930
1162
1238
143
337
230
418
532
254
934
989
110
1263
1163
924
24
369
231
302
36
923
145
716
643
252
867
1267
395
8
926
1144
346
257
1125
1244
1291
1102
212
400
142
1227
1109
2011
1567
1322
2149
1868
1865
1382
2506
2538
2092
1812
2514
1716
2154
2598
2492
1301
1970
2243
1780
1622
1470
1572
1464
1486
1534
2308
2529
1441
2188
2504
2218
2376
2015
1348
1772
2391
1579
2389
1683
2053
2583
1763
2594
2402
1577
1671
2036
1738
1871
2537
1389
1933
2172
2166
1436
1889
1670
1596
2017
2505
1576
2062
1984
1639
2203
1373
2572
2479
2586
1634
2236
1426
2375
2527
2526
2278
1367
2020
1346
2454
2536
1765
2026
2565
1719
1792
2081
1632
1590
1498
1335
2321
2310
2419
2133
1653
2246
1447
2397
3434
3444
2863
2680
2833
3755
3880
2710
3864
3653
3669
2602
3453
3306
3730
3066
2652
2603
3549
3087
2662
3432
3646
3377
3308
2868
3231
2739
3456
3192
3298
2677
2941
3713
3651
2673
2794
3853
3162
3468
3761
3024
2645
2754
2760
3099
3144
2843
3544
3677
3509
2850
3449
2672
3364
3341
2608
2776
3865
3332
2966
2726
3175
3343
3136
3824
3150
3731
2631
3280
2618
3367
2775
3405
3502
3759
2994
2663
3595
3842
3743
3184
3785
3207
2955
3383
3304
3067
3123
3692
3167
3339
3429
2890
3386
3560
3698
3384
2617
3461
3914
4060
4663
4628
5076
4695
4838
4484
4819
4320
4937
4133
5085
5075
5112
4952
4849
3904
4106
3925
4327
3936
5083
4488
4256
4291
4372
4903
4891
4490
4267
4955
4142
4732
4132
4021
4155
4920
4302
3900
4847
4473
5005
4502
4165
4092
4913
4188
4136
4278
4172
4909
5123
3983
3944
4275
4173
4717
4625
4932
4342
4564
4409
4442
4852
5114
5009
4286
4369
4397
4197
4061
4161
3989
4731
3934
4295
4522
5044
4790
4439
4204
5030
4358
3964
4405
5081
4076
4016
4386
4391
4592
4950
4255
4823
5140
4796
5198
4645
5125
5421
5382
5670
6128
5367
6070
5459
6309
5706
6298
6200
6340
5984
5952
6484
6346
6435
5731
5327
5843
6412
6495
5746
6154
5752
6295
6313
5880
6124
5894
6473
5729
5480
5458
6453
5610
5720
5472
6451
6466
5976
5921
5495
5859
5211
6094
6407
5313
6111
5238
5689
5294
5526
6336
5357
6292
5298
5647
5793
5462
6359
5560
6404
5461
5784
5973
6454
5631
5383
5805
6089
6252
6011
5660
5972
6399
5656
5427
6376
5523
5592
5661
6272
5867
6103
6066
5773
6006
5556
5942
6098
5521
5754
6396
5609
6446
6389
6024
5711
6456
6632
7707
7704
7642
7563
6654
7491
7495
7472
6627
6931
6790
7108
7385
7112
7243
7456
7427
6798
7023
7587
6705
6764
7450
7784
6596
7111
7440
7747
7696
6803
7344
7668
7691
6878
7693
6666
7742
7702
6525
6548
6531
6844
7128
7028
6605
6812
7293
6521
7749
7045
6540
6774
6792
7365
7234
6738
7779
7153
6897
7554
7549
6535
6503
6969
7773
7084
7569
7149
7069
7687
6575
6571
6600
7583
7131
7371
7697
6995
6599
6635
7239
7538
7037
7158
6519
7454
7441
6899
7142
7335
7185
6643
7654
6871
6706
7556
7279
7567
6597
8169
8715
8310
8893
8456
8844
8647
7959
9087
8579
8554
8420
8520
7926
8620
8205
7922
7875
8106
9032
8452
8936
8944
9067
8407
8318
7960
8361
8322
8951
7880
8377
8423
8196
8374
8930
8600
8641
7860
8121
8798
8792
8761
8156
8410
7886
8122
8581
7901
8140
8332
8491
9015
8601
8504
8672
7814
8605
9028
8178
8288
9024
8726
8810
8227
8378
7982
8500
8874
9013
8421
8650
8302
8167
7846
8390
8299
8499
8790
8119
8459
7939
9076
8797
8014
7983
8869
9059
7835
8677
8052
8266
9016
8085
8198
8026
8044
8313
8033
8567
10147
9193
10376
9430
9859
9420
9892
10332
10391
10234
10158
9319
9341
9635
9194
9931
10359
9729
9581
10044
9608
10225
10259
10330
10221
9173
9506
9610
9442
9945
9910
9464
9166
9947
10127
9530
9491
9783
9313
9843
9218
9293
10370
9416
9234
9370
9719
9263
10033
9709
9836
9119
9495
9441
9444
10297
9192
9930
9998
9435
10002
9854
9794
9803
9364
9916
10169
9818
10104
9365
9577
9392
9363
10085
9456
9629
9282
9837
9136
9505
10055
9672
9238
9273
9562
9240
10122
9770
9898
9297
9628
10211
10197
10100
9858
9529
9534
9353
9154
9988
10594
11524
11655
10427
11038
11252
10901
10916
11508
10773
10976
10890
10542
10458
11297
10874
11579
11556
11177
10655
10742
11027
10861
11550
10801
11096
11000
11364
11543
11446
11257
10543
11373
10746
11568
11698
11079
11169
11216
10410
11092
10658
10826
11605
11560
10845
10551
11294
11629
10582
10412
11143
10978
10880
10755
11182
10999
10918
10921
11230
11599
11685
10717
10941
10483
11120
10440
11570
10609
11586
10435
11145
10587
11643
10889
10578
11157
10452
10911
11649
10687
11494
11144
10401
10940
11183
10620
11573
11323
10576
11351
10754
11369
10615
11522
11363
10931
11577
10791
10956
12210
12119
12332
11835
12502
12884
11723
12570
12278
12426
11989
12085
12449
11912
12979
12530
12912
12721
12138
12121
12068
12218
12963
12953
12997
11731
11704
12727
12940
11862
12464
12249
11744
11763
11892
12256
12904
12041
12131
12176
12334
12126
12298
12882
12422
11822
11971
12296
11876
12935
12096
12209
12532
12015
12481
12240
11866
12383
12705
11982
12509
11930
12305
11990
12784
11816
12569
12234
12651
12173
12078
12909
12939
11987
12221
11953
12220
11807
11968
12526
12955
12773
12128
12311
12800
12442
12400
12601
12489
11703
11983
12888
12143
12670
12692
12684
11841
12982
12991
12035
13549
13874
13503
13100
14156
13983
14289
13667
14214
13426
13481
13130
13937
13368
13548
13398
13149
13746
13801
13512
13875
13946
13366
13818
13562
13490
13505
14146
13468
13757
13971
13836
13255
13014
13118
14133
13342
13936
13776
13743
14200
13529
13337
13320
14119
13250
13009
13370
13219
13552
13653
13103
13050
13023
13335
13032
13852
13629
14011
13760
13321
13856
13148
13748
14115
13765
13085
13290
13404
13106
14223
13169
13005
13258
13666
13942
13613
13167
13885
14118
13153
13953
13011
13367
13245
13285
13543
13188
14141
13991
13996
13230
13534
13162
13412
13220
13714
14003
14225
13636
15242
14360
15484
15575
15560
15268
15225
14951
15119
14444
14849
15335
14841
14451
14860
15518
14979
15438
14871
14709
15514
14903
15259
14608
15493
14622
14978
15586
14707
14827
14870
15509
14676
15550
14686
14958
15457
15314
14636
14883
14423
14528
14791
14683
15506
14319
15405
14765
15421
15204
15071
14399
14974
15174
14366
14992
15004
14727
14601
14577
15407
15233
14617
14836
15102
14511
14797
14980
14427
15567
14468
14731
14335
14607
14471
14610
15156
14976
14542
14519
15353
14681
14864
15578
15365
15445
15373
15381
14532
15063
15446
14664
15351
14682
15293
14915
15036
15589
14768
15467
15833
16427
16403
15816
15630
16587
16480
15659
16227
16168
16245
16532
16756
16269
16583
16397
16665
16455
16725
16642
16109
15874
16831
16579
16077
16799
16586
15891
15853
15640
16274
16327
16371
16418
15908
16767
15709
16550
15764
16667
15664
15706
16781
15634
16666
16495
16343
16359
16859
15943
16230
16699
16787
16522
16047
16614
16551
16509
16715
16768
16473
15922
15771
16027
15873
16122
15798
15705
15842
16372
16648
15761
16619
15675
16038
16414
15916
15641
16713
15926
16108
15728
16075
16566
16511
16576
16591
16203
16424
16556
15988
16861
15910
16453
15950
16336
16437
15698
16199
16615
17187
18168
17183
17961
17934
16913
17060
16999
17577
17772
17498
16903
16941
17596
17858
17193
18101
17456
17133
18144
17939
17874
17164
17979
18191
18040
18033
18038
17855
17409
18011
16924
17097
17250
18163
17857
17691
18023
17453
17406
17751
17688
17069
16917
17173
17282
17832
17514
17048
17923
17898
17548
17323
17328
17701
17251
17038
17285
16919
17130
18128
17509
17119
17304
17557
18109
18081
17422
18087
17792
18050
17083
18166
17168
16911
17255
17078
17104
17936
17697
17963
17107
17781
17535
17516
17924
18073
17129
17778
17537
18076
17160
18123
17618
17019
17039
17113
17796
18093
17560
19110
18582
19357
19481
18323
18416
18530
18492
18575
18412
18519
19186
18912
19058
18703
19486
18735
18706
19072
19381
18418
19386
19483
18451
18407
19278
18823
18918
18762
19365
18443
18633
18237
19162
19325
19344
18679
18832
19021
19363
18605
18249
19014
18432
18722
18396
18599
19184
19408
18367
19183
19265
18513
18411
19450
18732
18520
19477
18673
19030
19170
18758
18491
18385
18610
18311
18496
18824
19207
18675
19309
19478
19136
18282
18283
18962
19317
19269
19140
19243
18820
19196
18621
18215
19102
19398
19214
19418
19000
18247
18802
18805
18586
19215
19161
19244
18480
18843
18236
18958
20169
20700
19722
20190
20118
19953
19716
19865
20741
19744
19851
20456
20073
19711
20357
20446
19748
19623
20317
20681
20292
19730
20083
19515
20616
19913
19705
20726
20537
19824
19960
19609
20069
20097
20205
19725
20326
20214
20079
19914
19599
20386
19917
20759
20385
19994
20316
19648
19546
20248
20578
20731
19565
20179
19785
19595
19714
19853
20574
19519
20075
20790
19644
20135
19527
20758
20166
19756
20011
19779
20251
20594
20133
20510
20219
19996
20182
20566
19670
20268
19621
20518
20617
20314
20568
20120
19603
19821
20153
20223
19869
19523
19782
20720
20407
20563
19728
20132
20361
19616
22004
20907
20817
21102
21918
20812
21229
21742
21279
21404
21194
21115
21609
21759
21225
21515
21614
21970
21114
21507
21297
21565
21311
20901
20904
21438
21871
21456
21909
21900
21670
21844
21328
21659
21677
21075
21644
21843
21230
21131
21299
20858
22016
21544
21936
22015
21463
21551
21252
21907
21681
22051
21372
21481
22065
21486
21839
21422
21398
21166
21645
21474
20991
20908
21144
21597
21146
21402
21164
21094
21984
20966
21023
21755
21915
21997
21162
21704
21982
21989
21116
21192
21533
21452
22018
21736
20978
21854
21637
21156
22067
21546
21330
21519
20822
20971
21351
21190
21756
21595
22868
23193
22833
22285
22493
22152
23011
23207
22450
22271
23210
23154
22212
22830
22964
23007
22655
22748
22228
23255
23191
23393
23244
22336
22841
22227
22925
22782
22650
23297
23151
23078
23227
22953
22456
22384
22850
23219
22161
23153
22603
22970
22616
23157
22656
23357
22804
22583
22554
23136
22429
23276
23350
22668
22874
23060
22847
22111
22995
22865
23356
22658
23169
23181
22975
23187
22973
22933
23380
22608
22140
22203
23390
22941
22387
23308
22146
22579
22946
23150
23389
22391
22318
22950
22453
23398
22186
22985
23010
23246
22627
22679
22194
22678
22315
22417
23347
23267
22180
22769
24375
24058
23445
24288
24456
23966
23432
24402
24133
24573
24037
24394
24141
24247
24503
24611
24372
24069
23595
24201
23764
23824
24265
23410
24331
24630
24612
24334
23455
24016
24075
24581
24346
24430
24444
23563
23499
24600
23983
23947
23518
23548
24306
24272
24360
24159
23901
23494
23967
24298
23916
24218
23995
23845
23749
23763
24328
24645
23675
23625
23819
24527
24407
23668
23597
23606
23684
24263
24511
23721
24385
23574
24450
24061
23633
23973
24434
23443
24415
24595
24435
24179
23704
24548
24384
24564
23428
23785
23530
23969
23474
24275
24198
23693
24136
23506
23468
24245
24199
23946
25167
25681
25147
24980
25794
25373
25898
25852
25025
25487
25871
24881
24803
24709
24778
24767
24962
25813
24828
25689
24921
25634
25190
25815
25189
25599
25790
25390
24964
24821
25913
25460
25995
25370
25012
25550
25472
25571
25943
25322
25327
25669
25683
25203
25033
24847
25187
25796
24835
25198
25945
25589
25170
25249
25144
25154
25288
25540
25311
24761
24823
25625
25890
24716
25267
25358
24915
24993
25705
25442
25481
25888
24882
25851
25377
24743
25451
25384
25448
25480
25533
25077
25343
25532
25111
25127
25792
25394
25440
24894
24900
25008
25199
24932
25880
25728
24872
25278
25039
24788
26721
27076
27196
26248
26904
27066
26879
26554
26836
26094
27028
26662
26286
26262
27197
26949
26457
26007
26299
26889
26132
26829
27087
26093
26351
27166
26272
26623
26336
26460
26018
26247
26863
26864
26087
26684
27177
26154
26393
26146
26677
26845
26656
26478
26022
27191
26493
27209
27291
27058
26938
27299
26069
26548
26774
26220
27173
26319
26919
26907
26109
26475
26559
27113
26469
27249
27297
27145
26812
26531
27213
26072
26755
26670
26811
27211
26117
27165
26851
27044
26758
26824
26249
26525
26050
26119
26872
27092
26057
26246
26817
27103
26376
26547
27189
26231
26916
27280
27268
26166
27782
27911
28190
27726
28041
27594
27909
27758
27704
27615
27766
28148
27949
28591
28257
27385
27667
27946
27573
27312
27810
28559
27624
28535
27559
27693
27821
28327
28495
28502
28599
28208
28268
27931
28425
28061
28225
27971
27380
27472
27688
28424
28473
27502
28261
28338
27608
28110
28294
27330
28543
28089
27900
27453
27799
27306
28297
27591
27967
27352
28178
27508
27768
27929
27623
28191
27438
28108
27429
27686
27942
28123
27474
27348
28239
27721
27539
28016
27466
27491
27462
27907
28577
27711
28542
28390
27738
28100
27373
28245
28209
28433
28223
28147
27468
27862
28114
27883
28330
28554
28792
28814
29126
29525
29654
29152
29400
29802
29499
29793
29190
29179
28648
28890
29380
28976
29860
28995
28967
29839
28724
29694
28773
28760
28901
28670
28812
29325
29235
29712
29547
29385
29345
29879
29222
29497
28685
28964
28681
29470
29187
29683
28877
29630
29678
29413
29443
29323
29177
28800
29167
28725
29217
28719
28849
29849
29249
29283
28938
29043
28675
29077
29692
29642
28862
28764
29088
29693
29762
29519
28896
28931
29432
29883
29251
29412
29741
28969
29675
28864
29528
29861
29746
29785
29731
29588
29489
28738
28776
29168
29745
29794
29713
29277
28908
28758
28772
28979
29115
29660
30329
30343
30580
30484
30322
30644
30023
30500
30229
30532
31006
30314
30100
31139
30402
30549
30800
30660
29936
30263
30270
30749
30566
30323
30479
30481
30974
30080
30807
30337
31195
30731
30281
30940
30297
30722
30648
30972
30300
30693
30438
30360
30454
30277
30629
30849
30048
30493
30442
31194
30872
30515
30620
30634
29955
30137
30874
30666
30459
30805
31049
30810
30524
29979
31018
30405
30679
31110
30961
30473
30664
30691
31199
31051
31025
30491
31103
31098
30668
30822
29963
30146
31102
31026
31183
31046
30208
31104
30006
30751
30383
31031
30371
30830
30913
31172
31043
30594
30552
30604
31946
31333
31481
31692
31955
31430
32213
32214
31777
31458
31670
32489
32190
32347
31550
31500
32020
31332
31684
32424
31740
32447
32426
31581
31329
31882
31669
31791
31869
31656
31209
31910
31237
31422
32108
31915
32365
32280
31601
31735
31799
31454
32361
31441
32266
32350
32345
31453
32140
31326
32097
32098
31594
31676
32313
32185
31745
31989
31609
32188
31622
32165
31693
32264
31976
31973
32182
31725
32210
32391
32334
31214
31233
32403
31812
31628
31896
32490
31828
31726
32383
31235
31407
31635
31631
31863
32377
32404
31309
32444
32189
31301
31231
31232
32401
31666
31657
32019
31562
32485
33366
33588
32951
33178
33719
33799
33337
33735
32848
32826
33757
33564
33672
33355
33281
33670
33388
33215
32916
33378
33412
33553
33057
32598
33379
33047
33606
32587
33487
32960
33615
33428
33461
33048
33395
33475
33204
33651
32744
33264
33386
33793
33158
32834
32957
33700
32565
33205
33563
33448
33754
32510
33792
33443
33750
33170
33748
33327
33492
33128
32603
33313
33730
32504
33343
32527
33455
33467
33698
33649
33224
33092
33290
32572
33087
33208
33401
33120
33648
33652
33641
33587
32920
32904
33481
32781
32768
33139
32807
33273
33164
33596
32610
32609
33284
32788
33237
32751
33756
33627
34570
33864
33801
34729
34137
35041
34475
34160
34550
34191
34498
33870
34208
34123
34463
33973
33983
34453
34580
34431
34078
34180
34465
33894
34088
34384
34114
33980
34007
34768
33851
34548
34302
34084
34454
34806
33865
34670
33966
34395
34752
34351
34168
34579
34787
34731
34572
34846
34786
34593
34956
35061
33911
34192
35000
34056
34947
34867
34967
34650
34332
33944
34850
34942
34361
34387
34653
34290
35021
34993
34317
34769
34095
34272
34814
34204
34116
33999
34100
34301
34050
34757
34115
34031
34745
34647
34340
33811
34445
34707
34794
34710
33898
34637
34489
34284
34251
34147
34312
34601
36171
35151
36095
35350
35720
36230
36074
35950
35124
35362
35695
35678
36280
35628
36387
35687
35965
36204
35140
35442
36099
35648
35953
36117
36179
35380
36278
35360
35346
35941
36164
36263
35795
35457
35545
35997
35142
36064
35389
36065
35708
35470
35310
36020
35330
36243
35841
35504
35337
36327
35538
35255
35850
35100
35945
36285
35507
35144
36332
35117
35612
35691
35886
35948
35835
36136
35822
35733
36148
35422
35451
35735
35995
35936
35718
36289
35223
36391
35148
36071
35896
35978
36272
35926
35562
35126
35139
36264
35371
35698
36216
35725
35830
35554
36116
36166
35984
35246
35753
36009
36904
37453
37303
37298
36591
37272
36452
36830
37078
37431
37582
37614
36456
37283
36946
37132
36831
37282
36432
37102
36780
37090
36564
36520
37128
36768
37585
36590
37147
37554
36777
37340
37275
36648
36767
37000
36930
36608
37593
36956
36742
36943
36758
36898
37229
36640
36770
37031
37613
37353
37089
37034
37140
37021
36759
36891
37017
37332
37277
36963
37060
36892
36815
37170
37018
37352
37037
36612
37346
37695
37699
37200
36817
36458
37274
37631
36678
37287
37616
36911
36603
37547
37430
36843
37266
37260
37391
37619
36673
37621
37359
36750
36549
36914
37270
37210
36518
37193
37394
37120
38606
38822
38463
37777
37728
38843
38897
38092
37723
38295
37839
38317
38341
38118
38537
37909
37953
38420
38110
37995
37913
38637
38179
38667
37962
37783
37896
38913
37948
38919
38917
38269
37865
37906
38141
38548
38933
38070
38602
38489
38401
38019
38130
38410
38479
38053
38618
38721
38554
38916
38166
37911
38318
38176
38447
38208
38493
38082
38536
38498
38760
37793
38013
38591
38788
38177
37764
38857
38330
38958
38440
38742
37986
38613
38023
38669
37924
38968
37756
38105
38131
38439
37894
38871
37832
38713
38202
38095
38674
38491
37736
37843
37830
38944
38831
38661
38754
38242
38792
38383
39301
40245
39120
39856
39030
39108
39144
39459
39880
40294
39052
39791
39850
39734
39039
39759
39837
40210
39276
39343
39363
39958
39705
39859
40024
39456
39177
39158
40005
39217
39608
39407
39147
40168
39275
39388
39532
39179
40256
39718
39362
40125
40197
39603
39395
39061
39743
39879
39773
40150
39754
40194
39396
39143
40226
39473
39422
39819
39843
39913
39631
39174
39317
39814
39645
39489
39998
40057
39688
39302
39216
39280
39805
39861
39480
39611
40241
39715
39818
39574
39599
39135
40120
39361
40101
40094
39692
39583
39376
39103
40174
39802
39858
40019
39255
39834
39202
40201
39997
39236
41578
41355
40756
40998
41471
40418
40769
41097
40313
40725
41445
40804
40669
40831
41192
40657
40927
41292
41598
40805
40949
40516
41514
40599
41094
40371
40452
40704
41564
40901
41067
41247
40641
40992
41220
40681
41081
41055
40789
40753
40668
41164
41007
41465
40586
40395
41327
41131
41237
41106
40624
40400
40690
40407
41366
40853
40614
41198
41571
41253
40924
41500
41151
40948
40842
40546
40908
41218
40692
40794
40716
41186
40780
40823
41141
40875
41541
41295
40966
40532
41278
41506
40911
41337
41391
41559
41407
41485
40566
41518
41582
40507
40600
41147
41207
40513
41540
41098
41153
40850
42408
42700
42130
41881
42122
42416
42314
42459
42748
41730
41888
42723
42254
41926
42199
41663
42531
41913
42425
42589
42441
42410
42050
42760
42343
42498
42606
42799
42258
42275
41714
41711
42715
42761
42397
41739
42825
42568
42440
41620
42569
42725
42025
41633
42497
42648
42081
42747
41732
42214
42793
42043
41644
42174
42095
41682
42274
41834
42802
42256
41698
41835
41950
42663
42359
41679
42893
42365
42040
42786
42303
42063
42587
42279
41656
42110
42690
42656
42052
41753
42154
42111
42396
41859
41782
42605
42080
42085
42075
41702
42530
41631
42129
41796
42007
41954
41683
42465
42506
41652
44050
42992
43493
44154
43186
43004
44178
44109
43968
43227
43510
43197
43062
43048
43716
43737
43797
43039
43140
42957
43096
43636
42905
43073
43272
43588
42977
43107
42989
43397
43242
44085
43429
43688
43643
43563
43752
43033
43920
44023
44049
43041
43361
43017
43484
43438
44159
43439
44033
43113
43556
43440
43721
42929
43832
42967
43176
42986
43488
43130
43499
43273
42993
43884
43155
43679
43564
43366
44095
43558
43359
43569
43856
43508
43108
43022
44180
43694
43363
43043
43791
43028
44169
42995
43541
43150
44067
44130
43432
43786
43662
43232
43603
43689
43393
43565
43215
43199
43935
44046
45397
45374
44499
45457
45261
45202
45045
44927
45468
45441
45227
45423
45428
45153
44210
45039
44570
44978
44324
44391
44963
44699
44546
44900
44638
44226
44645
45433
44721
44815
44715
45333
44575
44890
44907
45451
45037
45361
44380
44445
44650
45096
45291
44619
44623
45300
44485
45136
45215
44489
44557
44906
44874
44564
44322
45349
44790
45231
45124
45388
44334
45392
44429
44317
45099
45195
45179
44246
45301
44786
44835
44250
44718
44420
44228
44973
44631
44695
45187
44669
44988
45213
45092
44745
45192
45331
44597
45475
44652
45132
45435
45275
44300
44281
44964
44642
44839
45228
45289
44674
46002
46754
46148
45628
45877
45786
45880
46213
46177
46222
46251
45808
46611
45578
46205
45735
46041
45821
45524
46444
46282
46194
46059
45741
46766
46778
46751
46526
46087
45654
46793
46305
46097
45602
46607
46265
46440
46104
46243
46211
45775
46790
46132
46452
45800
46266
46237
46415
46254
45510
46300
45950
45883
46795
45851
45553
46542
46063
45995
45743
46143
46746
45571
46357
46334
45681
45763
46318
45546
46280
46341
45853
46768
45981
46721
46040
46378
45721
46354
46229
45551
46074
45868
45500
45955
46140
46236
45824
45769
46541
45774
45935
45964
46461
45538
46005
46128
46420
45726
46563
46850
47874
47077
47388
47467
46840
47770
46963
47799
47757
47690
47402
47413
47952
47244
47293
47657
47851
47064
47858
47163
47834
47761
47713
47786
47258
47372
47249
47842
47541
47329
47431
46899
47075
47988
47432
47672
48080
46982
47896
47122
47311
47990
47308
47472
47503
46893
47421
47081
47505
47636
47518
47790
47092
47655
47689
47738
47352
47853
47723
46866
47980
47509
47984
46812
47021
47032
47434
47182
46990
47697
47339
46932
47613
47386
46912
46998
47774
47656
48022
47840
46992
47299
47023
47977
47180
47053
47954
48065
47165
47528
47210
47284
47408
47024
47706
47490
46901
47347
46949
49148
49363
48983
49071
49301
49142
49271
48725
49117
49223
48701
48148
48847
49278
48362
48513
48988
48378
48104
48598
48668
49122
48921
49189
48154
49313
48405
48843
48180
49325
48685
48838
49251
48236
48499
48907
48998
48320
48733
49217
49358
49106
48969
48628
48959
48608
49153
48436
48331
49374
48795
48689
49307
49360
49101
48545
48452
49298
48345
49347
49174
48392
49146
49078
48139
48349
48113
48714
48777
48857
49264
48756
49151
49031
48241
48427
49267
48782
49280
48646
49053
49211
48252
48804
48982
49392
49341
48314
48305
49107
49310
48423
48476
48483
48791
48221
49373
48631
49287
49094
50402
49534
49533
49613
50383
49504
50309
49912
49558
49623
49705
49519
50512
50698
50502
49849
50277
49864
49965
50311
50492
49553
49824
50012
49989
49994
49925
50577
49670
49448
49602
49535
50379
49802
50270
50272
50661
49532
50301
49877
50068
50233
49596
49626
50632
49587
49541
49452
50256
49439
50334
50527
49525
50317
50166
50375
49815
49803
50254
50327
49863
50050
49844
49818
50515
49635
50127
50104
49564
49857
49761
49727
50423
50120
49755
49633
49729
49699
50646
50337
50683
50022
50572
49926
49606
49959
49468
50333
49691
50280
50500
49976
50203
49438
50388
50417
50608
49490
50271
49470
51879
51976
51405
50859
50803
51971
50754
51229
51822
50944
51548
50759
51787
51944
51764
51645
51875
51553
50943
51055
51417
51947
51410
50831
51422
51034
51143
50741
51856
51078
51132
51511
51919
50726
51683
51011
51112
51043
51774
51150
51564
51338
51424
51183
50848
51554
51547
51814
51813
51998
51595
51614
51647
51837
51303
50737
51137
50976
51088
51226
51056
50719
51449
51639
51544
51443
51355
50921
51289
51588
51942
50752
51062
50783
51709
51185
51377
51448
51075
51488
51190
50946
50774
51477
51570
51172
51779
51297
51828
51992
51314
51482
51283
51293
51051
51986
51091
51733
51092
51029
52616
52516
52109
52233
52556
52738
52453
53119
52460
53178
52247
52311
52620
52840
52147
52689
52903
52423
53247
53038
52155
52326
53103
52138
53220
52421
53281
52030
52566
52749
52058
52063
52947
52455
52158
52578
52782
53018
52781
52768
53287
53239
52301
52206
52627
52938
52005
52473
52449
52637
53107
52825
52118
52305
52666
53019
52043
53008
52262
53219
52198
52215
52274
52916
52174
52639
52462
52046
52239
52550
53043
52740
52874
52479
52297
53229
52525
52335
53083
52746
52225
52289
52965
52996
52998
52102
52972
52365
52408
52437
53145
52260
53180
52770
53263
52261
53172
53050
53095
52669
54110
53390
53804
54260
53509
53642
53584
54119
53961
53861
53387
53631
53739
53990
53615
53986
53589
53478
54117
54157
53888
53490
54114
54122
53780
53408
53645
54089
54215
54311
53874
53713
53891
53699
54489
53348
54357
53529
54345
53579
54433
53567
53512
54107
54517
54108
54579
53653
53542
54204
53576
54420
53989
53502
54280
53428
54549
54447
54599
54595
54506
54376
54553
54221
53499
53934
53859
54176
54352
54203
54323
53685
53732
53881
53639
54278
53734
54408
53496
53735
54279
54470
53349
54424
53440
54534
53412
54254
53563
53409
54210
54497
53983
54331
54305
53330
54330
54589
54471
53367
55423
55237
55055
55420
54644
55736
55692
54609
55317
54965
55195
54683
55283
55418
55544
55281
54978
55702
55079
54810
55421
55664
54712
54890
55821
55156
54904
54850
55175
54973
55816
54798
55116
55854
55672
55412
54808
55521
55368
54710
55338
55250
55631
54704
54970
54643
55361
55328
55695
55835
54739
54877
55248
55432
55102
55500
55503
55019
55495
55556
54991
55196
54647
55003
55350
55491
54999
54888
54981
55422
55191
55501
54639
55351
55578
54684
55094
55543
54781
55190
54876
54878
55723
55570
55602
54881
54701
55408
55400
54658
55322
54760
54632
55201
55131
55426
55525
55246
55269
55389
56002
56210
56854
56409
56414
57157
56520
56550
56677
56779
56898
57182
56556
56930
56008
57142
56215
56323
57184
56225
56009
56279
56433
56084
55991
56925
57194
56717
56423
56442
56939
56265
55962
56007
56606
56376
56339
56967
56302
56705
56949
57060
56842
56138
56840
56223
56097
56126
55947
56743
56681
55902
56627
56453
55956
56641
56866
56134
56211
56411
56165
57148
57037
56300
56583
56191
56845
56888
56095
57057
56993
56182
56124
56673
56588
55942
56001
57178
55960
56391
56783
56292
56841
57181
56436
56528
56598
56505
57131
56518
56120
56181
57101
57141
57068
56465
56763
55964
55978
56979
57250
58129
57657
57693
58330
57803
57388
57875
57427
57700
57499
57243
58266
58224
58083
57890
57583
58165
58423
57843
57730
57317
57468
57845
58402
58258
57208
58036
58185
58109
57384
57521
57778
58499
58310
57217
57757
57872
58441
58368
57830
58094
57593
57481
57752
58194
57944
58296
57350
58016
58384
57277
58222
58397
57913
57692
58403
57452
57607
57622
57479
57822
57474
57563
57377
57731
58249
57538
58055
57357
58346
57301
57469
57212
58091
58331
58143
58313
57877
58485
57952
58300
57828
57463
57863
58324
58124
57982
58070
57768
58495
58421
57246
58136
58047
57694
57281
57446
58274
58286
59432
59014
58591
59055
58853
59306
59482
59314
59344
59729
59315
59060
59606
58821
59312
58992
58958
58692
58972
58525
59680
59503
59638
59613
58927
58761
59760
59459
58681
59772
59761
59409
59562
58741
58918
59506
58605
58936
58558
58783
59051
59266
58993
59307
58843
58854
58631
59751
59744
59589
59130
59598
59472
59057
59244
58924
58658
59650
59255
59279
58696
58666
58858
59209
59059
58524
59402
59584
59020
58612
59553
58999
59319
59135
58578
59765
58883
59362
59172
59518
59710
58698
58678
58512
59087
59798
58556
59563
59369
59195
58991
58816
59270
59487
58619
58519
59295
59783
59242
59050
59877
59958
60433
60464
60623
60148
60816
60431
60003
61003
60879
60106
61014
59912
60218
60215
60276
60554
60501
60808
60018
60498
60452
60224
60665
60421
60755
60260
60483
60861
60689
60265
60529
60740
60630
60835
61068
60348
60491
60345
60780
60781
60801
59921
60234
60005
60742
60050
60668
60726
60046
60737
60310
60747
60592
60359
59922
59987
60500
59927
60407
60217
60278
60579
60787
60614
60759
60300
60511
60978
59821
60449
61088
60318
59802
59890
60401
60220
61092
60819
59833
60766
60489
60842
60722
60022
61096
61028
59873
60373
61080
60811
59800
60382
60926
60695
60277
59834
60593
59911
61313
61240
61478
62386
61491
61162
61317
61652
62176
62299
61509
61271
61696
62203
61475
62360
61428
62195
62319
62355
61830
62042
62157
61290
62066
61891
61862
61669
61315
62138
61644
61893
61461
62286
62378
61996
61324
62129
61964
61578
61160
61330
61585
61714
61607
61792
62212
62189
61725
61619
62106
61937
62100
61758
61805
62073
61840
61253
61455
61995
62145
61629
61124
61355
61544
61768
61328
62375
61994
61486
61593
61646
61767
61270
61202
62164
61753
62149
61710
61511
62125
61879
61627
62091
61337
61878
62277
61654
62358
62243
61261
61702
61306
62001
61984
62063
61304
61526
61959
62034
62611
63336
63144
63153
62871
63199
63458
62983
62816
62474
63097
62491
63016
62664
62974
63124
62855
63217
63594
63311
62647
62772
62732
62768
63504
62613
62860
62446
63162
62543
63485
63514
62541
63396
63581
62904
62682
63540
63005
63105
62428
62731
63228
63168
63070
62958
63457
63525
62619
63266
62636
62555
62990
62700
62448
62639
63353
63242
62856
62501
62580
63657
62876
63053
62451
63267
63404
62998
63372
62775
62940
63132
62760
63209
62763
62757
62907
62561
63490
63465
62989
63210
63081
62852
63182
63690
63032
62701
62512
63642
63686
62624
63039
62694
62933
63369
62578
63145
62712
62812
64401
64951
64615
64700
64150
63712
64465
64198
64978
63906
64423
64882
64958
64161
64737
63881
63839
64347
64769
64108
64360
63768
64414
64783
64853
64611
64643
64551
64271
64762
64277
64226
64348
64684
64409
64957
64992
63869
64854
64920
63848
64822
64412
64058
64187
64063
63801
63838
64141
64780
64866
64246
64224
64502
64068
64858
63831
64255
64123
63864
64327
64728
64534
64297
63921
64922
64830
64921
64935
63811
64046
63805
64448
64004
63762
64846
64438
63726
64580
64210
64127
63715
64912
63852
64037
64655
64625
64021
63755
64928
63757
64265
64890
64299
64304
63909
64082
64653
64545
64103
65757
65858
66047
65559
65043
65048
66038
66255
65406
65481
65151
66239
65719
65081
66132
65800
65857
65643
65431
65428
65118
65402
66123
65525
65411
65849
65422
66133
65566
65404
65147
65778
66235
65675
65484
65218
66298
65338
65358
65430
65900
65863
65032
65460
65909
65069
66272
65773
66198
65906
65989
66173
65499
66064
66066
65401
66199
65987
65755
65227
65973
66026
65152
65232
66273
65397
65129
65814
65084
65264
65729
65779
65018
65052
65230
65051
65853
66276
65281
65070
65890
65702
65376
66162
65768
65437
66045
65340
66279
65302
65324
65337
65210
65886
65914
66072
65379
65540
66135
66143
67038
66883
67255
66371
67597
67078
66966
66325
66352
66938
67423
67077
66498
67131
67344
66485
67036
67451
66849
66338
67297
66330
66888
66818
66544
66438
67080
67426
67217
67546
67360
67599
66545
67263
66766
67529
66646
67259
66742
67558
67536
66880
66509
67247
67287
67103
66456
67084
66364
66752
66885
67170
66734
66790
66558
67231
66667
66399
66982
67054
66983
67533
66344
67479
66621
67092
66929
67531
67339
67242
67198
66468
66922
67549
66311
66533
66505
66592
67355
66763
66671
67185
67418
66720
67387
66502
66528
67346
66493
67139
67007
67091
66442
66629
66799
66992
66389
67359
66917
66877
68142
67690
68580
68824
68592
68300
68124
68480
68829
68388
68406
67650
68028
68468
68752
68873
68471
68491
68716
68531
67723
68056
68078
67615
67866
68278
67870
67916
68736
68706
68194
68823
68362
68213
68800
67676
67711
68025
68485
68657
67747
68075
67748
68330
67600
67795
68813
68095
68418
68180
68209
68005
68352
68630
67610
68083
67897
68687
68097
68615
68613
67952
68101
67665
68517
68257
68451
67713
68579
67807
68216
68533
68748
67761
67875
68059
68723
67767
67640
67707
68488
68139
68249
68394
68673
68542
68204
67659
67624
68175
68335
68609
68754
68714
68265
67671
68003
68089
68202
68223
69117
70012
68965
69464
69344
69665
69659
69753
69559
69692
69361
69440
68964
69015
70189
69483
69276
69022
69461
69329
69985
69900
69067
69752
69961
69310
70098
69217
70064
69684
70119
69154
69815
68907
69267
69049
70005
69107
70003
69763
69846
69471
69135
69907
69451
69975
69999
69952
69381
69445
69003
69924
69840
70010
69593
69051
69844
70063
69002
69442
70179
69249
69307
68937
69698
69132
69811
69605
70176
69021
70069
69244
69027
69803
68984
69096
69010
69377
69839
70186
69359
70001
69316
69019
70174
69741
69148
69494
69004
69063
69703
68971
69940
69189
69312
70079
69161
68905
69289
69439
70336
70733
71247
71146
70877
70675
70625
71262
70760
70411
71153
71120
71147
70772
70294
70726
71351
70562
70754
70378
70703
70412
71378
71488
71142
71421
70632
70488
70990
70811
70446
70312
70968
70281
70529
70545
71143
70424
70207
71297
71321
71490
71077
71319
70771
70759
70563
70441
70884
71064
71040
70927
70534
71413
70554
70874
70297
71245
71025
70570
70729
70239
70586
70843
70678
70506
70413
70539
70458
70856
70791
71122
70928
71107
70977
70519
70832
71207
70436
70230
70383
70838
70393
70946
70966
70240
71495
70405
71340
70493
70234
70821
71231
71497
71099
70218
70947
70487
70713
70213
72005
71877
71900
72759
71887
71517
71968
72056
72068
71986
71799
72054
72181
71670
72256
72159
72658
71949
72254
72084
71575
72642
71926
72621
72672
71696
72118
72539
72143
72573
72676
72789
72378
72437
72015
71936
72550
72383
72709
72505
71555
72392
71695
71649
71704
72553
72206
71633
72566
72532
71744
72506
72178
72526
72792
71912
72266
71817
72188
72238
71861
72592
72313
72591
71543
71553
71560
71717
71773
72223
72307
71908
72235
71991
72723
72512
71694
72197
71969
71692
71659
72349
71830
71508
72791
71840
71604
71610
72288
71928
72511
71593
72055
71615
72613
72211
71858
71719
72631
72346
73370
73986
73303
73802
73970
73311
73560
72954
73681
73591
73084
73778
73980
73487
72966
73719
73711
72985
73152
73273
73527
74076
72881
73779
73470
74088
73608
73968
73185
73366
73051
74003
73964
73789
73821
73337
73391
72915
73712
73598
73633
73869
72907
73422
73973
73931
73082
73477
73324
73143
72969
72912
73501
73298
73040
73474
73696
73938
73007
73009
73122
72838
73843
73302
73552
73671
73224
73614
73764
73745
72854
73569
73075
74034
73607
72827
72904
73195
73013
73558
73249
73389
72860
73957
73214
73271
73622
73660
73612
73453
73908
73486
73161
73218
74020
73646
72903
73911
72867
72989
74167
75373
74758
74374
74995
74951
75181
74627
74764
75367
74350
75210
74236
75350
75121
74581
74865
75104
74103
75035
74249
74981
75311
74739
74754
74324
74626
74475
74170
74884
74307
74291
75087
74297
74414
75025
75337
75077
74644
74463
74305
74271
74125
75188
75223
75085
75248
75161
74101
75058
75302
74396
74239
75027
74457
74592
75187
74334
75211
74878
74826
75135
75340
74674
74436
74618
74555
74444
74868
74245
74559
74986
74359
74225
74881
74384
74469
74908
74406
75098
74717
74201
75395
75133
74613
75190
74771
75177
74200
74488
74185
74343
74898
74168
75178
74522
74752
74180
75360
74856
76584
75619
75876
76254
76067
76449
75771
75814
76123
76205
76246
76620
76135
75413
75783
76430
76106
76173
75512
75625
76397
76495
75595
75568
75648
75895
76256
75682
75528
76554
76582
75657
75987
76442
76689
75437
75983
76083
76207
76384
76028
76573
75712
76021
75425
76431
76144
76420
76578
76451
76345
75530
75750
76267
75916
76422
76165
75579
75986
76590
76374
75724
76524
76648
75817
76286
75868
76183
76450
75702
76535
76589
75660
76572
75592
75622
75466
75856
75715
75526
76606
75969
76591
76305
75521
76078
75859
76375
76678
75572
75887
75651
75438
76059
75957
76418
75974
76400
75423
76107
76930
77544
77604
77413
77959
77680
77405
76941
77595
77794
76881
77685
77378
76985
77614
77966
77899
77373
76906
76955
77483
76996
76981
77710
77094
77905
77471
77233
77637
77453
77255
76919
77786
76790
77466
76974
76993
77696
77616
77571
77264
76819
77498
76856
77526
77946
77744
77155
77032
76721
77029
77329
76833
77106
77457
77447
77630
77193
76843
77893
77296
77191
77670
77503
77960
76702
77392
76797
77201
77915
77262
77353
76875
76741
76747
77009
76953
76838
77565
77508
77043
77719
77159
77879
77468
77056
77956
76735
76719
76949
77828
76813
76734
77629
77430
77058
76786
76728
77985
77981
78916
78669
78277
78365
79010
78088
78540
78991
78094
79260
78478
78139
79167
79208
79204
78286
78528
78798
78601
78492
78748
79060
79203
78100
78749
79156
78221
78525
79177
78007
78812
78105
79077
78357
78301
78175
78694
78067
78566
78670
78111
79142
78747
78659
78413
78944
79045
79066
79271
78836
78970
78925
79286
78148
78034
78769
78912
78635
78711
78026
78222
78073
78441
79123
78474
78722
78515
79013
79214
78533
79137
78151
78850
79299
78493
78954
78194
78542
78873
78437
78119
78346
78321
78516
78112
78915
78395
78380
78109
79206
78808
78715
78773
78340
78273
78855
78143
78884
79111
79276
80022
80263
79805
80431
79574
79806
79980
79569
79535
80229
79986
80211
79624
80206
79972
80255
79744
79351
79522
79976
80363
80368
79534
80318
79652
80315
80278
79851
80212
79927
79880
80484
80147
80500
80006
80187
79596
79916
80417
79735
80180
79910
79496
80091
80188
79523
80362
79761
79655
80224
80267
79686
79918
79724
79962
80391
80227
79965
79385
79912
79971
79928
80064
79903
80324
79380
80426
80257
79954
79301
79434
80588
79585
79422
79736
80283
79583
79576
79374
79861
79705
79870
79411
80444
79428
79695
79737
79990
79659
80521
79606
79550
79779
80398
80361
79553
79687
79579
79839
79504
81771
81703
81849
81506
81384
81144
81838
81139
81541
81136
81590
80724
81618
80657
80747
81647
81275
81580
81604
80953
81220
81467
81077
81385
81451
81122
81514
81185
80655
80743
81608
81889
81422
81730
80672
81051
81048
81548
80690
81525
80639
81179
81424
81656
80644
81271
81791
80996
81869
81063
81181
81043
81336
81487
81412
81205
81882
81535
81554
81456
80985
81818
80619
81189
80830
80911
80800
81620
81488
81676
81702
80861
81564
81786
81167
81248
81471
81254
80793
81431
81225
80650
81876
81480
81589
81465
81609
80947
81579
81491
81315
80909
80859
81795
81895
81565
81836
81482
81320
81290
82213
82712
81959
83028
82020
82385
83069
82464
82988
82412
81926
82788
82770
81910
83106
82140
82179
83001
82403
83036
83186
82191
82535
82248
82013
83006
82995
83086
82075
83067
82796
82733
83081
82437
81960
82469
82798
82207
82333
82868
83107
82682
83115
82841
82261
82434
82269
82458
82729
82011
82873
83108
81931
82602
81945
83096
81918
82177
82996
81909
82211
82463
83148
82488
82737
82786
83063
82886
82477
82756
82827
81937
82266
82145
82878
82195
82341
82966
82508
82865
81963
81955
82924
82716
82389
82270
82549
82820
82321
82765
82476
82840
82631
82016
81951
82795
82056
82030
82496
81949
83798
83732
83860
84337
83457
83372
84274
84059
83987
83924
84354
83908
83936
84114
84171
84400
83342
84096
84191
84351
83643
83537
83497
84172
83667
84084
83241
83658
84235
83601
83534
83825
83477
83610
83830
83239
84064
84213
84202
83813
83802
84136
83588
83820
84053
84175
84129
83870
84013
84406
83540
83378
83625
83882
83235
83692
83946
84385
84201
84143
83843
83648
83929
84205
83691
84456
83656
84468
84483
83387
83277
84258
83792
83714
83266
83838
84104
84331
84016
84224
83957
83630
83523
84475
83823
84216
83725
83700
83500
84069
83389
83347
83784
83373
83204
84198
84085
83260
83251
84110
84714
84975
85715
84737
85725
84878
85158
85780
84779
84575
85465
85631
85059
85367
84960
85419
84606
84710
85772
85510
84845
84548
85664
85582
84853
85651
84556
85659
85351
85535
85731
85215
85443
85224
85392
85174
85716
85173
84759
84908
85441
84798
84924
85102
85740
84967
84842
84833
85547
85122
84643
84738
85144
85654
85254
85385
85267
85680
84862
84708
85213
85287
84846
84830
84757
84579
84802
85550
85594
84867
85311
84787
85371
84694
85672
85140
85771
85563
85089
85661
85132
85349
85750
85176
85564
84930
85480
85792
84640
84899
84766
84936
84593
85142
85034
85218
84835
84903
84984
85309
86921
85930
86193
86899
86375
86888
87036
85818
85963
86786
86770
85846
87029
86309
86422
86290
86779
86827
86612
85828
86868
86495
86061
85862
86739
86843
85853
86087
86956
86936
86972
86522
87066
86576
87091
87099
86593
86120
86007
86329
85972
85873
86220
86667
85839
86357
86857
87057
86573
86577
85803
86648
86552
86258
86553
86473
86237
86879
86815
86016
86234
86352
85809
86342
87047
86179
86387
86191
85914
86653
86810
86597
85913
87098
86925
86721
86637
86272
86444
86086
86335
85917
87076
86015
87070
86218
86954
86498
85893
86999
86401
86812
86415
86414
86085
86232
85898
87051
86817
86025
87715
87706
87182
88058
88032
88279
88391
87998
87403
87513
87339
87520
88351
88115
88375
88052
87672
87362
88312
87196
87761
87470
88149
87668
87896
87216
87180
87533
87444
87321
87812
88125
88384
87914
87950
87264
88069
88051
87990
87128
87430
87407
88172
87697
88175
87205
87816
87873
87698
88339
87866
87375
87480
88212
88059
87566
87401
87384
87112
88182
88309
88323
88241
87395
87821
87412
87156
87553
87262
88141
87411
87484
87569
88076
87791
88219
87749
87711
88192
87926
87918
88340
87571
87364
87399
87921
88048
88035
87963
88229
87333
88107
87532
87449
87640
87166
87477
88314
88006
88293
89175
88559
89140
89346
89408
88964
88791
89670
88931
88579
89624
88843
88873
88635
89671
88930
89611
88782
89073
89548
89438
88503
89356
88628
89209
89587
88640
89428
89037
89507
88688
89564
88545
88744
88675
88796
88617
88553
88465
89553
88766
88531
89397
88662
89075
88952
89028
89423
89148
89406
89114
88608
88500
88759
89494
89143
89677
89381
89693
89310
89619
88518
89589
89250
89442
88475
89151
89150
89578
88743
88512
89271
88902
88974
88751
89688
88490
88584
88602
89102
89016
89180
88528
88763
89675
89358
88819
88899
88785
89012
89486
89224
89122
89076
89387
88767
88852
88950
88860
88459
90732
90304
90005
90270
90540
89787
90577
90350
90600
90503
90962
90773
90850
90653
90742
90128
89740
90018
90826
90615
90392
90211
90349
90342
90903
90362
90644
90154
90730
89903
89773
89880
89797
90708
90098
90298
90974
90843
90747
89937
90589
90997
90151
89935
89764
90135
90602
90592
89883
90928
90740
89765
90905
90545
90835
90477
90077
90338
89807
90697
90002
89861
90040
90317
90966
90969
90020
90572
90454
90598
90248
90679
90326
90506
90607
90921
90630
90847
90096
90442
90718
90834
89940
90288
90021
89863
90032
90157
90290
90990
90760
90045
90136
89753
90989
90945
90471
90820
90172
90580
91635
92136
92115
91645
91942
91492
91418
91045
91117
91589
92229
92156
91406
91570
91968
92058
91428
91501
91519
91062
91967
92108
91313
91354
91619
91490
91310
91475
91144
92003
91599
92178
91186
91561
91129
91397
91349
91601
91283
92164
92064
92272
92009
92083
92298
91941
91989
91919
91465
91436
91930
92061
91053
92294
91456
91119
91555
92240
91929
91703
91211
91563
91072
92103
92099
91083
91395
91022
91459
91934
91691
91332
91554
91073
92209
91524
91122
91147
91753
92177
92016
91044
92159
92179
91651
91917
91891
92153
91203
91888
91498
92124
91722
91689
91590
91940
91179
91630
91070
91673
92458
93520
92965
93187
93164
93043
92384
92596
92588
93317
93078
92987
92496
92445
93442
93540
92333
93475
93527
92526
93561
92635
92782
93084
93538
92318
92472
92898
92529
93426
93139
92332
92531
92802
93358
93245
93168
93251
92425
93446
92756
93481
92506
92996
93303
93009
92683
93366
93551
93171
93470
93127
93307
93454
93441
92546
93501
92931
92314
93198
92354
93096
93376
92520
92494
93479
93152
92956
93451
93258
92537
93512
93257
92395
93510
92849
93174
93503
92722
92728
92301
93137
93262
93031
93381
93016
93091
93274
92465
93202
92467
92677
92754
92894
92693
92970
93188
93394
93436
93583
94683
94308
93968
93953
94320
93998
93833
94409
93766
94425
94209
94009
93913
94660
94083
94861
94675
94115
93902
94215
94780
93625
94061
93747
94250
94577
93755
94043
94400
94226
94511
94751
94663
93741
94691
93634
93992
94569
93876
93626
94300
94260
94730
94232
93982
93967
93636
93621
94228
94571
93975
94492
93922
94065
93945
94778
93687
94740
94205
94477
94102
94739
94219
94635
94085
94792
94573
93697
93817
94622
94439
93779
93957
94416
94374
94877
94684
94267
94731
93681
93821
93890
94282
94491
94852
94804
94579
94123
94842
94553
94005
93813
93620
93962
94557
93929
93740
94645
94393
94564
95235
95654
96108
95906
95437
95097
96196
95362
96199
95869
95679
96074
95599
94945
94927
95210
96077
96083
95134
95122
95561
95523
95621
95680
95394
94968
96195
95422
95758
96019
95400
95676
94999
95707
95569
94943
95174
96065
96014
95429
95019
95712
96097
94998
96183
95754
95542
95229
95124
95828
95513
96094
96105
95567
95038
95931
96177
95555
96076
95673
95736
96176
95954
95233
94953
95121
95156
95603
95054
95725
95193
95985
96045
95213
95057
96016
94939
95664
95909
95987
94974
94920
95297
95386
95350
95046
95049
95939
95003
95881
96172
95577
95700
95252
95163
94919
95048
94907
95663
95851
96475
96946
96865
96791
96474
96351
96504
96752
97194
97191
97349
96620
96516
97155
96539
97106
96266
96764
97413
96517
96426
96759
96248
96716
97137
96434
96265
96735
97457
96869
96476
96345
97150
97200
97048
96656
96945
97085
96478
96450
96648
97263
96551
97321
97045
96774
96675
97050
96554
96422
97043
96377
97497
96860
97398
96312
97132
96361
97480
96205
97319
96996
96540
96672
97322
96896
96214
97214
96925
96610
96436
97450
96241
96743
97392
96612
96606
96371
96365
96484
96736
97099
96318
96887
97323
97284
97187
97352
97472
96352
97077
96705
97203
97201
97158
96527
97293
97140
96279
97082
98550
97978
98774
97716
98417
98712
98799
97516
97507
97717
98126
97548
97767
98367
97736
98650
98006
98783
98766
97870
97922
98426
97600
98684
98606
98239
98519
98496
97821
98770
98652
97895
98399
97971
97579
97751
97546
97695
98242
97713
97938
97702
98400
98632
98600
97958
98262
97853
98278
98520
98183
97620
98300
98163
97622
98168
98612
98118
97662
98080
98286
97876
97643
98142
97737
98530
98023
98542
98750
98464
98448
98212
97912
97530
98111
98372
98011
97520
98730
97735
98279
98389
98000
97628
98364
97860
98748
97704
98184
98504
97837
98381
97638
97815
97549
97863
98240
97914
97769
98005
99985
99359
98817
99277
99470
99339
98809
99159
99313
99719
100082
99074
99467
99992
99561
99644
99497
99616
99032
99444
98968
99966
99259
99071
98820
99600
99520
99509
99475
99158
99815
99177
99740
99568
99551
99352
98956
99261
99186
100079
98947
99293
99829
99252
99200
99753
99052
98976
99191
99922
98826
99020
99414
99793
99102
98936
99766
99732
99318
99557
99380
99231
98951
99739
98998
99210
99730
99334
98810
99238
99229
99070
99402
98836
98916
100090
99461
100062
99054
98928
99820
99612
99900
99404
99345
99988
99930
100029
98856
98937
99913
99492
99967
99987
99021
99184
99684
98844
99131
99690
100810
100676
100458
101036
100689
101108
100306
100451
100604
100352
100312
100839
101028
100476
100717
101146
100644
100770
100259
100996
100887
100315
100715
100268
100630
100783
100574
101377
100111
100852
100835
100375
101045
100893
101067
100906
100830
100951
100716
101107
100343
100308
101212
100942
100979
101175
101384
101390
100953
101194
100958
100316
101000
100805
100842
100276
100224
100128
101141
100311
100771
100157
100899
101234
100235
100544
100822
100378
100910
100995
101387
100631
100534
100303
100838
100848
100687
101176
100674
100523
100348
100865
100610
101040
101291
100403
101361
100954
100359
101357
100527
101191
100754
100412
100913
100262
101052
101109
101329
100643
101633
102566
101751
102092
102005
101561
102286
102143
101509
102107
102535
101754
101432
102047
101871
101452
101717
101406
102231
101627
101478
102322
102289
101882
101429
102452
102607
101615
101981
102631
102507
102467
102682
102588
101917
102187
101695
102675
102680
101635
101454
102057
102347
101613
102451
102686
102587
101969
101567
102075
101657
102508
101835
101538
101682
102067
101553
102658
101414
101853
101667
102495
101473
102463
101585
102384
101426
102381
101756
101936
101546
102592
102534
101512
102002
101423
102656
102595
102645
101828
102230
101625
101532
101401
102330
102244
102091
102411
101634
102182
102598
102415
101950
102131
102516
101815
102548
102281
102634
102264
103822
103959
102856
103497
103833
103888
103033
103257
103422
102957
103347
103243
103297
102748
103278
103170
103633
103116
103844
102701
102968
103556
103526
103391
103584
103963
103166
103482
103311
103354
103786
103134
103972
103534
102925
103460
103366
103804
103726
102885
102921
103925
102754
103126
103756
103720
102910
103146
103095
103622
103949
103724
103186
103058
103187
102811
102835
103191
102808
103825
102832
103719
102890
103560
103930
103897
103890
103477
103809
103685
103393
103411
103118
102776
103168
103226
103361
103783
103892
103409
102945
103643
103060
103549
103884
102908
102867
102710
103373
103965
103619
102737
103790
102958
103181
103150
102742
103632
103453
103518
105223
104638
104501
104114
104332
104938
104545
105037
104494
104658
104193
104239
105134
104502
104785
104312
105189
104225
104398
104297
104818
104365
105061
104971
104815
104518
104498
104338
104352
104929
105015
104490
104317
104389
104555
104622
104349
104656
104665
105062
104669
104024
104247
104542
104483
104287
104122
104759
105041
105064
105265
104604
105071
104523
104335
104909
105194
104587
104063
105270
104713
104983
104309
104038
104557
105002
104615
104715
104279
104955
105203
104185
105205
105143
104023
104786
105098
104298
104049
104722
105017
104361
105126
105182
104770
104942
105152
105236
105172
104104
104530
104748
104076
104811
104562
104871
104362
104444
104708
104286
105713
105391
105723
105368
106338
105710
105517
106103
105817
105386
106104
106216
105992
106587
106482
106043
105558
106470
105878
106284
106352
105580
106551
106171
105649
106292
105979
106445
106293
105398
105737
106144
106339
105358
106517
105478
105469
105691
106477
106452
105683
105931
106022
105929
105346
105650
106505
105604
106001
105693
105313
106052
106274
105796
105518
105302
106308
106334
106149
105865
106119
106384
106054
105975
105629
106037
105343
106511
105755
105987
106300
106364
106005
106215
106146
106245
106373
105498
106370
106244
105792
105434
106114
105989
105772
106443
105901
105591
105956
105726
106440
105718
105895
105641
106438
105662
106182
106000
106231
105893
107732
106832
107683
106851
106955
106995
107360
107290
106842
107705
107544
107240
107147
106915
106637
107663
106850
107529
107329
107594
107550
107469
106822
107602
107028
107844
107368
107477
106776
107532
106852
106936
107897
106730
107617
107221
107833
107415
107485
107464
106600
106652
107702
107570
106778
107516
107595
107171
107026
106781
107153
107131
107668
107441
107451
107829
106737
106687
107557
107354
107474
106643
107585
107234
107215
106989
106947
107604
107351
107629
107281
107071
106797
107376
107334
107113
107586
107056
107648
106630
107863
107769
107079
107268
106713
106951
106981
107190
107125
106609
106617
107310
107138
106754
107445
107203
107876
106866
106902
107364
107904
108524
108119
109005
108956
108791
108638
109067
108281
108245
109121
108296
108610
108645
108845
107909
108279
108695
108824
108641
108192
108599
108465
108155
109135
108062
108776
108247
108811
108714
109123
109000
107967
109188
109130
108757
109104
108920
108693
108996
108745
108553
109019
108558
108895
108860
108316
108135
107946
109133
108887
108726
108711
107965
108243
108571
108222
108091
108013
108989
108635
108756
108090
108364
109147
109008
109111
108096
108330
108381
109033
108830
108618
108482
108468
108515
108607
108843
108284
108722
108768
108748
108816
108892
109198
109093
108867
108721
108153
107956
108829
108127
108861
108501
108274
109097
108658
108257
108320
108217
109844
109517
110293
109555
110466
110391
109333
109756
110360
109310
109433
110142
109692
110398
110016
110358
109910
109426
109364
109904
109866
110427
109596
110101
109690
109942
110198
110114
109732
109900
109262
109726
110173
109989
109269
110040
109296
109687
110222
109504
109715
110364
109837
109830
110057
110279
110029
109816
109958
109842
109412
110454
109293
110439
110052
109654
110432
110387
110192
110255
109491
109802
110020
109960
110230
109475
110420
110304
109322
110399
109481
109588
109979
109230
109340
109776
109337
109919
110096
109361
109762
110109
109353
109386
110103
109538
109820
110256
109617
110396
109335
109214
109440
109334
110091
109243
109740
110286
109536
109858
110711
111499
111313
110847
111479
110737
111482
111438
111254
111108
111644
110776
111376
111611
111573
111728
111497
111387
111616
110635
111731
110768
111656
111434
110757
111712
111150
110646
111033
111321
110677
110590
110942
110804
110644
111343
110723
111684
111594
110626
111331
111605
111580
110986
111230
111680
111141
111544
110932
111457
110777
111074
111695
111694
111743
111292
110907
110518
111513
111017
111650
110787
110632
111419
111550
111532
110945
111785
110625
111455
111763
111727
111672
111250
111555
111417
111346
111169
111416
111191
111023
111748
111688
110800
111645
110614
111486
110846
111420
110866
110872
110669
111620
111612
111446
110754
111340
110941
110670
110687
112979
112413
111996
111989
112799
112411
112764
112175
112922
112583
111916
112637
112975
112740
111902
112364
111918
112528
112249
112402
111817
112858
111867
112819
112361
112556
112907
111961
112174
112541
112091
112767
112480
111844
112510
112756
112721
111899
112287
112441
112580
111929
112550
112440
111842
112760
112786
112759
112514
111981
112021
112145
111851
112121
112893
111952
112940
113077
111990
112166
112490
112660
112412
112198
112484
112078
112209
112507
111997
112044
112322
112158
112810
111845
112998
112237
112585
112384
112373
112945
112952
112521
112277
112226
112682
112534
112398
112489
112234
112677
112107
111843
113057
112813
112722
112781
113052
112100
112388
111931
113105
113563
113608
113331
114263
113670
113278
113499
113490
113470
114395
113441
114177
113107
114175
113487
113966
114082
114000
114010
113917
113218
113569
113425
113715
113412
113577
113990
113649
114393
113638
113474
113308
113451
113933
113589
114043
113801
113157
113503
114373
113621
114357
113234
113867
114294
114012
113604
113427
113598
113740
113454
113279
114063
114097
113356
114178
113485
113831
113241
113473
113587
113100
114078
114394
113624
114145
114339
113600
113553
114128
113635
114355
113788
114215
113773
113251
113529
114330
113590
113886
113310
114360
114102
114151
113792
113522
114113
114302
114159
114375
114171
113920
113685
114290
113735
113995
114013
113139
113737
115203
115195
115238
115620
114861
114838
114927
114759
115656
115331
115633
115323
115248
114661
115375
115012
114701
114851
114606
114563
115096
115232
114991
114810
115402
115540
114787
115653
114519
115521
115533
115046
115147
114505
115607
115279
114430
114542
115545
114990
115449
115201
115666
115476
115554
114741
115295
115157
114682
114560
115292
115421
115553
115500
115573
115208
115003
115052
115129
115257
115028
114550
114803
115632
115397
114590
115575
114579
115417
115446
115118
115164
114961
115015
114414
115262
115282
115116
114614
114722
115009
114996
114857
115062
115473
114698
114825
114751
114972
115595
115394
114957
114960
115598
115061
114464
114993
115249
115095
115335
116363
116289
116118
116418
116724
115731
116221
116219
115744
116766
115930
116027
116741
115866
116196
116704
116943
116781
116791
115933
116213
116990
116701
116666
116789
116173
116269
116827
116301
116114
115777
116064
116690
116014
115702
115747
116822
116260
116612
115770
115908
115829
115960
116119
116900
115746
115736
115753
115958
116355
116168
116085
115881
115742
115900
116579
116492
115884
115781
116871
115721
116037
115985
115892
116351
116063
115795
116079
116786
115981
116379
116262
116901
116970
115975
116209
116241
116888
115796
115803
115783
116137
115844
116829
116224
116592
115755
116524
116802
116930
116121
115867
115872
116691
116302
116881
116481
116924
116214
116790
118018
118185
117329
117992
118151
117183
117896
117854
117325
117465
117711
117046
117567
117298
117890
117573
117268
118165
117501
117150
117195
117521
117817
118225
118067
117783
118253
117947
118167
117961
117760
117957
118275
117669
118078
118091
118001
117210
117555
117784
117893
117885
117926
117484
117174
117419
118038
117277
117902
118210
117924
117699
117991
117027
117968
117562
118006
117892
117862
117807
117450
118246
117476
117016
118031
118221
117381
117709
117540
118198
117612
117356
117489
117224
117255
117645
117066
117140
118222
118209
117108
118219
117530
117382
117639
117911
117856
118128
117422
117011
117921
117082
117840
117999
117169
117453
117411
117457
118277
118278
118376
118762
119536
118415
119378
119527
118522
118645
119492
118958
118963
119519
118998
119047
119164
119299
118462
119300
118955
118889
119453
118811
119120
118427
119083
118814
119054
119508
119502
119385
119092
119465
118472
119040
118836
118704
118899
118416
118586
118316
119246
118540
118479
118816
119212
119591
119133
118925
119389
118307
118373
118598
118620
119328
119152
118832
118393
118357
118765
119140
119069
119567
119278
118567
118599
119048
118766
119210
119159
119176
118656
119367
119576
118835
118459
119510
118888
119400
119350
119213
119156
119587
118844
118877
118987
118909
118719
119256
119306
119403
118686
118922
118430
119053
118866
119481
118650
118463
118450
119496
120044
120746
120335
119644
120736
120067
119832
119802
120291
120487
120060
120682
120871
119971
120410
120593
120634
120016
120008
120236
119930
119783
119667
119917
120663
120865
120497
120800
120453
120332
120860
119973
120318
120770
120664
120003
120851
120517
119974
120341
120849
120854
119929
120752
120421
120631
120073
120130
120675
120406
120269
119979
119844
120242
120434
120235
119982
120190
120295
120211
120694
120526
120134
119686
120825
120184
120229
120749
119821
120799
120878
119966
119676
120136
120618
120148
119892
120461
120451
120164
119744
119631
120444
120250
120324
120116
119716
119627
120108
119981
119779
120271
119642
119908
120397
120813
120888
120317
120256
119698
121402
122054
121717
121225
121580
121911
122137
121952
121699
121874
121685
121534
121071
121009
121168
121585
121792
121526
122058
121555
122155
122057
121722
121760
121216
121113
121860
121804
121731
121711
121197
120949
121341
121915
121456
121318
121929
121597
121488
121808
121291
121626
121883
121920
121062
121053
121668
122056
121353
121992
121950
121997
121855
121272
121048
121847
122038
121962
121301
122198
121752
121453
121480
121269
121796
121304
121303
121271
120904
122062
121075
121657
121262
121907
122158
121775
121733
122182
122141
121261
121880
121628
121740
121778
122180
121687
120936
121969
121987
121894
122029
120909
120997
121362
122149
121607
121061
122186
121605
121776
123286
123382
123469
123278
123447
123425
122370
123147
122813
122347
122561
122609
122846
123261
122934
122997
123236
122380
123186
123458
122832
123296
123384
123291
122768
122747
122535
122610
122936
122510
122707
122211
122845
122406
122284
123096
123134
122629
122789
122672
122853
122530
123272
123309
123409
122972
122335
123029
123475
122731
123234
122241
122220
123064
122437
123018
122294
123487
122576
122637
123429
123341
122328
123220
122340
122275
122877
123243
123121
123137
123145
123338
122439
123038
123169
122890
122830
122381
122691
122688
123144
123093
122317
123055
122900
122739
123310
122280
123404
123215
122837
122517
123067
122569
123156
122703
123058
122538
122526
123468
123919
124579
124731
124324
124569
123823
124145
124692
124646
124166
124525
123630
123543
124465
124048
124201
123724
124167
123783
123817
124234
123789
124368
123962
124652
124474
124590
124670
124426
123775
123624
123792
124588
123528
123972
123553
124471
124756
124006
124794
124283
124615
123778
123699
124109
124720
123622
123652
124000
124580
123752
124758
124425
124570
124015
124295
123500
124640
124315
123566
123534
123892
124486
124681
123898
124530
124301
124239
124492
124305
124113
124565
123922
124395
124019
124519
124490
123912
124739
124081
124454
123714
124735
124040
124437
123691
124156
124427
123667
124304
123602
124356
124213
124290
123761
124224
123749
123815
124723
123943
125111
125698
125954
125716
125020
125141
125975
125506
125305
125512
125155
125596
125424
125230
125092
125707
125590
125622
125112
125041
125167
125173
125940
125322
125320
125725
124858
125256
125239
125592
124952
124809
125298
125179
125966
125120
125516
125059
125839
125689
125102
124807
125786
125158
125436
125988
125669
125469
124969
125427
124979
125865
125035
125381
125983
125719
125568
126003
125229
124898
125292
124941
125263
125441
126049
125247
125885
124884
124934
125792
126047
125631
125288
125257
125032
125359
125550
125537
125844
125953
125154
125251
126034
125520
125882
125991
125388
125133
125736
124871
124922
125387
124973
124943
126010
125117
126035
125491
125238
125008
127280
127000
126424
126470
126641
126633
127395
127143
126669
127054
126531
126740
126418
126966
126161
127266
127069
126998
126413
127308
126548
126332
127101
126941
127397
126166
126406
126517
126843
127095
127005
127396
127383
127118
126777
126909
126124
126628
126833
127187
126670
127181
126939
126103
126561
126365
126603
126448
126601
126614
126500
127121
127176
127102
126221
126752
127370
127352
126431
126110
126434
126771
126379
127300
126459
126812
126199
127182
127270
126617
126970
127191
127387
126790
126358
126376
126315
126426
127299
126805
126619
127124
126894
127032
127184
126322
127092
126988
127310
126793
126904
126583
126913
126326
126142
126516
126761
126841
126508
126889
128636
127967
127676
128555
128042
127529
128270
127726
127707
128283
127622
128646
128051
127572
127731
127634
127661
128161
128373
127698
128337
127779
127505
128610
128514
127805
127645
128537
128304
128349
127722
128170
127694
128083
127569
128303
128439
127681
127601
128431
128017
127808
127985
128096
128106
128271
127709
128375
127479
127667
127677
128234
128492
128135
128558
127785
127436
128001
127401
128059
128578
128570
128554
127613
127867
128449
128411
128546
128679
127837
127870
128534
127954
127490
128540
127903
128005
127566
128437
127937
127563
128574
127858
127692
127932
127411
128408
128122
128487
128018
128242
128510
127668
128126
127458
128613
127988
128697
127462
128400
129380
129328
129564
129905
129142
129832
129417
129853
129602
129977
129273
129309
128968
128793
128707
128811
129836
129262
129247
129199
129676
129794
129708
129381
129229
129885
128967
129963
129223
128880
129574
129315
129404
129360
129241
129767
129279
128746
129845
129909
129808
129096
128805
129709
129057
129099
129401
129473
128841
128940
128876
128804
129425
129583
129269
129479
128816
129351
129469
129036
129733
129382
129748
129440
129640
129257
129532
129701
129045
129933
129324
129054
129655
129069
128934
129699
129789
129458
129055
128826
129058
129059
129186
129217
128972
128755
129600
129341
129620
128833
129137
129491
129029
128810
129238
129812
129444
129958
129575
129656
