1278
609
686
569
1124
1040
537
1196
330
825
326
583
636
190
245
902
953
1120
529
930
841
632
1117
855
96
8
972
362
375
1191
1061
110
954
44
849
448
196
729
322
488
194
803
1189
1233
60
796
788
509
414
1271
447
790
12
517
349
1010
389
734
450
794
616
1209
1025
1137
819
222
354
688
267
872
878
1224
890
1242
981
614
5
146
1024
1287
470
524
864
278
1059
789
1125
832
177
225
589
165
323
861
1213
606
369
466
350
1136
1431
2344
2328
2338
2351
2449
1536
1711
1985
2153
1766
1412
1900
1838
2137
1922
1583
2065
1704
2167
2436
1588
1865
1545
1386
2015
1360
2242
1756
2320
2146
1811
1472
1718
1473
1521
2333
1452
2142
2028
2455
1354
1941
1580
1795
1694
1839
2467
2259
2058
1904
1727
2576
2293
1966
2269
2453
1557
2501
1620
2578
1960
2348
2341
1370
1489
2349
1868
1486
2411
1652
1919
2027
2303
2158
1464
1722
1976
2369
1478
1440
1607
1490
1742
1555
2069
1417
1617
2500
2367
2573
1956
2078
2245
2155
1961
1301
1686
2531
2204
3894
3165
3768
3777
2672
3279
3873
3621
2679
2835
3656
3781
3542
2714
3642
3767
2898
3219
3276
3290
2861
3519
3359
3748
3500
2873
3540
3423
3166
3641
3067
3261
3752
2759
2798
3083
3717
3362
3358
3266
3511
3419
3524
2605
3287
2867
3755
3218
3180
3531
3861
3091
2899
3721
2796
2959
3360
3225
3628
3707
2677
2684
2697
3246
3729
3622
2661
2611
2790
2887
2709
3765
3221
2784
3281
3705
3325
3764
3027
3466
2921
3666
3324
2752
3412
3485
3427
2621
2951
3528
2715
3448
3490
3804
3726
3148
3658
3388
2807
2819
5000
4467
4475
4895
3911
4211
4221
4904
3902
4364
4367
4404
5023
5171
5191
4339
4975
5149
4431
4372
5050
4400
4325
4059
4707
4721
4446
4954
4995
5136
4931
4371
5154
4718
4924
4300
4606
4775
4674
3944
4657
4291
4474
4886
4879
5067
3924
4861
5089
4751
4687
4354
4529
4547
4662
4724
4486
4188
4096
4408
4348
4055
4541
4292
4536
4876
4665
5162
4584
4169
3955
4151
4873
4907
4915
4139
3904
4073
4420
4355
5088
4102
4009
4639
4917
5049
4738
3908
4349
4570
4697
4792
4727
4324
4021
4238
4905
4057
4888
5032
5953
5884
6019
5446
6274
5577
5419
6055
6489
5558
5398
6252
5322
5995
5754
6438
6338
6394
5265
5840
5946
5594
5213
5264
5890
5485
5886
5514
5500
5645
5385
5391
6238
5648
5481
6214
5710
5482
5203
5370
6413
5870
6334
5321
5958
5943
6382
5344
5774
6450
6333
6485
5639
5539
6398
6353
6367
6121
6291
5294
5926
5727
6439
5651
6465
6370
6469
6390
6177
5991
5271
5676
6429
6481
5916
6389
5918
5760
6462
5277
5339
6493
6405
5675
6272
5525
5788
5236
5703
5443
5861
5529
5312
6457
6180
5552
5477
5438
5405
6023
6644
7534
6565
7299
7521
7511
7158
7182
6873
7677
7341
6587
7176
7507
6560
7330
7790
6784
7093
6615
7046
7728
7736
6838
6952
7309
6782
7508
7752
6835
6650
7653
6989
6709
7442
7414
7551
6762
7581
6855
7272
7544
6997
7251
6684
6821
7460
6533
6726
7635
6891
7431
7473
6817
7577
6848
6524
7412
7438
7179
7509
7732
6919
7023
6537
6801
7437
7072
7441
7772
7657
7365
7576
7715
7200
6859
7092
6786
6963
6865
7500
7457
7671
6671
7379
7779
7254
7619
6582
7170
7294
6924
6812
6822
6841
7767
6543
6960
6813
7610
7891
7969
8942
8977
8004
8146
8364
8359
8583
7926
8725
8519
8247
8091
8254
8944
8922
9070
8361
8186
9030
9032
8275
8743
8436
8778
7929
7950
8665
8639
8867
8930
8710
9088
8790
8050
8277
8662
8756
8176
8801
8323
8910
8866
8005
8413
8551
8442
8899
8701
8772
7870
8461
8505
8274
7872
8052
9046
8177
8354
7836
7927
8018
9033
8298
8262
8144
8912
8296
8811
7848
8525
7951
8040
9001
8888
8076
8235
8603
8340
8193
8582
7943
7824
8074
8311
8882
7994
7828
7956
9086
8365
8248
8440
8948
8092
8153
8263
8754
8921
9725
9840
10304
9810
10158
10154
9921
9602
9757
9666
9374
9581
9294
9652
10389
10083
9644
10233
9548
9612
9803
9370
10005
10204
10146
9123
10122
10018
10078
9907
9437
9733
9684
10343
10114
9413
9682
9499
10023
9303
10194
9953
10016
10011
9330
9366
10247
9425
10058
10048
9487
10300
9239
9555
10145
9289
9867
9969
10105
10282
10111
9956
9210
9410
10149
9762
10065
9160
9697
9996
10162
10219
9187
9906
9891
9553
9183
10201
10041
9615
9591
9960
10113
9293
10231
9193
9232
9164
9276
9479
9622
10350
10270
9843
10356
9360
9826
9324
10215
10061
10772
10980
10902
11098
11161
10928
10999
10856
11583
10629
11455
10793
11233
10957
11215
10544
11266
10594
11418
11645
10639
11236
10796
11041
10646
11579
10828
11415
10475
11403
10450
11435
10642
10754
10825
11417
11369
10780
10956
11102
10606
10573
11269
11607
11298
10987
11663
10705
10706
10559
11609
11649
11419
11277
11352
10961
10859
11629
10547
11126
11420
10440
10924
11254
11478
11221
11604
10618
10723
11076
11203
10528
10761
10427
10579
10900
11346
10645
10673
10771
10660
11557
11427
11017
11451
10535
11594
11469
11602
10636
11300
11466
11063
10719
10478
11081
11528
11230
11699
11461
12076
12484
12847
12592
12737
12050
12722
12067
11931
11711
12762
11880
12511
12745
12123
12955
12813
12168
12393
12231
11846
11993
12015
12569
12821
12935
12403
12263
11939
12165
12357
12254
12143
12033
12713
12548
12024
11997
12237
12609
12930
12407
12087
12699
12200
11979
11724
12520
12311
12768
12444
11910
12544
12871
12268
12377
12814
12354
12007
12839
12541
12543
12309
12895
12162
12418
11882
12660
12579
12277
12107
11926
12160
12598
12572
11827
12581
11702
11891
12826
12747
12957
12962
12144
12946
11807
11922
12102
11802
11791
12838
12343
12310
12028
12304
12613
12698
12096
12358
11772
13961
13251
13459
13042
13963
13702
13132
14273
13012
13635
13150
13528
13974
13167
13026
13495
14137
13135
13628
14063
13058
14087
14297
14111
14058
13901
13823
13479
13679
14270
13797
14175
13172
13179
13193
13228
13014
13460
13772
14196
13085
13092
14187
13262
13299
13220
14281
13311
13275
13504
13968
13486
13841
13324
13918
13851
13532
14039
14094
13160
14144
13527
14146
13509
13305
13125
13722
13874
14000
14199
13611
14042
13236
14117
13759
13953
13701
14027
13579
13221
13987
13089
13082
13476
13325
13597
13757
13238
13779
13979
13398
13970
13067
14231
13577
13449
13389
13994
13127
13170
14378
15523
15038
14939
15390
14877
15099
14736
15512
15323
14734
14366
15169
15484
15564
14330
15340
14301
15177
15333
15287
14511
14372
14376
15026
15540
15069
14405
15506
15335
15426
14670
14847
14814
14519
15100
14952
15321
14809
15154
15465
14775
14716
14963
15354
14639
15429
15396
15350
15138
14987
14700
14471
15080
14959
14919
15008
15198
14472
15327
14976
15516
15086
14774
15373
15341
15387
15005
14688
15393
14764
15560
15483
15032
14732
14691
14712
15131
14766
14830
14821
14496
15278
15009
14761
14605
15273
15576
14807
14795
14999
15214
14547
15509
15127
14638
15372
14516
15311
14880
15669
16714
15709
16717
16527
16768
16496
16626
16616
15618
16411
16200
16366
15739
16540
16073
16032
16451
16437
16309
15792
15631
15691
16488
15724
16685
16159
16053
16597
15830
15918
15639
16231
16220
16713
15971
15856
15768
16351
16634
16564
15821
16097
15759
15686
16694
16791
15947
16689
16183
15741
16876
16260
16729
16041
16640
15953
16035
16512
16208
16515
16484
15745
16601
16704
15867
16169
15615
16590
16061
16480
16325
15981
16350
15823
15693
16613
15778
16096
15840
15756
16082
15679
16339
15888
16321
16880
15725
15936
16066
15939
16792
16076
16680
15627
16534
16595
16503
15866
15758
17008
17334
16903
18074
17467
17164
17185
16914
17365
17833
17809
17089
17316
17681
17728
17156
17865
18039
18090
17108
17641
17729
17317
17892
17254
18048
18061
18158
17763
17557
17266
18134
17606
17857
17879
17703
17497
16987
18155
17595
17046
17817
18189
17593
17386
17091
17349
17941
17197
17856
17279
18059
17473
16986
16948
17915
17669
18043
17647
17226
17329
17850
18094
17081
16969
18084
17447
18181
17158
17919
17881
18174
17588
18176
17623
17051
17711
17058
18109
17559
17285
18072
17531
16943
17302
17668
17901
17824
17391
17977
17357
17592
17274
18053
18115
17725
17911
17190
17784
17938
19104
18443
19416
18376
19128
18707
19448
18632
19321
18457
18462
18488
18215
19422
19051
18664
19242
19224
18322
18936
18234
18575
18602
18909
18438
18856
18280
19286
19050
18449
19465
18994
18451
18491
19069
19381
19304
19100
18808
18366
18715
18897
18932
19071
18958
19447
18309
18813
19446
19057
18467
19464
18839
18226
18636
18739
19403
19194
19171
18656
19440
19063
18550
19426
19360
19264
19123
18992
18866
18501
18849
18622
18385
18920
19101
19367
19342
19200
18704
19443
18597
19350
18595
19225
18665
19303
19493
18251
18230
19459
18918
18298
18294
18871
18209
19081
18233
19391
18983
18878
19528
19602
20608
19856
20046
19653
19722
19979
20722
19581
20137
20409
20489
20326
20202
19792
19568
20112
20644
19611
19662
20529
20781
20676
20047
19567
20219
20389
20633
19821
20479
19877
20373
19968
20458
20376
19650
19647
20099
19726
20422
19771
20634
20263
19893
20246
20063
20332
19788
20440
19707
19785
20141
19526
20303
20315
19509
20474
19850
20212
19780
20053
20512
20559
20146
19977
19770
19949
20032
19838
19766
19693
19919
20031
20544
20469
19841
20767
20290
20659
20590
20477
20782
20136
20710
19626
20471
20198
19552
19691
19894
19858
20323
20183
19615
20610
19695
20257
20763
20774
21664
22084
21611
20878
20853
20892
21891
20933
21882
21437
20825
22068
21261
20891
21709
20982
21182
21111
21097
21226
21259
21866
21856
21920
21925
21237
21145
21477
21431
21212
21629
21703
21525
21913
21484
21534
21070
20874
21927
21658
21571
20856
21842
21037
21275
21799
21447
21443
21304
21657
21380
22087
21428
21597
21100
21386
21859
21542
21220
20996
21197
20814
21341
20947
21523
20959
21098
21771
21278
21346
21352
21632
20932
21331
21225
21613
21589
22048
20867
20976
20946
21394
21779
20966
22074
20916
21224
21548
21281
21682
21015
21267
21075
22053
21770
21425
21880
22095
21205
21551
22408
22303
22411
23033
23140
23119
22826
23017
22283
23002
22384
23372
22514
22288
22989
23334
23380
22896
23279
23339
22823
22208
22978
22460
22854
23121
22114
23357
22809
23253
23310
22264
22841
22910
22106
23113
23225
22432
23039
22947
23385
23223
22814
22388
22116
23040
23130
22791
23197
22619
23296
22154
22810
23026
22848
22343
22400
22847
23315
22981
22682
22689
23373
22277
22774
23306
23101
22141
22463
22624
23362
23023
23245
23016
22568
22110
22499
23035
22763
23032
23321
23008
23388
22545
22856
23089
22607
22788
22128
22893
22918
23177
23288
22954
22812
23219
22104
22659
22844
22243
23550
24023
24494
24018
23817
24418
24230
23461
24064
24031
24693
24270
24022
24304
24118
24264
23800
24449
24050
24538
24183
23548
24668
23964
24088
24626
23464
23507
24082
24351
23845
24327
23846
24376
24144
24056
24611
23959
23855
23538
23989
24630
23928
23759
23406
24219
23827
23429
23465
24152
23825
23695
24290
23519
23864
23680
24365
24210
24506
24070
24666
23644
23470
24627
24172
23765
23857
24437
24467
24178
23569
23802
24566
23899
23844
23875
23774
24426
24068
23402
23770
24632
23982
24496
23460
23936
24216
24641
24619
24194
24254
23476
23782
24090
24516
24617
24263
24016
24533
23842
24865
25056
25575
25002
25708
24820
25407
24989
25455
25517
25871
25842
25044
25687
25666
25051
25324
25608
25047
25146
25640
25893
24815
25242
25179
25906
25178
25698
25671
25194
25770
25358
25188
25096
24813
25784
25937
25197
24964
24991
25753
25246
25785
25469
25433
25215
24702
25737
25034
25602
25107
25019
25591
25423
25719
24859
24860
25613
24892
25617
25609
25203
25832
25685
24973
24830
25151
24839
25268
24946
25638
25453
25859
24816
25287
24956
25329
25014
24705
24834
25700
24842
25701
25794
25662
24710
25133
24908
25580
25058
25420
25747
25249
25550
25283
25870
25486
25501
25304
25717
27095
27167
26627
27064
26530
26943
26310
26413
26462
26524
27067
26115
26485
26712
26757
26857
26117
27241
27020
26754
27186
26389
26281
26325
26825
26909
26734
26882
26774
26087
26298
27065
26121
26133
27124
26359
27027
27068
26178
26427
26965
26017
26725
26553
26656
26535
26990
26645
26346
26835
26345
26515
26336
26615
26025
26806
26526
26947
27145
26623
27079
26741
26650
26023
26057
26183
27163
26060
26028
27136
26335
27066
26030
27112
26214
26818
26145
26301
26628
26546
26885
26816
26000
27072
26952
27238
26369
26672
26263
27274
27090
26847
27111
26926
27197
26771
26976
26581
26175
26575
28032
28199
28452
28308
27967
27800
28353
28159
28268
28180
27479
27697
28373
27406
28592
28393
27498
28414
28437
27796
27651
28570
28190
27792
27681
27942
28561
27593
27858
27925
28419
27693
27947
28009
27801
27802
27874
27742
28470
28402
28328
28314
27711
28108
28368
27909
27992
27852
27422
28593
28379
28041
28147
28415
27821
27342
27396
28583
28001
28274
28410
27485
27549
27586
27435
27438
27844
28578
27301
27618
27794
27636
27357
28176
28149
28044
28056
28006
28300
27654
27561
27708
28155
27545
27338
28413
28081
28075
27963
27842
27803
27501
28359
28259
28275
28070
27373
27554
28080
27316
29583
28920
29591
29892
29712
29654
29684
29810
28826
29551
28693
29253
29136
29701
29776
28948
29817
29178
28666
28684
29724
28733
28614
28766
29196
28971
29243
28818
29348
28842
28618
29382
29280
29476
29465
29417
29454
29072
29707
28774
29305
28650
28655
29450
29633
29218
28726
29715
29662
28754
29189
29488
29138
28997
29421
29695
29116
29835
29110
28658
29331
28781
29111
29191
29384
29846
29831
29117
29805
29523
28890
29864
29474
29345
28742
28840
29188
29311
29678
29302
28850
28652
29056
28884
28998
29023
28919
29862
29792
29769
28724
29282
29668
29250
29786
29423
29799
29845
28639
29553
30736
30828
30211
30545
31110
30734
30733
30518
30524
30376
30209
30533
30834
30615
30255
29931
30382
29950
31065
30671
30216
30405
30617
30694
30659
30831
30136
30766
29982
30333
30165
30060
30994
30774
29981
31035
30013
31169
30360
29959
30903
31109
30005
30662
30019
31105
30032
30391
30325
30235
30064
30393
30115
30068
30163
30411
30936
30111
31139
30427
30052
30996
29965
30727
30647
30531
31127
29979
30745
30378
31000
30490
30446
30190
30003
30423
30548
30853
30438
31072
30040
31141
30759
30702
30521
31023
31134
31163
31034
30285
30582
30948
30287
30315
31012
30525
31126
30724
29954
30414
32330
31494
31696
31999
31523
32485
31217
32079
31530
31295
31206
32418
31266
31620
32333
32025
31933
31461
31926
31992
32004
31989
31297
31902
32137
31894
31862
32360
32248
31326
32339
32332
32175
32442
32129
31708
31596
32432
32113
32136
31715
31940
31873
31841
31897
31541
31937
31755
31651
31768
32298
31865
31405
32299
31566
31549
31365
32109
31820
32340
32453
32073
32167
32240
32164
32307
32159
31232
31333
32231
31772
32015
32241
32301
31330
32277
32270
31410
32244
31650
32498
31307
32440
31741
32039
31731
31658
31372
31363
32292
31512
31240
31903
31831
32473
32259
31304
32163
31821
31535
33720
32530
32767
33447
32849
32862
32785
33131
33773
32847
32538
33665
33134
32744
32759
33207
33235
32913
33048
32908
32563
32987
32985
33300
32970
33352
33373
33767
33779
33562
33642
33603
32943
32947
33542
33616
33184
33556
33400
32811
33696
32974
33111
32676
32622
32865
33599
33564
33708
33180
32838
32901
33076
33302
32587
33721
32984
33630
33482
33068
33703
32557
33253
32508
33607
33554
32942
33225
32578
33393
32500
33727
33116
33209
33264
33024
33496
33140
33208
33688
33384
33212
33547
32599
33222
32671
32735
33663
33757
32869
32619
33568
32771
33317
32733
33650
32535
33088
33656
33527
34296
34513
34068
33888
34816
33938
35032
34393
34722
34388
34742
34963
34639
34158
35002
34723
33874
34612
34632
34369
34830
34034
34483
34021
33940
34659
34463
34652
34719
33878
34501
34740
34650
34241
34148
34873
35013
34736
34082
33855
34626
34141
34547
34505
34151
33831
34165
34958
34613
34466
34973
34149
34985
34219
34366
34436
34249
34564
34060
34936
35056
34442
34103
34077
34350
34090
34988
34990
34506
34246
33830
34533
34376
35003
33950
34567
34335
33853
34535
34423
34412
34681
34342
34702
34135
35084
33916
35038
34179
34355
33886
34821
34770
34523
33896
34794
35090
34750
34292
34804
35737
35685
35999
35571
36012
36335
35200
36390
36322
35360
35666
35518
35449
35774
36239
36045
35470
35840
35597
35381
36292
36063
35783
35865
36316
35660
35288
35205
35921
35749
35270
36127
35859
35320
36017
36393
35581
36320
36050
35935
35520
35444
35807
35303
35490
36076
35333
35249
36162
36265
35744
35524
35197
35226
36052
36057
35194
36213
35486
35414
35930
35361
35557
36067
36007
36311
35707
35445
36356
35701
35850
35547
36167
35799
35398
35889
36032
35981
35690
35171
36139
36096
36141
35908
36040
35237
35734
35569
36014
35407
35656
36343
35326
35187
35886
35941
35231
35714
36086
36277
36774
37447
36474
36983
37498
37386
36527
37277
37291
37110
37430
36800
37058
36659
36597
36811
36443
37293
36686
36838
37166
37243
37488
36466
36574
37091
37281
37576
36561
37274
37340
36461
36652
36868
37516
36433
37287
37564
36687
37000
37087
36909
36862
36681
36998
37512
36708
36923
37227
37090
37211
36426
37613
37424
36850
37417
37459
36953
36465
37667
37005
37631
37593
36905
37119
37018
37057
37633
36559
37268
37013
37201
37436
37510
37525
36557
36885
36588
37179
36725
37252
37286
36649
36840
36673
36730
37023
37383
36457
37446
37581
36785
36493
37037
37440
37551
37067
37101
37673
36552
38725
38003
38079
38616
38440
38937
37933
38822
37980
38505
38180
38012
38543
38436
38053
38011
38458
38369
38474
38511
37772
37930
38427
37744
37839
37991
38248
37904
37937
38453
38959
38970
37870
37834
37973
37828
37919
37784
38396
38703
37701
38473
38802
38377
38984
37780
37896
38332
37939
38872
37764
38497
38405
38307
38368
37803
38298
38570
37929
38188
38779
37775
37873
38270
38280
37959
38696
38135
38839
38808
37715
37759
38490
38000
38988
38151
37948
38457
38362
38145
38023
38454
37909
38324
37862
37922
38930
38956
37955
37820
38303
37984
38381
38498
38601
38159
38831
38553
38641
37932
40238
39848
39082
39654
39183
40212
39878
39053
40123
40118
39569
39727
39360
40065
39676
40198
39627
39713
39143
40008
39359
39325
39990
39099
39533
39437
39176
40144
40156
39266
39228
39356
39455
39335
39009
39206
39932
39993
39064
40233
39657
39156
39134
39550
39886
39520
39870
39417
39366
39563
39609
40254
39334
39291
39904
39108
40010
39758
39759
39054
39451
39893
39547
40199
39518
39796
40145
40113
39039
39608
40152
40104
39614
39200
40197
40166
40109
39348
39780
39714
40169
39731
40208
39157
39884
39857
39241
40129
39265
39463
39583
39430
39787
39556
39633
39402
39584
39597
40192
39212
40672
40649
40697
40793
41361
41356
40950
40700
40455
41538
41037
41515
41129
40986
41084
41507
40972
40668
40515
40642
41553
40448
40987
40600
41189
41458
40804
41185
41214
40611
40848
40316
41106
40662
41194
41216
40613
41043
40449
40542
41108
40754
40650
41563
41288
41021
40840
40507
41204
40566
41006
40456
40659
41018
40931
40400
40743
40407
40486
40312
40390
41038
40517
40482
41121
40375
40504
41210
40661
40616
40934
40723
40352
41265
41283
41496
40632
40438
41387
40643
40882
40979
40651
40453
40682
40893
40339
41266
41015
40383
41286
41552
40912
41479
41565
40905
40572
40799
40898
41509
42029
42513
42313
42373
41687
42778
42033
42848
41776
42626
42064
42789
42231
42621
42178
42518
42067
42633
42135
42838
42777
42121
41980
42044
41741
42057
42440
41695
42383
41895
41631
41732
41749
42551
42211
41623
42413
41651
42809
42445
42886
41896
42396
42217
42366
42230
41971
41824
42849
42268
42343
42403
42051
41828
42805
42146
42127
42616
42106
42234
41700
42155
42200
42841
42635
41937
42747
41633
42151
41940
41680
42179
42751
42250
41906
41798
42275
42028
41683
42112
42662
42590
42611
42696
41867
42563
42243
41773
41778
42251
41923
42868
42798
42415
41705
41761
42272
42669
42204
42770
44002
43332
44197
43280
43025
42916
43582
43129
43105
43455
43533
44071
43714
43884
43287
43189
43249
44091
43262
43364
43729
43786
43434
43796
43871
44081
43562
43876
44028
43861
44141
43994
43602
42908
43006
43347
43591
43487
44189
43343
43087
43668
43536
43963
43176
43734
43063
43310
43697
43868
43670
43806
44160
44128
43991
43717
43497
43850
43712
43413
43816
43363
43950
43209
44096
44166
42992
44044
44069
44061
43031
43056
43020
42901
43132
43926
43792
44088
43465
42970
43727
43331
42920
43081
43394
43281
43259
43874
43654
43073
43283
44023
44185
42929
42936
43369
43049
44097
43699
44050
44860
45043
44506
44665
44787
44377
44357
44482
44994
44837
45385
45131
44516
44470
45157
45334
44265
45425
44605
44730
45125
44813
44818
44970
44507
45382
44637
44569
45018
44227
45172
45305
44702
44433
44960
45023
45321
44305
45020
44358
45164
45362
44320
44855
44759
45079
44232
45352
45390
45066
44388
44699
44674
44491
44858
44758
45144
45279
44861
44909
44582
44912
45290
44414
44784
44520
44408
45227
45041
44907
45397
44619
45217
44396
45286
44207
44295
44832
45119
45386
44987
44601
44293
45030
44457
45191
44841
44894
44599
45300
44768
45139
45363
44872
44563
44495
44327
44657
45068
44695
45657
46181
46587
46515
46703
46235
46481
46150
45873
46445
46204
45963
45815
45989
45771
46380
46616
46505
46208
46322
46171
45587
46348
45941
46678
46328
46100
46677
46688
45999
45682
45767
46362
46098
46373
45589
45684
46644
46298
45747
46012
46115
46078
46163
45954
46267
45598
45606
46231
46138
45803
46356
45844
46000
46021
46401
46175
46402
45648
46269
46158
46641
45573
45563
45650
45665
45965
46040
46108
46763
46591
46704
46051
45913
46670
45555
46225
46253
45854
46781
46237
46009
46069
46730
45561
45715
45541
46517
45631
45798
45691
45971
46352
45683
46720
46530
45687
46549
46343
45608
46915
47845
47217
47097
47544
47324
47312
47707
46955
47419
47732
47347
47618
47571
47019
47929
47233
47852
47364
46844
47198
47429
47457
47547
47700
47143
47939
47235
47142
47623
47136
46875
47105
46882
47483
47759
47248
47202
47139
46824
47446
47454
47458
47752
47616
47888
47150
47914
47628
47004
47821
47394
48059
47601
46877
47903
47354
47037
47955
47737
47595
47405
47252
47484
47890
46804
47154
47763
47843
47479
47343
47200
47641
47824
47687
47734
46870
47087
46801
47659
47181
47975
47701
47417
46993
47989
47231
47614
47022
47538
47920
47339
47512
47218
47881
46967
47342
47138
47330
47017
48648
48473
49077
48687
48425
48666
49097
48774
48564
49144
48914
48220
48890
48915
48939
48906
48443
48161
49205
48240
48255
48725
49257
48659
49296
49133
48468
48600
49038
48733
48264
48972
48521
48804
49040
49020
48182
48706
48641
49230
49393
49233
49007
48117
49164
48423
48452
48717
49397
48689
48843
49016
48238
49305
49261
48533
49392
49322
48761
48933
48751
48663
48115
48497
49236
48316
48956
48227
48459
48651
48758
49121
48400
48735
48899
48215
48111
49271
49101
48643
48946
49313
49266
48897
49353
48266
48790
48326
48277
48209
49088
48979
49181
48957
49268
48361
48829
48391
49333
48702
50479
49724
50330
50284
49860
49549
50062
49934
50691
50503
49566
50299
50203
49569
50451
50232
49667
49499
50442
49423
50005
50320
49481
49425
50297
49830
49519
50425
49988
50050
50666
50477
49796
50079
49448
50350
49794
49738
50173
49753
50480
50356
50137
50529
49459
50254
50124
50685
49922
50429
49504
49832
49927
50500
49632
49704
50652
50539
50158
50552
49520
50592
49872
50066
49487
49463
50240
49749
50302
50463
50087
49762
49683
49741
49863
49512
50498
50648
50674
50219
49792
49982
49866
50160
49695
49659
50520
49404
49560
49562
50410
50593
50407
49821
50255
49743
49440
49547
50229
49886
51174
51828
50924
51968
50822
51806
51999
51912
51975
51954
51967
51490
51485
51870
51395
51776
51073
50798
51256
51411
51329
51604
51019
51148
50871
51404
51785
51007
51157
50902
51658
51171
50896
51941
51591
51011
51716
51760
50855
51664
51270
51386
50834
50950
50843
51964
51326
50831
51868
50782
50877
51816
50916
50751
51027
51184
51251
50912
51512
51103
51767
51616
51884
51831
51017
51339
50701
51243
51757
51535
51894
50878
51791
51297
51541
50988
51780
51114
51273
51252
51238
51462
50943
51108
50817
51827
51426
51644
51655
51789
50728
51747
50908
51662
50760
51430
51720
51504
51663
50937
53263
52023
53118
53209
52442
53222
52560
52524
53168
52113
53076
52833
52659
52385
52304
52320
52882
52097
52412
52331
52269
52598
53244
52427
52756
52724
53066
52590
52579
52611
53089
52580
52030
52439
52559
52157
52112
52597
52528
52844
52896
52231
53175
52162
53151
53252
52062
52370
53163
52037
52842
52416
52400
52634
53233
52480
52219
52389
52500
52831
52552
52648
52271
53221
52785
52627
52910
52009
52723
53183
53085
52503
52946
52674
52110
53295
52091
53111
52359
53083
52158
52554
53242
53109
52630
52566
53245
52757
52784
52604
52527
53181
53160
52093
52175
53193
52912
53004
52892
52452
53518
54293
53610
54303
53735
54361
54302
53452
54384
54479
53353
53751
53743
53386
53827
53846
53688
54022
54188
54537
54123
53446
53711
53463
54177
53922
54085
54158
53530
54525
53534
54208
54061
54424
53871
54134
53439
53441
53642
54300
53612
54485
53816
54354
54257
53311
53549
54009
53404
53837
53440
53905
54155
54042
54163
53845
54283
54540
54387
54547
53507
54414
54467
53838
54443
53626
54353
54385
53491
53872
53986
54388
53860
53478
54041
53428
53697
53645
53877
53409
54247
53394
53926
53940
53696
54045
54170
54394
53379
53323
53451
54406
53582
53885
53708
53904
53694
53377
54203
53948
55370
55844
55597
54724
54820
54796
55557
55519
55711
55039
55387
55046
55842
55373
55492
55408
55772
55736
54604
54834
54900
55284
54722
55308
55880
54662
55864
54711
55240
55743
55294
55561
55670
55092
54807
55656
55617
55604
55819
54773
55524
55795
54646
55458
55566
55405
54665
55379
55059
55328
54774
54871
55105
55710
55313
55000
55338
54680
54620
55171
54998
55252
54628
55002
55122
54966
54639
54671
55555
54714
55401
55523
54642
55086
55537
55735
55393
55506
55141
54967
55837
55765
55360
54947
54904
54837
54629
55484
55431
55456
55374
55747
54745
55868
54752
54706
55069
54630
54795
54767
56296
57136
57173
57010
56037
56159
56422
56900
56768
56366
56345
56143
56944
56006
56357
56849
56081
56406
56017
57153
56558
56335
57189
56923
56717
56048
55975
56570
56829
56723
56308
57005
56005
56276
57190
56164
56886
56426
56122
56797
56698
56692
56424
56432
55969
56055
56694
57082
56370
56146
56711
56117
56746
56148
56292
55933
56092
56580
56626
56553
56365
56630
56199
56985
56177
57067
56871
56596
57062
57165
56902
56998
56044
56359
56928
56783
55952
56856
56679
55914
56663
56874
57086
56309
55954
56724
56760
56945
56127
57065
56618
56893
56813
57013
57075
57018
56953
56231
56927
56536
57280
58074
58363
57565
58338
57423
58280
57991
57830
57973
57522
57597
58362
57281
58141
57464
58442
57251
57318
57988
57270
58483
58088
57943
58218
58216
58214
58344
58447
58036
57450
58193
57313
58377
58327
58204
57854
58222
58010
57462
57443
57983
58069
58434
58122
57864
58190
58374
57919
57673
57620
58454
57651
57797
58283
57672
57505
57428
57236
57926
57674
57793
58174
58252
57714
58199
57741
57702
58418
58223
57655
57668
57637
57472
57925
57679
57745
58189
58229
57740
58196
57732
57591
57821
57284
57783
58422
57977
58331
58044
57216
57235
58498
58294
58291
58364
57734
57763
57282
57781
59294
59684
59799
59003
59235
59296
58994
59662
58716
59390
59648
59316
59370
59785
59547
59216
59582
59793
59172
59685
59644
58940
59429
58703
58974
59520
59174
59271
58589
58646
58889
59792
58980
59663
59784
58858
59639
59489
59052
59213
59631
58517
58507
59527
58759
58883
59253
59025
58995
59229
59567
58749
59240
59320
59442
59322
58880
59548
58701
59593
59251
59658
58667
58533
59008
58872
58549
59522
59572
59009
58612
58688
59409
58506
58763
58544
59680
59611
59657
58536
59653
59742
59205
58602
59250
59048
59310
59070
59706
58985
59652
59300
59104
59357
58673
59050
58575
59588
58588
58810
60279
60783
60538
59883
60535
60219
60162
60301
59870
59845
60381
60616
59967
60629
60481
60364
60516
61052
60118
60382
60631
60817
60451
60228
60142
60845
60256
60492
61075
60661
60977
60494
60933
60927
60982
60342
60098
60731
59869
60713
60746
59985
60396
59904
60730
60250
60095
60569
60514
60390
60979
60751
60536
59849
59874
60582
60276
60087
60267
59906
60649
60738
60034
60005
60701
59998
60469
60540
59873
59818
59861
60183
60680
59821
60934
60758
60522
60160
60055
59931
59863
59828
60304
60225
60389
60697
59835
61086
59963
60853
60656
59926
60519
60846
60976
60418
60251
60790
61023
60621
61617
61163
62171
61739
61127
62382
61545
61797
62273
62385
62010
61862
62105
61369
62182
62388
61914
61106
61872
61294
61616
61501
62037
61191
61949
61324
61469
61821
61632
61603
61430
61337
61942
61175
61137
62186
61831
61881
62040
62203
61213
61336
61108
62021
61206
61408
62122
62173
61749
61376
61364
61400
61827
62315
62181
61911
61695
62175
61984
61464
61838
61584
61304
61379
61813
61515
62001
61141
62053
62044
61200
62241
62024
61679
61960
62059
61121
62265
62201
62111
61471
61409
61381
62168
62133
61702
62074
61554
61893
61691
61681
61188
61721
62322
62302
61637
61851
61510
61457
61921
63662
63546
63219
63032
63616
63309
63121
63663
63611
63350
62927
63218
62883
63404
62922
63640
62859
63582
62722
63660
63678
63120
63500
63337
63297
63575
63595
62803
63254
62855
63317
62893
63006
63432
62701
63627
62854
62447
62465
63115
63334
63578
63206
63249
62892
62706
63690
63109
63286
63303
63664
62666
63490
63253
62825
63418
63381
63430
63343
62456
62669
63592
62940
63591
63623
62726
63272
63172
63307
63196
62442
63209
62921
62867
63615
63661
62659
62754
62553
62563
63226
62837
63147
62474
62577
63356
63651
63414
62525
63050
63538
63625
63111
63447
63688
63168
62853
62570
62661
63483
63719
64964
64304
63828
63873
63883
64009
64287
63824
64367
64387
64605
64623
63860
63913
64668
63919
64888
64423
64289
64031
63881
63884
64525
64275
64674
64452
64563
64504
64947
64349
64111
64243
64609
64001
64547
63993
64232
64428
63727
63909
64794
64887
64447
63994
64882
64472
64666
64981
64318
64881
63851
64732
63762
63787
64879
63801
64573
64200
63774
64156
64807
64256
64722
64557
64844
64394
64370
64864
64493
64685
64731
64924
64761
64819
63898
64930
64270
64649
64916
64222
64662
64062
64352
64837
63835
64372
64552
63812
64235
64688
64578
64197
64677
63901
64354
64884
64190
64687
64325
65764
65925
66243
65148
65027
65476
65266
65781
65854
65053
65376
65418
65383
65820
65410
65775
65082
66029
65736
65282
65288
66104
65787
65042
65245
65223
65785
65942
65330
65463
65878
65425
65500
65001
66118
65231
65999
65441
66097
65950
65066
65101
65270
66099
65718
65812
66153
65241
66089
65682
65602
65786
65731
66009
65508
65181
65918
66232
65808
65544
65208
65587
65048
65708
65756
65535
66248
66295
65923
65704
65292
65408
66197
65591
65355
66277
66160
65227
65151
65701
65569
66063
65440
66265
65643
66035
66133
65136
65141
65834
65601
65806
65904
66033
65936
65857
65520
65446
66294
65158
66905
67563
67148
67329
67010
67485
66887
66595
66965
67050
66964
66537
67156
66672
66426
66326
67520
66691
67443
66973
66734
66478
67275
66332
66863
66392
67089
67328
67516
66669
67365
67547
67539
66735
66748
66603
66959
66492
67506
67544
67382
67184
66980
67061
66312
67304
67538
67133
67247
66757
66577
66706
67205
66723
67487
66429
67218
67332
67154
67562
66744
67391
66345
66844
66561
66433
66684
67170
67546
67196
67390
66807
67308
66743
66523
67526
67024
66369
66640
66331
66653
67338
67037
66431
67379
66948
66633
66722
67383
66434
66817
66705
66699
67081
67537
66789
66425
67012
67597
67530
68856
67950
67924
68247
68521
68283
68165
68598
68108
67623
68664
68883
68840
68443
68168
68284
68493
67889
68852
68605
67982
68677
68091
68817
67836
68265
67994
68685
67951
68607
68861
68135
67945
67894
68481
68722
68855
67869
68395
67673
68046
68667
68835
68604
68161
68438
68354
67601
68642
68253
68274
67893
67807
68323
68134
68369
67854
67979
68801
67773
67602
68048
68676
68442
68671
68821
68715
67735
67634
68367
68679
67850
67954
68321
68100
68837
68892
67841
68387
67852
67939
67917
68150
68330
67642
68759
67799
68296
68152
68325
68375
68475
67714
68510
67818
68737
68894
68294
68030
68620
69105
69203
69258
70109
69629
69578
69114
69964
69386
69174
70134
69084
70194
69709
69271
69243
70024
70179
69439
69176
69556
69983
69438
69651
69480
69278
70191
69789
70128
70068
69780
69976
68997
69645
69844
69377
70158
69264
69289
69125
69583
69492
69940
69221
70152
69329
69205
69120
69354
69423
69400
69826
69615
69263
69712
69769
69905
68989
70187
69585
68932
69988
70101
69835
69083
69569
69867
69932
70003
69536
70035
69554
69362
69360
69199
69679
69532
69381
69094
70005
70162
69469
69415
69733
69748
69710
69891
70110
70196
69864
70120
69820
69490
69764
69992
70036
70076
70163
68942
69523
70737
70966
71369
71448
70753
71465
70245
71293
70288
70752
71489
70672
71040
71429
70221
70883
70270
71100
70797
71404
70205
71080
70316
70543
71410
70860
70232
70319
70464
70731
70635
70384
70829
71383
70216
71117
71152
70350
70443
70641
71400
70298
70379
70534
70742
71363
71484
71247
71114
71416
70825
71341
70876
71246
70377
70375
71285
70289
70475
70868
70493
70781
71321
71119
70326
70578
70299
70518
70487
71371
70772
70906
70269
71329
70967
70964
71471
70423
70946
70982
70552
71186
70894
70461
70580
70683
71475
70330
70352
71356
71126
70855
70954
70746
71111
70271
70417
70300
70651
71144
71516
72746
72373
71728
72194
72195
72334
72352
71652
72785
72257
72493
72521
72261
72007
72645
71799
72400
71971
71727
72026
72428
72310
71551
71553
72059
71960
72663
72595
72156
72215
72518
72424
72668
71872
72695
71507
72698
72609
71941
71795
72087
72680
71931
72422
71633
72416
71993
72371
72548
72183
71774
72138
71912
71664
71879
71624
72758
72399
71576
72359
71600
72781
71706
72762
71534
71990
72666
72245
72383
72063
71625
71962
72535
72123
72774
71794
72267
71858
72531
72726
71742
72620
71669
71521
72503
72633
72380
71787
72581
72409
72078
72753
71666
71961
72626
71606
71587
72732
72737
73946
73113
73250
72932
73053
72855
73984
73865
73624
73041
73667
73846
73268
73885
72955
73045
73506
72895
73300
72879
73458
73855
73731
72998
72937
72864
73236
73114
73859
72859
73492
73725
72910
73439
73323
72960
72854
73563
73340
73899
73523
73839
74066
73433
73857
73716
74053
73085
72994
73853
73130
73861
73548
73173
74085
72950
73061
73532
72907
74058
74048
72892
73199
73932
74098
73501
73757
73823
73513
74082
73558
73415
73527
73123
73977
72947
73089
74090
73987
73400
73534
74059
73367
73013
73344
73156
74013
73354
73396
73472
74004
74072
73650
73350
72980
73015
74077
73686
73707
73314
74434
75000
74255
74459
75077
74207
74335
74985
74772
75036
74555
75015
74184
74810
74241
75343
75057
74851
75120
74995
75162
74994
74689
74610
74444
74926
75079
74817
74348
74898
75271
75286
74879
75130
74954
75223
75232
75290
75394
74367
75006
74272
74649
74130
75104
75061
75212
75392
74466
74732
74623
74262
75011
75291
74317
74509
74143
75381
74366
75259
74213
75213
75306
75351
75300
75299
74533
74760
75140
75002
74921
75013
74469
75074
74847
74872
74979
75128
75125
75148
75197
75382
74158
74342
75261
74975
74662
74731
74179
74741
75186
74248
75222
74148
74225
74579
74365
74785
75056
74899
75540
76572
76187
76597
76213
76498
76100
76231
75929
75799
76281
75584
75757
75935
75544
75928
76261
76060
75853
76121
76476
76256
75930
75726
76483
76129
75736
76308
75695
76350
76552
76419
76620
75953
76507
75905
75978
75812
75991
76062
75774
76056
75776
75744
75522
75721
76355
75404
75872
75902
76072
75975
76540
76373
76658
75549
75560
76215
76365
75963
75613
75440
75942
75607
75883
75502
75525
75492
76626
76188
76054
76180
75439
76024
76092
76315
76422
75571
75699
76059
75639
75884
75642
75925
76170
75454
75618
76325
75989
75801
76428
75509
76051
76206
76233
76098
76408
75700
75443
75416
77492
76830
76767
77547
77414
77351
77606
77640
77444
76931
77473
77005
77380
77109
76785
77987
77532
77924
77090
76849
77112
76704
77705
77548
77120
77222
77067
77254
77651
77348
76737
77628
77859
77872
76753
77000
77235
77150
76920
77345
77372
77735
76924
77462
77320
77187
77759
77164
77437
77407
77260
77149
77976
77163
77743
77723
77079
77885
77596
77124
77059
76974
77370
76932
76813
77636
77308
76725
77584
77277
76713
76988
77250
77751
77995
77097
76731
76878
76846
77936
77767
77655
76955
77653
77134
77516
77803
77918
77275
77902
77343
77347
77104
77491
77340
77960
77354
76765
77820
77866
78651
79107
78157
79209
78491
78975
79151
78331
78502
78257
78057
79250
78595
78194
78294
78131
78692
78503
78490
78662
78323
79186
78818
78725
79298
78123
79127
78693
78177
78231
78830
78425
78806
78470
78740
79053
79124
78962
79110
78951
79291
78409
78352
78956
78656
78713
78043
78173
78839
78920
78696
78371
78226
78800
78309
78397
78198
78017
78641
78990
78609
79280
79235
78548
78810
79123
78541
79286
79281
78108
79152
78557
78328
79161
79165
78416
78633
78546
78267
78154
78122
78472
78566
79226
78423
79104
78997
79193
78521
78670
78856
79265
78534
78886
78928
78107
79049
79029
78964
78803
80340
79823
80271
80318
79727
80195
80267
80072
80563
79361
79499
79473
80588
80309
79986
80585
79354
80036
79544
79676
80162
80438
79853
79611
80565
79552
80502
79913
80160
80378
79588
80448
80144
79743
79827
80596
80229
80473
80259
79628
80599
80168
79773
79614
79933
79391
80353
79317
80328
80216
79906
80330
79327
79999
79487
79902
79313
79959
79626
79808
79737
79903
80482
79422
79416
80479
80425
80047
80433
80156
79815
80542
80269
79758
79519
79817
79644
79826
79709
79879
79982
79792
79909
80568
80462
80526
79866
80167
79402
79944
79896
80491
79740
79711
79978
80582
79848
79794
79436
79811
80828
81819
81031
80728
80970
81483
81039
81233
81432
81071
81422
81320
80965
80611
80993
80650
81560
81121
81240
80890
81094
80730
81440
80631
81830
81488
80909
81884
81447
80622
81254
80745
80702
81418
80957
80744
80831
81576
81497
81408
80623
81839
81189
81103
81543
80822
81218
81379
81553
81228
81508
81665
81420
81049
80895
80995
81842
80996
81611
80772
80624
81433
81176
81580
81852
81885
80804
81141
81701
80908
81835
81690
81619
80946
81356
80979
80954
81683
81890
81409
81350
81202
80734
80718
81461
81736
81397
81861
80610
81487
81589
80639
81648
81270
81456
81700
80642
81246
80720
81436
83073
82325
82615
82848
82209
82006
82734
82434
83191
82811
82894
81969
82700
82188
82160
82009
83081
81900
82048
82233
82923
83068
82222
82427
83007
82719
82596
81929
82386
82161
81925
82746
83044
82767
82112
82246
82791
82110
82936
83174
83103
82309
82235
82085
81936
82323
82220
83149
82356
82747
82359
82858
82138
82654
83126
81944
82088
82619
82174
83114
82553
82777
82599
83047
82866
82946
82792
82013
82704
82098
81928
82170
82556
82963
82041
82308
82542
82784
82123
81977
83113
83169
83156
83157
83051
81954
82650
82605
82694
82951
81960
81911
82959
82272
82278
82627
82003
82869
82893
82173
83715
84289
84114
83348
83623
83509
83269
83824
83577
83459
83387
83944
84451
84306
83342
83482
83593
83489
84093
84334
83426
84112
84224
83768
83324
83914
84290
84490
84301
83223
83946
84152
83766
83804
83771
83467
83365
83818
84278
83697
83203
83873
84305
84369
83351
83801
83962
83479
84009
83245
83842
83210
84231
84457
83439
83244
84005
83343
83868
83267
84273
84313
83491
83977
83407
84236
84487
83791
83718
83929
83657
83978
83906
84414
83372
83367
84357
84449
83513
83247
83545
84038
83957
83437
84469
83850
83526
84243
84215
84488
83638
84039
84049
84158
84308
83939
84237
84356
84115
83965
85046
85454
84697
85123
85386
84623
84596
85289
85578
84799
85064
85023
85097
85126
85796
84912
85472
85063
85563
84778
84858
85781
85426
85068
85653
85771
85650
85778
85371
84538
85645
85175
85398
84873
84932
84928
84834
85611
84885
85539
85257
84839
85685
84689
85070
85350
84599
85684
85274
84631
85511
85777
84620
85617
85101
84867
84510
84601
85181
84663
84910
85647
85404
84994
84604
85706
85625
85468
84841
84700
84675
85087
84937
85033
84970
84769
84882
85730
85520
84560
84659
85176
84927
85158
84917
85591
85416
84827
85620
85762
85559
84959
84562
85045
85732
84500
84784
85168
84571
85799
86935
86933
85908
86143
86632
86775
86354
86110
86055
87050
86505
85893
86358
86550
86201
85885
86988
86165
86313
86073
86948
86406
86906
86174
86743
87030
86045
86019
85822
85869
86937
86049
86092
86469
86177
86522
86050
86192
87060
86704
87028
86458
86172
86598
86663
87090
85999
86733
85943
86649
86542
86874
87038
86060
86051
86247
86033
87023
86463
86603
86997
86844
86904
86485
85934
86839
85807
87081
86100
86652
85912
86944
86591
86297
86813
86094
86267
86981
86381
86410
86010
86395
85968
86807
86594
86005
86780
87061
86330
87041
86249
86198
87039
86371
86091
87094
86164
86069
86264
87017
88049
87887
87720
87210
88030
87355
87872
87935
88298
87634
87718
87136
87820
87287
88257
87250
88027
87438
88350
87486
88108
88263
87672
87467
87140
87839
87951
87971
87260
88261
87992
88346
88018
87323
87823
87501
88332
88110
88141
87380
87662
87399
87627
87400
88155
87506
87371
87407
87832
87180
88328
87593
87710
88368
87199
87993
88031
87358
87133
87427
87425
87523
87150
87554
87372
87386
87337
87851
87370
87775
87864
87644
87278
87217
87931
87815
87258
87659
88172
88051
87668
87738
88327
88276
87617
87939
88177
88374
88125
87503
87582
87299
87829
87799
87878
87706
87348
88101
87742
88311
88737
89191
89624
89520
88469
89219
89646
88575
88705
89660
89082
89472
88525
88920
89218
88414
88970
89266
89172
88758
89295
89493
89325
88931
88641
88578
89164
88873
88413
88491
88832
88538
88784
89608
88820
89574
88828
88440
89065
89098
89360
88968
89443
89377
89215
89250
89666
88786
88435
88711
89558
88762
89207
89105
88665
88881
88511
88939
89547
89678
89314
88845
89604
89168
88963
88494
89139
89142
89324
88714
88540
88621
88683
89299
89222
88546
88642
88625
89445
89313
88903
88781
89602
89466
89036
88771
88916
88923
89485
89237
89571
88743
88775
89217
88766
88904
89688
88624
88962
89099
90206
90918
90715
90793
90652
90694
90364
90955
90179
90490
90207
90335
90168
90883
90379
90703
90195
89761
90501
90246
90271
90017
90538
90789
90429
89977
89841
90842
90593
90224
90629
90632
90771
90297
89945
90721
90894
90255
90473
90170
90814
89978
90935
90079
90901
90090
90001
90470
90315
90163
90900
90183
89920
90219
90609
89948
90938
90029
90974
90365
90518
89969
89864
90599
89728
90567
90551
90928
90073
90670
90479
90424
89972
90060
90943
89713
90618
90115
89722
90595
89926
90899
90909
89820
90870
89965
90651
90345
90564
90263
90613
90273
90488
90439
90126
90586
90152
90653
90598
90373
92150
91361
91378
91625
91452
91161
91088
91992
91106
91890
91353
91937
91862
91447
91620
91143
91646
91577
92102
92243
91156
91416
92186
92138
91765
91637
91720
91987
91116
91772
92076
91343
91172
91513
91499
91136
91296
91287
91486
92069
92299
91090
91126
91688
91438
92146
92054
91619
92024
91240
91755
91181
92278
92274
92067
92018
91552
91228
91953
91355
91656
92195
91979
92242
92017
91293
91214
91248
92173
91421
92194
91997
91110
91197
91342
92075
91901
91899
91574
92249
91498
91148
92266
91480
92199
91713
91768
91149
91660
91213
91781
92106
91427
91428
91665
91855
92187
91883
91490
92141
93556
92688
92870
93235
92712
92356
93316
93373
92990
93301
93437
93220
92864
92499
93513
92628
92909
93087
93001
92946
92574
92802
93127
92325
92487
92967
92671
92605
92942
92947
92530
92301
93558
92447
92698
92383
92979
92413
93281
93490
92455
92344
93534
93504
93552
92780
92924
92777
93017
92601
93010
92821
93390
93029
92555
93048
93525
92679
93433
93043
93214
93456
93353
92537
92423
92867
93209
93096
92716
92626
93140
92335
92444
92307
93417
92484
93288
93024
92393
92766
92673
92357
93329
93555
93237
93501
92313
93554
92739
93415
93133
93499
92489
92726
92435
93582
92616
93183
92772
92486
94238
93794
94602
94260
94662
94040
94183
93777
94583
94467
93616
93774
94515
94465
94223
93620
94015
94382
94829
93846
94182
93802
94502
93708
94627
94355
94862
94789
93600
94447
94692
94730
93646
93719
93990
94588
94106
94294
94067
94405
93993
94075
93747
94871
94358
93639
94736
94560
94780
94859
93772
93966
93701
94226
94346
94396
94076
93971
93862
94740
94399
93640
93673
94018
94064
93725
93984
93866
94047
94323
93878
93726
94826
94028
93833
93905
94794
93628
93745
93803
94413
94804
94847
94731
94165
94366
93758
93856
94378
94513
94755
94761
94654
94518
94342
94019
94345
93821
94218
94846
96172
95824
95846
95113
95516
95662
95701
95809
95266
96158
95930
95814
95594
95917
94913
95172
95551
95671
94951
96053
95553
96015
95974
95296
95776
95573
95633
95251
95346
94930
95569
96194
95586
95041
94938
96040
96171
95357
95422
96058
95624
95552
95832
96150
95764
95778
95290
95379
96014
95932
96018
95052
95836
95765
94983
95272
96090
95691
96113
96164
95812
95748
95264
95213
95982
95802
96145
95006
95597
96137
95406
96056
95120
94942
95787
96009
95908
95295
96075
95793
95960
94947
95165
95303
95780
94924
95240
95507
95297
95922
96007
95811
94931
94929
95193
95078
95318
95975
95389
95365
97489
96280
96623
97262
97406
96285
97488
96872
96291
96714
97099
97407
96337
96851
96935
96229
97101
96541
96632
96745
96936
96812
96265
96843
96226
96644
96255
96595
96501
96678
97107
96831
97023
96588
97149
97171
96882
96674
96866
97298
97096
96815
97391
97001
96653
97339
96333
97290
97236
97270
96766
97408
96220
96493
96528
96722
97136
96792
96272
96764
97425
96535
97187
97108
97467
96942
96590
97208
96290
96354
96672
96832
97024
96732
96485
97145
96721
97078
96597
96510
96297
96582
97401
97472
96492
96589
96931
97162
96818
97003
97337
96780
96800
96813
96699
96724
97423
97272
97296
97352
98334
97966
98153
97657
97759
98578
97615
97558
98373
98141
97919
97678
97629
98471
97530
98202
98020
97680
98406
97648
97849
97918
98039
97610
98480
98649
97572
97924
97968
98300
98664
98224
98097
98180
97896
98117
98340
98307
97797
97755
98146
97836
97711
97891
97772
97735
98704
97885
97745
98014
98773
97529
98531
97627
97616
98259
98158
98645
98351
97724
98436
97540
98746
97760
98118
98564
97719
97865
98287
97618
98244
98790
98445
97789
98024
98350
97889
97893
97537
98055
97596
98388
98553
97784
98216
97704
98187
98096
97644
98205
97696
98046
98385
97947
98149
97884
97560
98706
98320
97592
98990
99460
99285
99650
99968
99277
98998
99394
99033
99387
99683
99082
99885
99474
99791
99140
98928
98836
99368
99150
99610
98812
99202
99395
99607
99461
100020
99386
100018
99925
98902
99694
99416
99424
99716
98833
99333
99507
99574
99098
99583
100010
98932
99405
99669
99430
99124
99443
99605
99981
99900
99788
99028
99721
98995
99488
98976
98924
99928
99844
99523
99566
99022
99852
98817
99846
98988
99655
99686
100097
99888
99072
99389
99065
99825
99154
98962
99645
98987
99781
98994
98964
99204
99624
99447
99514
99268
99108
99939
100080
98807
99130
99719
99582
99785
98871
99220
99272
100074
99970
101352
100180
101156
100979
101363
101059
100149
101006
101108
100389
101050
101234
100479
101065
101165
100702
100279
100823
100792
101327
101208
100632
101067
100247
100734
101339
100664
101296
100293
100716
101370
100498
100785
100502
100305
100125
100795
100361
100839
100441
100495
101364
100314
100659
101371
101074
101347
100480
101128
100995
100438
100360
100462
100596
100649
101265
101344
100755
100929
101219
100154
101187
100527
101331
100399
100390
100542
100169
100801
101008
100747
100490
101198
100386
101113
101109
101227
100796
100608
100891
100414
101240
101398
101110
100144
101033
100506
100872
100507
100935
101094
100248
100921
100435
101164
100984
100967
100925
100667
101073
101809
102554
101930
102635
102468
101903
101453
102175
101706
102362
101684
101579
102619
102567
102412
102355
102471
101494
101939
102381
101813
101776
101850
102334
101742
101935
101409
102681
101971
101574
101924
102422
101464
101795
102435
101735
102514
102072
101869
101888
101817
102593
102594
101544
102500
102014
101992
102457
102684
101489
101570
101555
101692
101618
101773
102269
102315
102624
102266
101685
101708
101491
102276
101837
102683
102328
101638
101766
101674
101811
102076
102256
101679
102578
101522
101833
101641
102629
101914
101885
102167
101493
101557
102498
101670
102260
102083
102314
102557
102321
102244
101693
102496
102173
102254
102231
102505
102616
102176
102655
103343
103316
102847
103145
103829
103150
103370
103001
103101
103905
103730
102982
103476
103693
103549
102905
102851
102741
103603
102820
103169
103528
103721
103437
102987
103862
103521
102821
103450
103876
103654
103242
102708
103612
103626
103666
103622
103832
102997
102878
103161
103911
103921
103550
102977
103181
102969
102747
103910
103645
103205
103755
103574
103193
103869
103140
102913
102770
103110
103108
103975
103301
103347
103018
103747
103727
103026
102744
103548
103691
102960
103803
103451
103345
103062
103024
103203
103139
102723
103514
102751
103039
102914
103456
103219
103602
103100
103372
103761
103094
103617
102790
103494
102750
103768
103564
103655
102834
102753
103120
104849
104866
104050
104874
104419
104480
104546
105037
105103
104670
104103
104145
104904
104436
104624
104518
105084
104494
104809
104426
105008
104230
105036
104705
104317
104403
104533
104369
104889
104428
104946
105290
104471
104963
104591
105279
105289
104090
104555
105220
104839
104259
105266
104731
104777
104935
104093
105090
104878
104258
105277
104457
105095
105275
104322
104153
105053
104964
104371
105057
105223
104915
104108
104595
104162
104542
104545
104088
105017
104761
104066
105285
104487
105182
104229
104641
104099
104733
104795
104922
104661
105126
105295
104738
104246
104825
105205
105097
104826
104359
104306
105046
105243
104728
104993
104165
104969
104657
104277
104540
105320
105981
106036
105768
106060
105613
105950
106269
105710
106539
105375
106250
105751
106479
105885
106149
105826
105319
106436
106565
105684
106065
105979
105488
105692
106070
105389
105573
105452
105837
105456
106389
105388
105947
106423
106578
106063
105579
105545
105411
106594
105309
106526
105719
106376
105361
105558
105462
105798
106125
106390
106363
105827
105725
106588
105564
105864
106407
105561
105521
106199
106069
106302
106090
105419
105882
105357
106043
106465
106047
105688
106261
106053
106570
105649
106157
106146
105618
105648
106311
105503
105541
106088
106115
106356
106114
105534
106409
106416
106364
105480
105461
105890
106405
105316
105571
105934
105931
105722
105406
106779
107868
107723
106647
106818
107113
107082
107283
107843
107829
107835
106693
107839
107766
107774
107815
107457
107239
107704
107725
107859
107089
107005
107462
106636
107419
107539
107679
107498
107194
107481
107817
107697
106695
107156
107734
107235
106690
107327
106644
107295
106825
107020
107335
107795
107533
107442
107186
106704
107258
106886
107673
107886
106965
107109
107456
107336
107837
107594
107872
107288
106613
106602
107354
106934
107190
106811
107338
106760
107404
106888
107894
107399
107747
107440
107760
107206
107421
107831
107357
106942
107846
107866
107072
107050
107064
107737
107303
107657
107461
106758
107805
107033
107040
107049
107039
106728
107019
107506
107736
108417
108782
108768
109075
108913
108628
108648
108515
109175
108767
109083
108107
108877
107932
108140
108257
108047
108237
108290
108511
108620
108738
109121
108753
108519
108282
107979
108306
108337
107950
108590
108143
108296
108493
108936
108811
108062
108953
108471
108654
108533
108467
108609
108822
108731
108170
108455
108251
107911
108081
108298
108028
108831
108160
109063
107928
108665
108239
108302
108369
108634
109144
108850
108229
108291
108872
108887
108038
108537
108577
108563
107992
108373
108992
108820
108803
108452
108841
108080
109127
108429
109084
108340
108596
108907
108240
109071
107963
107956
108135
108415
108636
108680
108697
108539
108420
108619
108745
109045
108903
110177
110150
109567
109444
110334
110304
109376
109245
109593
110396
109451
109235
109201
109596
109474
109340
110038
109219
109454
109752
109394
109264
109797
109773
110008
109242
109685
109250
109306
109524
109248
110043
109953
110269
109333
109636
109565
109252
109910
110167
109638
109999
109226
110399
110005
110181
109905
109395
109887
110042
109318
109531
109969
110086
109733
109322
109922
109726
110306
109998
109714
109959
109441
110255
110414
109862
110006
109478
110423
110424
109939
110013
110094
109603
109863
109509
109788
109559
110291
110429
109820
109803
109487
110128
110356
110104
109608
109290
109888
110419
109341
110100
109795
110472
109312
110124
110264
109458
110425
110471
111453
111447
110516
111680
111105
111401
110762
110678
110982
111430
111125
111122
111551
110631
110511
110853
110815
110653
110887
111053
111159
110927
111670
111617
110939
111424
110811
111469
111144
111696
111224
110603
111711
110869
111627
110916
111735
111096
110557
110643
111248
111227
111026
111165
110820
111091
111776
110668
111220
111255
110766
111111
111163
110903
111772
110697
111506
110537
111476
110894
111231
111502
110792
110717
110563
111007
110974
110757
111766
111694
111630
111257
111329
110795
110845
111146
110814
110981
111549
111740
111013
110691
110896
110582
110644
111795
111237
111495
111375
111022
111045
111011
111168
111326
111225
111725
111025
110914
111689
111528
112995
112503
112581
112228
112803
112208
112387
112864
113044
111961
111973
112865
112454
112379
112766
112537
111891
113008
112199
112398
112279
111946
112814
112486
112543
112722
112861
112009
112528
112306
112544
113089
112163
111832
112504
111930
112102
112826
112880
111893
112043
112540
112883
113005
112895
112095
112254
112969
112889
112011
113037
112871
112553
112103
113091
112190
112867
112522
112140
112455
113024
112909
112136
112407
113028
112754
112683
112253
112469
112088
112188
112654
112856
112083
112943
112641
112740
112935
112535
112499
112791
111925
112055
112329
112708
112730
112063
112956
112630
111959
112058
112692
112848
111898
111985
112449
113051
112057
112776
112561
113693
114302
113314
113878
113558
113833
113501
113568
113758
113630
113442
113176
113982
113163
113512
113617
113774
113596
113753
113294
114390
113128
113102
114262
113968
113209
114024
114232
114353
114310
114149
113272
114127
114240
113247
113811
113919
113867
113151
113315
113657
114143
113318
113680
113160
114264
113553
114132
113152
113388
113200
113239
113366
113844
113316
114356
113685
114190
113346
113977
113429
114362
113447
114191
114323
114291
113233
114031
113818
113537
113972
113842
113667
113509
113777
114333
113879
113415
114317
114193
114260
113820
113897
113721
114315
113724
113234
114005
113287
113256
113517
113353
113139
114105
113847
113602
113754
113271
114172
114394
114862
115520
114921
114773
115346
115672
114892
115519
115553
115237
115006
114844
114451
114592
115569
114818
115614
115625
115113
114842
115401
114682
115046
115190
114410
115232
114875
115310
114520
115067
115193
115005
114428
115358
115375
115417
114516
114788
115624
115079
115175
115571
115076
114426
115514
114679
114478
115182
115280
114669
115393
115602
115690
114570
114445
114721
114693
115650
114417
114783
115433
114912
114585
115488
114517
115372
115609
114448
115568
115446
115645
114437
114557
114694
115048
114686
115030
114534
115414
114424
114509
114852
115328
114674
115651
114654
114874
114485
114581
115686
115572
114894
115450
115620
115239
115422
114886
114753
115399
115062
116071
116771
116925
116028
116200
116120
115805
115910
116150
116999
115896
116329
116851
116581
116250
116774
116818
116656
116680
115893
116675
115841
116993
116097
116687
116701
116147
116884
116489
116409
115766
116992
116837
116484
115704
116474
116772
116870
116036
116355
116706
116512
116733
116583
116955
115942
116429
115746
116980
115732
116083
116304
115768
116809
116541
116027
116354
116442
115908
116610
116019
116279
116806
116380
116785
116554
116275
116162
116193
116393
115713
116735
116545
116873
116073
116882
115865
116698
115723
116121
116074
116318
116491
115883
116691
116142
115740
115824
115875
115748
116594
116964
116896
115968
116153
116126
115822
116454
115935
116741
117306
117928
117950
117106
117943
117391
117811
118046
117276
118016
117058
118092
117423
117431
117562
117236
118091
118099
117268
117614
117702
117968
117371
117094
117624
117461
117364
117147
117661
117752
117870
117263
117901
117935
117738
117973
118196
117598
117791
117863
117055
118126
117520
118026
117847
117415
117565
117758
117496
117144
117789
118058
118033
118239
117422
117302
118050
117280
117793
118052
117734
118157
117836
117808
117053
118064
117654
117334
117249
117933
117241
117607
117555
117166
117258
117639
117710
117723
117459
117867
117850
118254
117289
117857
117378
117477
117514
118074
117307
117245
117165
117945
118277
118186
117204
117652
117033
117606
118019
117927
119520
119252
118991
118648
119002
118872
118735
118460
118987
118819
119502
118324
119172
119092
119564
118305
118791
119134
119580
119042
119355
119199
119117
119479
119397
118663
119243
118701
118715
118934
119131
118835
119012
119504
118696
119207
119549
118624
118980
119263
118869
119204
118595
119367
118782
118610
118351
118319
118340
119050
118917
118702
119452
118971
119317
119599
119374
118657
118982
118316
119225
118758
119378
119079
118608
118773
118922
118417
118354
118615
119309
118846
119270
119001
118963
119030
118428
119295
118847
118775
119582
119250
118953
118900
118494
118868
118455
118400
119542
119451
119044
119459
118930
119583
118560
119150
118889
119127
118346
119591
120516
120776
120336
119869
120627
119890
119643
119855
120202
119873
120316
120534
120884
120727
120106
120243
120366
120421
120783
119625
120378
119948
120850
119909
119748
120745
120377
120686
119829
120459
120084
120785
119715
119712
119881
120747
120077
119667
119632
120698
119777
119679
119821
119627
120390
120529
120585
120089
120429
120453
119977
120082
120767
120200
119652
120645
120175
120342
120218
119852
120389
119942
120358
120135
120803
120452
119672
120519
119716
120214
120714
120294
120167
119923
120227
119964
119665
120315
120015
120763
120623
119828
120407
119971
120341
120602
119673
119800
120380
120484
120017
120630
120566
120152
120786
120896
119713
119965
120486
119877
121894
122117
122015
122072
122181
121001
121952
121044
121969
122053
121334
120981
121540
121036
122069
120948
122067
121099
122036
121808
120928
121328
121278
122097
122028
122119
121854
121880
121900
121690
121046
121344
121844
121780
121386
122026
121875
121821
121400
121385
121419
122180
121522
121093
121946
121689
121089
121851
121350
121984
121662
121030
121801
122162
121440
121248
122039
121619
121899
121195
122118
121883
121159
121108
121083
121879
121779
120963
121889
122041
121898
121755
120952
121206
122061
121469
121861
121407
122194
121797
121482
121102
121703
122129
121714
121653
121717
121413
121034
121184
121931
120997
120947
121127
122092
121137
121704
121151
121859
122004
122604
122943
122670
122427
122554
122873
122682
123221
122399
123169
122219
123247
123364
122268
123497
123007
123194
122646
123225
123315
123168
123459
123180
123080
122426
122337
123141
122956
122980
122296
122368
122952
122571
123107
123113
123102
123010
122847
122946
123017
122391
123036
122462
122518
122361
123418
122396
123223
122541
122260
123048
122639
123427
123086
123285
123373
122367
123116
122656
122775
122298
122214
123484
122394
123272
123403
122282
123376
123203
122382
123091
123317
123142
122966
123064
123059
122843
123088
122247
122868
123101
122283
122755
122841
122903
122685
122484
123431
122938
123251
123217
123334
123261
122994
122378
123260
122615
123020
122965
122347
123701
124288
124269
123885
124050
123588
124220
124270
123974
123718
123533
124608
124182
123605
123906
124029
124347
124746
124343
123747
123731
124183
124189
124171
124273
123758
123961
123969
124570
124569
124116
124306
124231
123984
124698
124137
124177
123837
124047
124462
123821
124282
124159
124142
123655
124109
123750
123548
123507
124687
124015
124636
124280
124684
124727
124094
124373
124056
123613
124125
123634
123543
124051
124708
123785
124582
124242
123672
123657
123663
124066
124502
124732
124412
124681
124500
124545
123582
123505
123565
124185
124788
124590
123501
123918
124504
124197
123542
124337
124039
124226
124729
123876
124174
123997
123705
123618
124598
123803
124542
125966
125902
125584
125583
125890
125861
126095
125270
125348
125295
125210
124898
124861
125030
126004
125540
126039
125284
125018
125052
124961
125914
125661
125708
125304
126079
125330
125969
125439
125885
126085
125202
125173
126065
124870
125510
125955
125158
126003
125497
125440
125008
125547
125485
125836
125686
124958
125098
125005
125346
124982
125282
125258
126078
126051
124966
125467
125571
124828
125452
125045
125116
125997
125548
126016
125995
125638
125896
125373
125682
124803
125038
124869
126026
126023
125058
125980
125607
126037
125489
125893
125477
125617
125132
124981
124801
126096
125376
125570
125265
125314
125381
125550
125169
125196
125968
125981
125149
124892
125246
126318
126891
126679
126825
127317
127313
126687
126892
127172
126878
126950
126232
126302
126937
126454
127097
126413
126268
126551
127116
127390
126665
127301
126377
126645
126346
126300
127131
126915
127330
126843
127060
127204
126741
126653
126573
126208
126981
126714
126797
127135
127133
126352
126841
126396
126228
126609
126446
126515
126882
127391
126324
126552
126513
126347
127088
126630
126461
126399
126168
126595
126181
126321
126676
127223
126771
126574
126418
126179
126836
126495
126140
127258
126546
126131
127325
127395
127354
126166
126152
127024
127370
126477
127248
126710
127380
127025
126188
126785
126607
126612
127026
126801
126998
126732
127081
126507
126250
126286
126632
128020
127929
128086
127653
127453
128683
127913
128255
127834
128121
127852
127906
128153
128438
127445
128423
127701
128357
128080
128367
128178
128279
128274
128269
127657
128315
127754
127973
128522
128246
127431
127651
128047
128244
127931
128261
127664
128460
128338
127420
128035
128374
127784
128180
127947
128440
127693
128634
127618
127862
127483
127910
127987
128144
128185
127736
127543
127752
128004
128142
127697
128281
127451
127600
127930
128664
128270
128229
127897
128197
128412
128461
127581
127864
128323
128345
128617
127515
128401
127761
128588
128570
128320
128400
127655
128489
128015
128038
127547
128584
128165
128656
128549
127503
128036
127531
127573
127831
127649
127403
128865
129737
129293
129949
129794
128818
129546
128736
129597
129066
129494
129730
128929
129312
129487
129536
129676
129491
128877
128978
129395
129771
128749
129908
128759
128841
129137
129434
129203
129802
129521
129678
128773
129580
129336
129278
128843
129848
129470
129927
129368
129064
128797
129152
129244
129038
129307
129618
129662
129102
129987
129323
128769
129914
129768
129658
129689
128840
129539
128745
129346
129905
128838
129616
129225
128724
129593
129511
128808
129629
129600
129490
129192
129650
129977
129436
129592
129602
129727
129830
129615
129334
129551
129213
129361
129753
129822
129431
129907
128798
129837
129198
128855
129758
129932
128954
129691
129884
128970
129903
