501
392
486
755
136
1401
1327
2145
2085
2538
3679
3815
3175
3266
3026
4617
5182
4976
4174
4906
5802
6374
5652
5539
5953
6834
6701
7139
6537
7099
8164
8127
8234
8229
7870
9575
9753
9428
10174
10013
10848
11681
10964
11682
11201
12975
12194
12154
12570
12009
13534
13710
13892
14069
13662
15030
14999
15518
14878
14794
16127
16702
15902
16393
16480
17153
17190
17367
17425
17577
19474
18467
19119
18284
18881
19774
20313
19746
20085
19818
21051
21316
21233
21301
20837
22196
22523
22437
23272
22766
24328
23863
24601
24354
23835
25870
25253
25386
25629
25353
26041
26571
26719
26546
26775
28222
28349
27371
27947
27783
29873
29893
29180
28712
29433
30732
30248
30652
30788
30876
31649
32446
31483
32372
31885
33349
32577
32974
33378
33151
34552
34410
34245
35010
34051
36063
35245
35335
36000
35320
36974
36537
37697
37392
36793
37738
38233
38734
38059
38092
39905
39982
39923
39451
39332
40734
40336
40306
40471
40400
42395
42054
42749
42884
42165
43458
44078
42929
43393
43515
45188
44276
44650
45228
44866
45817
46279
45559
45809
45750
47906
47759
47312
47477
47581
48746
48105
48377
48405
48532
50594
50212
50004
49858
49591
50826
51507
51498
50790
50913
52274
52097
52788
53179
52145
54261
53310
54433
54521
53661
55576
55588
55407
55402
54625
56564
56644
56956
57133
56006
58018
58474
58357
57626
57533
59641
59451
58584
58921
59670
60217
60314
60543
59831
60376
61362
61440
61502
61377
61201
63448
62481
62865
62607
62553
64332
63951
64440
64351
64182
65576
65466
65296
65648
65284
66930
66958
67594
67428
66697
68638
68601
68572
68524
68226
70185
69871
69754
69228
69586
70685
71180
70938
71059
70792
72737
72399
72413
72590
71668
73295
73839
73808
73555
73470
74519
74949
74456
74686
74126
75632
76231
76000
76028
75536
76726
77239
77459
77536
77180
79206
78679
78215
79281
79063
80160
80528
80096
79668
79730
80844
81059
81829
80926
80638
82321
82516
82079
82715
82711
83394
83668
83511
83508
83589
84950
84713
85180
85095
85178
86566
87094
85888
86220
86091
87789
87227
87858
87995
87297
88435
88858
88731
89268
89165
90293
90461
90828
90574
90513
91450
91055
91005
91276
91870
93515
92993
93267
93564
92349
94800
94474
94652
94127
94446
95123
96017
95547
95026
95177
96238
97260
96711
96502
96955
98314
98173
97985
98297
97691
99906
99083
98816
99073
99954
100495
101322
101270
100178
100736
102515
102637
102690
102155
102334
103084
103647
103004
103769
103944
104568
104384
105223
104331
104269
105927
106129
105306
106257
105518
106782
106874
107436
106793
107098
108399
107993
108135
108515
109133
110136
109670
109643
110053
109360
110954
110808
111104
110615
110775
112705
111918
112189
112013
112022
113332
114260
114115
113855
113659
115360
115574
114447
115400
114836
116942
115759
116138
116458
116368
117392
117212
117514
117493
118020
118541
119581
118505
119373
118513
120415
119928
119698
119674
119957
121379
121082
121359
122127
121348
123172
122696
122721
122446
122289
123825
124635
123982
123652
123589
125801
125162
125694
125279
124861
126345
127092
126851
127030
126283
128414
128440
128204
127840
127997
129430
129561
129918
129153
129548
