1006
2090
2917
4743
6469
7009
8480
10289
11058
12048
13277
15159
16736
17490
18314
20229
21942
22635
24506
25661
26408
27964
28953
29902
31775
33031
34273
35243
37185
38497
40265
41293
41851
43472
45142
46363
47792
49023
49536
51707
52050
53745
55855
56062
58187
59264
60232
62199
62688
64478
65320
67502
68145
70114
70307
71626
73810
74670
76573
76917
78970
79338
81813
82266
83340
85253
86432
87760
89395
89706
91416
92839
94474
94983
97426
97739
99576
100303
102567
103646
104329
106083
107652
108562
109782
111236
112788
113252
114462
116101
117640
118603
120416
121910
122823
123568
124906
126631
128038
129790
