892
682
314
379
1666
1547
1321
1746
2610
2815
3530
3475
5105
4410
4967
4657
6158
5767
5469
5358
7699
7014
7535
7603
8858
8370
7931
7984
9783
10210
10169
10257
11432
11617
10813
11636
11793
12561
12010
11858
13483
13768
13047
13362
15391
15119
15333
14723
16710
16428
15628
16579
17388
17239
17624
17657
19283
19339
18263
18498
19718
20093
20276
20135
21939
21965
21200
21448
23344
23070
23082
22206
23439
24161
24150
23996
25310
24837
25286
25700
26845
26907
27036
26413
27757
27625
28455
27442
29137
28618
29175
28680
30034
29952
30759
30570
31851
31465
32069
31947
33135
33170
33397
32783
34631
34243
34961
34248
36269
35383
35780
35445
37587
37580
36622
36872
38179
38172
37770
38070
40266
39335
39051
39331
41061
41521
41036
41386
42380
41788
41635
41988
43022
43771
43193
43941
44479
44491
45488
44527
46361
45685
45522
46649
48031
47464
47692
47363
49370
48818
48184
49105
49508
49480
50177
50286
50744
50964
51221
51943
53257
52414
52283
53164
53618
54044
53682
53316
55768
55277
54713
55176
55909
56801
57187
56823
57857
58021
58441
58389
59794
59102
59127
59134
60249
60358
60176
60727
61592
61782
62099
62168
62743
63350
63062
62460
64660
64405
64036
64333
65212
65173
65936
65862
67097
67164
66444
67446
68686
68369
68838
68094
69065
69760
69822
69154
70859
71472
71084
70231
72135
71530
71615
71795
73223
73877
74050
73574
74653
74669
74160
74539
76137
75621
75404
76332
77792
77353
77788
77299
78595
78747
78758
78543
79827
80573
79516
80412
81560
81887
81693
81793
82430
82449
83035
82821
83469
83429
83651
83811
84729
84772
84670
84936
86758
86955
86317
86936
87518
87666
87486
87815
88539
89662
89024
88718
90605
90084
90404
90250
91323
91637
91934
92131
92830
92306
93268
93153
93667
94227
93681
93853
95369
95467
95236
95131
96563
97117
96251
96773
98743
98705
97623
98229
98947
99220
99866
99215
100372
100472
101102
101060
102430
101840
101737
101411
102834
103986
102900
103903
104993
104423
104272
104599
106503
105534
106133
105514
107041
107846
107452
107490
108297
108231
109117
108751
110348
109953
109374
109820
111377
111061
110619
110708
112753
112709
112903
111802
113788
113426
113112
113591
115388
114438
115536
115258
116372
116716
116884
116382
117812
117967
117208
117556
119155
118454
119585
119203
120115
120098
119799
120070
122179
121545
121668
121181
122665
122894
122570
123195
123529
124654
124268
124616
124908
125999
124965
125304
126336
126449
127134
127192
128587
128584
128465
127787
129074
129027
128845
129533
