848
257
277
2357
1590
1606
3139
2913
3342
4808
4102
5174
5334
6248
5705
7114
6965
7547
8512
7816
7908
9928
10058
9356
10774
11359
11642
12826
11875
12715
13996
13602
14296
14910
14936
14452
15972
16797
16441
17045
17701
18070
19199
19075
18840
20064
20443
19726
20976
21465
21261
23058
22805
22816
24603
23700
23468
25648
25801
25783
26070
27060
27223
27367
27853
28379
29123
28692
29447
30995
30808
31114
32425
31436
32049
33642
33019
33675
35027
34838
34751
35336
35653
35143
37327
37637
37407
38413
38338
38192
40270
39263
39644
41093
40941
40363
42148
42144
42255
43416
44146
44173
44491
45142
44425
45878
45557
45726
48070
47370
46957
49238
48277
48611
50401
49676
49881
51675
51679
51442
52964
52366
52276
53439
54514
54197
55394
55310
55301
56506
56295
56857
58464
57851
58376
59190
58944
58576
59947
60476
60523
62006
61661
62130
63213
63074
63608
63775
64130
64161
65638
65587
65139
67262
66528
66382
67725
68548
68423
68971
69297
69241
70730
70275
71435
72220
72748
71784
73036
73957
73174
74751
75307
75227
75895
76464
76529
77579
77040
77852
78014
79162
78718
79888
80019
80147
81079
81763
80903
82515
83087
83141
83347
83358
84021
85728
84693
84722
86064
85882
86627
87911
87303
87731
89206
88798
89176
90324
90481
90234
91803
91470
92153
93190
92457
92327
93726
94420
94776
95471
96189
95095
96972
97190
97238
98324
97723
97897
99895
99411
99212
100127
100904
100526
102129
102571
101590
103228
103097
103668
104578
104329
104650
105709
105861
106244
106600
106749
107161
108402
107988
108529
109771
109214
110491
111098
110823
111609
112417
112971
111852
113164
113413
114181
115288
115384
114879
116932
116320
115907
117458
118242
118054
119549
118526
118841
119974
119697
120529
121262
121396
121588
122613
123344
123270
124598
124210
123781
124916
124993
125288
126357
126463
126424
127594
128384
127709
128831
128733
129167
