1018
390
1227
598
1303
2254
1678
2403
3030
3174
3081
3216
3963
4494
4536
5181
6285
5700
6405
5690
7581
7795
6635
7331
8569
9050
8233
7895
9219
9475
9123
9238
11125
10757
11679
10887
12772
12717
12666
11922
13818
13930
13234
13744
14606
15027
15527
14707
16844
16258
15656
16063
17418
17902
17293
17614
18670
18599
19361
19474
20727
19661
19716
20293
21445
21565
21831
21332
23229
22107
23049
23263
23437
24217
24149
24126
25555
25988
25919
24872
27209
26040
26558
26848
27375
27704
28585
27984
29325
29853
28887
28855
30656
30629
31158
30421
31643
32138
31468
31772
32842
32679
33799
32929
34686
33986
34883
35042
35991
35306
35396
35201
37621
37333
36422
37365
38131
38515
38046
38064
39555
39699
39752
39363
40918
40697
40500
41515
42518
41753
41665
42158
43397
42903
43706
43073
45037
44253
44506
44936
45761
45805
45908
46243
47451
47914
47684
47979
48981
48815
48943
48821
49858
49414
50165
49814
50976
50788
50803
51453
52846
52049
52910
52351
53550
53445
54175
53932
55061
55432
55213
54643
56333
55925
56426
56558
57505
57724
58096
57508
58572
59124
58756
59414
60981
60569
60633
60139
61596
62161
61382
62394
62749
63258
63417
62535
64843
63857
64524
64647
65111
66050
66264
65597
66736
66409
67361
66586
68108
67884
68710
68774
70096
69204
70083
69363
70399
70326
70422
70316
72440
72509
72313
71937
73903
74023
73959
73200
74506
74596
74269
74198
76088
75422
75944
76382
76776
77435
76763
77137
78843
79041
79003
78876
79385
79338
80076
80262
81221
81538
80813
81607
83030
82520
82793
82543
83871
84085
83466
84434
85743
84916
85717
85430
86818
86390
86756
86778
87881
88332
87483
87120
89608
89102
88907
89334
90532
90286
90140
90693
92070
91640
91650
92031
93403
92685
93547
92676
94294
94603
93844
93933
95368
95413
94901
95698
97305
97088
96291
96608
97672
97817
98284
97830
99913
98900
100066
99772
100705
100122
100883
100263
102067
101982
101843
102077
102831
103664
103103
103450
104659
104696
105020
104357
105499
105942
106582
105458
106881
107832
107325
107359
108852
108873
109187
108489
109961
109554
109591
109516
111126
110911
111736
110648
112468
112217
111934
112703
113193
113870
113230
113790
115446
115234
115070
115539
116442
115700
116829
116940
117442
117348
117427
117190
119224
118910
119349
118606
119634
120013
120600
120083
121258
121914
121162
121725
122584
123304
123196
122338
124224
124393
124718
123761
125388
125781
125347
126063
126375
127351
126169
126443
127533
127988
128460
127559
128894
129644
129847
129185
