488
979
673
612
525
925
193
531
434
627
540
1031
56
536
1286
306
310
212
606
295
186
671
795
827
645
819
160
1000
156
482
453
576
1278
1292
1155
237
923
1281
516
550
417
521
984
226
811
596
1245
85
196
935
407
855
460
701
703
730
837
343
830
111
604
77
690
727
146
131
1164
105
918
810
1228
378
324
721
1102
159
1298
892
688
949
927
859
933
1215
332
1233
854
1124
623
1203
1050
195
1005
584
380
1289
563
404
666
493
1951
1672
2303
2316
2358
1981
1725
1774
1763
1702
1396
1919
2420
1980
2377
2053
1971
1397
1360
2497
2421
2473
1965
1689
1780
2489
1542
2206
1489
2189
2325
1679
2241
1845
2335
2296
2590
1882
1678
1398
1602
2515
2050
1972
2257
1548
1493
2387
1395
1431
1439
2505
2522
1784
2524
1573
1583
1970
1727
1324
2274
2481
1444
2055
1757
2174
1638
1938
2226
2322
2460
2305
2486
1565
1420
2035
1966
1429
2412
2178
1351
1485
1916
1861
2232
2367
2072
2575
1910
1336
1723
2319
1875
2070
1698
2160
1958
2263
2261
2424
3543
3627
3333
3525
3463
3279
2862
2772
3044
3217
3656
3379
3775
3521
3337
3516
3022
2708
3436
3330
3774
3048
3355
3038
2643
3867
2878
3357
3416
2669
2790
3515
3240
2645
3454
3477
3353
3316
3365
3110
2638
2952
2753
3034
3836
3208
2932
3277
2655
3541
2915
3026
3785
3534
3033
3712
3081
3383
3682
2617
3370
3469
3282
3495
2795
3595
3329
2869
3291
2974
3584
3675
2614
3121
2710
2966
2668
2900
2735
3667
3877
2936
3433
3626
3833
3720
3458
3640
3359
3216
3642
3259
2621
3128
3490
3527
3537
3483
3058
2938
5012
4516
4091
4969
4733
4440
4082
5120
5089
4797
4069
4080
4880
4981
4200
4509
4715
3955
3954
5126
3918
4451
4397
4287
5006
4089
4229
4899
5127
4399
4550
3962
4621
4856
4597
4777
4559
4849
3974
4403
3959
5131
3971
4329
4124
4206
4808
5195
5059
3912
4296
4947
5105
4562
4345
5084
5165
4096
5144
4419
4657
4533
4045
3996
4342
4079
4021
4398
3939
4083
4983
4434
4081
5034
4071
4927
4469
5130
3941
4114
4727
4168
5070
4681
4225
4877
4258
4136
4431
4325
5161
4918
4635
4291
5008
4524
4064
5151
5026
4643
6351
5640
5416
6161
5742
5554
6456
5499
6288
6082
6189
5902
5540
5962
5589
5906
5578
5258
5247
6385
5308
5580
5918
5875
6060
6224
5775
5460
5896
6390
5453
5207
5859
6408
6368
5660
6204
5996
6371
5243
5337
6184
6498
5658
5799
5791
5487
5272
5581
5584
5789
5984
5665
6273
5755
6033
5351
5653
5920
5624
6467
5846
5968
5384
5349
5998
5205
5355
5549
5708
5616
6159
6397
5212
5914
5894
5488
5720
5601
6431
6054
6119
5716
6127
5770
5800
5281
6345
5673
5439
5783
5885
5804
6111
6032
5759
5575
5301
6093
6373
7368
6703
6948
6590
6856
7693
6783
7298
7282
6546
7464
7254
6621
6745
7692
7082
6702
7250
7107
7349
7080
6663
7110
7737
6949
6605
7797
7536
7319
7542
7360
7115
7077
7381
7648
6830
6608
7334
6871
6573
6801
6531
6812
7182
7025
6806
6500
6829
6730
7439
7522
6846
6866
7615
7094
7759
7787
7308
7081
6536
7485
7758
7405
6541
7206
7245
6613
6677
6598
7029
6585
6981
6530
7019
7336
7394
7788
6903
7633
6579
6512
7460
7589
6869
7291
7175
6753
7035
6741
7530
7289
6740
7468
6877
7024
6580
6655
7627
6916
7084
8698
8806
7808
8517
8488
8434
8393
8747
8764
8464
8000
8153
9084
9089
8669
7936
7809
8015
8318
7918
8381
8084
8991
9045
8204
7953
7978
8206
8968
8783
8224
8695
8709
8182
8231
8680
8410
8746
8058
8625
8958
8146
8912
7896
7868
8012
8375
8136
7964
8815
8143
7814
8681
8019
8950
8725
8297
8251
9092
8826
7931
8667
7986
8763
9068
8688
9055
8943
8340
8129
8748
8636
8726
8402
9088
8561
8098
8200
8586
8758
8675
8258
8805
8471
8982
8259
8515
9067
8440
8493
7882
8692
8230
8567
8778
7834
9005
8170
8721
8931
9635
9445
9764
9696
9697
9702
9233
9166
10215
9384
10137
9114
9596
9759
10111
9950
10009
10085
9240
10263
9967
9878
9360
9914
9225
10065
9327
9814
9510
9516
9606
9615
10348
9361
9807
9120
10128
10153
9767
9446
9969
9429
10237
9410
9924
9661
10020
10053
9871
9919
9900
10005
10209
9670
9554
9430
10327
9425
9701
9367
9999
10054
9844
9197
10138
9149
9525
9568
9591
9131
9221
9795
9688
9275
9970
9533
9348
9423
9948
10058
9272
10243
9396
9283
9720
9513
9798
9487
9488
10258
9643
10146
9267
10101
9960
9480
9848
10114
9246
9353
10654
10720
11634
11305
11067
10852
11168
11050
10698
11238
11450
11056
10400
10576
11444
11633
11637
10824
11147
11429
10788
11046
11029
10711
11164
10736
11057
11606
10857
11007
10566
10697
10506
11528
10406
10455
10853
10842
11490
10619
11327
10595
11398
10802
10830
10664
11496
10843
10745
11568
10558
10472
10882
10626
10538
11488
10593
11395
11614
10642
11083
11039
11495
11400
10804
10537
11609
11618
11109
10738
11063
10810
11033
11163
11339
11059
10996
10815
11194
10962
10875
11268
10969
11293
10666
11402
11494
11587
11396
11081
10587
10740
11596
10863
11499
10560
11560
11498
10764
11146
12317
11907
12409
12971
12990
12761
11938
12961
12315
12343
11827
12932
12158
12216
12233
12640
12656
11875
12174
12310
12895
12691
12526
12030
12484
12010
12559
12902
12320
12626
12426
12560
12725
12032
11709
12105
11915
11876
12266
12853
12183
11835
11920
12476
12541
12061
12081
11988
12392
12724
12170
11992
12156
12915
12250
12126
12763
11780
11715
12406
12594
12309
11954
12378
12198
12627
12788
12414
11755
12979
11803
11743
12398
12093
12743
12797
12977
12298
12018
12134
12366
12949
12752
12913
12848
12663
12229
12778
12729
12082
12197
11958
12503
12750
12371
12118
12148
12881
12567
12817
13632
14152
13195
13520
13731
13510
13714
13167
13759
13217
13278
13487
13230
13072
13071
13053
14233
13009
13760
14009
13942
13706
14049
13186
13126
13772
14268
14112
13991
13818
13426
13609
13155
13240
13015
14008
13571
13408
14172
14220
13624
13869
14122
14186
13085
13664
13013
13578
13615
13737
13530
13829
13894
13420
13700
13100
13399
13787
13567
13473
13128
13649
13831
14000
13848
13868
13182
14148
13907
13662
13507
13523
14189
13697
13238
13733
13676
13026
13290
13534
13665
13226
14096
13802
13141
13521
13448
13876
14076
13283
13870
13941
13439
13329
13909
14150
13614
14264
14184
13721
14743
14592
14976
15018
15220
14675
14668
14583
15310
15588
15230
15456
15460
15447
15484
15170
14840
15090
15143
14784
15333
15583
14877
14392
14401
14933
15579
15217
14910
15148
14332
14561
14555
14408
14931
14980
15523
15130
14387
14446
14326
14886
14411
15183
14911
15214
15407
15564
14341
15422
15515
15418
14871
14532
14492
14841
15307
14890
14975
15107
14849
15352
14382
14978
14434
14547
15521
14721
15419
15096
15430
14518
14524
14633
15545
14422
15092
14855
15377
14747
14487
14817
15510
15482
14308
15078
14641
15238
15537
15204
15524
15087
14305
15049
15443
15445
14485
14313
15553
14539
16564
16884
16402
16524
16263
15939
16810
16518
16405
16683
15633
16378
16093
16310
16126
16649
16345
15930
16283
16653
15771
16441
16364
16220
16576
16791
15612
16141
16265
15956
16479
16424
16716
15811
16519
16563
16671
16184
16464
15615
15619
16800
15866
16127
16178
15868
16565
16237
16123
16557
15789
16878
15958
16140
15720
15613
15665
16393
16790
15934
16370
16859
15753
16638
16805
15874
16136
16245
16474
16418
15963
16365
16574
16206
16185
16502
16856
16009
15921
16823
16699
15895
16602
16660
15802
16358
16579
16562
15847
16350
16659
16787
16468
16440
15805
16652
15638
15943
16387
15778
17340
18127
17245
18108
17480
17304
17630
17722
16908
17593
17683
17406
18032
17413
17391
17897
18030
16914
17971
17399
18056
17901
17566
17348
17677
17476
17572
17787
18123
17147
16954
17388
17011
17549
17408
17996
17129
17619
16985
17337
17694
17692
18034
18163
18129
17460
17024
17212
16907
17830
17402
17866
17732
17339
17979
17761
17838
17819
17343
17660
17438
17817
17839
17171
17724
17614
17587
16976
17892
17543
17840
17632
17133
17210
17749
17207
17130
17053
18160
17720
17384
17226
18100
18069
18107
17672
17674
17604
17314
17615
17608
16904
17098
17085
17240
17655
17479
17418
17009
18141
18823
19396
18252
19248
18286
18273
19363
19271
18366
18455
18228
18303
18327
19358
18360
19354
18277
18904
19321
18475
19156
18712
19119
18523
18551
18281
18794
18203
19438
19247
19102
18395
18946
18993
18329
18746
18900
18803
18809
19176
18581
19192
19051
19422
18999
18420
19480
18316
18399
18348
18361
18854
18428
18409
18622
18498
18652
19323
18939
18802
18369
19050
18696
18828
18214
19315
18692
19013
18858
18300
18734
19115
19245
18660
19309
18929
19232
19197
18390
18282
18386
18785
19334
18448
18415
19161
18780
18997
19374
18313
19369
18333
18229
19274
19153
19065
19038
18857
18789
18563
19503
19685
20114
20773
19893
19688
19514
20138
19957
20689
19616
20471
19501
20487
19996
19696
20365
20201
19525
20293
20240
20430
20336
19560
20545
20072
20460
20724
20136
19791
20720
20615
19905
20638
19955
19599
19676
20397
20069
19510
20701
19888
19754
19828
19520
20491
19931
20116
19578
20488
19728
20144
20108
19823
19673
20708
19576
20551
20537
19959
19772
20074
19998
20549
20566
20450
19695
19507
19506
19860
20085
20523
20056
20156
20354
19567
19704
20499
20554
20376
20225
20302
20075
20446
19585
19951
20784
20167
20780
20349
20563
20790
20307
19827
20394
19854
19715
19810
20774
20126
21660
21984
22019
20897
22015
21386
21436
21015
21030
21165
21490
21643
21736
21704
21924
22007
21746
21329
22097
21815
21040
21393
20894
21029
21825
21443
21620
21590
22011
21326
21152
21911
21723
21529
21751
20935
21602
21820
21902
21429
21616
21937
21563
21405
20874
21467
21761
21450
22092
21850
21967
21213
21612
21359
21515
21594
21265
21259
21733
21518
21302
21688
21470
22042
21187
20928
20954
21023
21617
21952
21800
21509
21268
21188
21380
21934
21538
21546
21397
21222
22093
21092
21322
21747
21063
20899
21060
21300
21291
21892
21295
21258
21462
21789
21231
21966
21438
21947
21526
21076
23275
23010
22561
22275
23239
22851
22258
22569
22743
23188
22395
23373
22794
22624
23360
22484
22753
22406
22770
22759
23258
22123
22616
22319
22447
23207
23017
22469
22799
22475
23119
22979
23151
22796
23021
22721
22270
22512
23264
22862
22607
22122
22265
22677
23220
23245
22387
23287
22408
22885
22317
22508
22798
22809
22674
22360
22824
22184
23062
22502
22477
22712
22553
22960
22745
22608
23337
22975
22233
22981
22464
22792
23248
23063
22266
23102
23157
22544
22285
22179
22273
22973
23089
22145
22426
23273
23359
22627
22107
23179
22679
22596
22742
22972
22456
22841
23222
23386
23329
23199
23986
23764
23803
23457
23689
24468
23508
24503
24536
23420
24513
24419
23674
24422
24458
23800
23512
24631
23513
23415
24073
23799
23432
23790
24046
23873
24094
23514
24146
24378
24363
23827
24415
23775
23742
24092
24413
23777
24320
24242
24266
23672
23934
24540
23501
23564
23872
23584
23878
23713
24088
24451
23681
23708
23778
24380
24440
23536
23732
24648
24409
24470
24057
24295
23448
23668
23881
23948
23485
24182
24441
24511
24688
24125
24175
23413
24495
24611
23546
24557
23944
23698
24147
24473
23920
24052
23714
24635
24258
24247
24170
23645
23470
24048
24327
23515
24459
23942
23648
24185
25965
25193
25752
25255
24758
24761
25180
24828
25517
24718
25808
25746
25410
25963
25858
25402
25917
25206
25763
24709
25238
25908
25992
24857
25224
25384
25836
25620
24724
25032
24871
25714
25562
25021
25240
25634
25333
25706
25331
25091
24750
25645
24905
25044
24960
25666
25605
25142
25439
25732
25252
25822
25323
25182
25848
25904
25431
25063
25322
25993
24996
24980
24939
25463
25622
25124
25911
25349
25022
25391
25558
25259
24785
25642
25697
25408
25295
24983
25441
25789
25868
25470
25715
25722
25187
25418
25807
24729
24925
25540
25160
25883
24999
25482
25327
24876
25638
24997
24958
25817
27039
26763
26497
26586
26359
26534
27168
27046
26265
26759
27249
26142
26026
26232
27198
27023
27164
26036
26543
26006
26813
26653
26353
26229
27041
27217
27017
27297
26919
26979
26087
26561
26817
26967
26285
26582
27069
26297
26743
27137
26562
26552
26986
26361
26572
26831
27038
26903
27256
26185
26624
27122
26411
27143
27075
26560
26792
26237
26033
27257
26089
26519
26908
26039
26692
26722
26467
26354
26909
26698
27286
27085
26164
27283
27077
26495
26064
26989
26796
27170
26777
26448
26147
26023
26012
26638
26466
26301
26761
27118
26274
27103
27108
27052
26093
26575
26429
26811
26998
26936
27556
27827
28282
27461
28131
27611
27890
27702
27400
28287
27677
28309
28344
27347
28102
27901
27986
28214
27430
27452
28499
28404
28412
27606
28251
28123
28528
27789
27545
27513
27909
27928
28252
28106
28402
28501
27359
27321
27382
27795
28397
28140
27937
28560
27599
28033
27487
27478
27824
28130
27999
27740
28379
27790
27571
28050
27584
27302
27344
28078
28128
28332
28308
27311
27567
27563
27845
27319
27586
27476
28497
28408
27903
27927
27966
28112
28092
27608
28453
27648
28093
28469
28246
28520
27769
28573
27721
27352
27564
27485
27976
27301
27590
28122
27766
27512
27532
28073
27583
27362
29575
28841
28735
29757
29301
29467
29541
29010
29774
28930
28722
29125
29836
29795
29103
28860
29482
29593
28944
29337
29546
29617
28879
29779
29802
29788
29805
29357
28916
29505
28759
29486
29638
29507
29219
29479
28656
28740
29244
29120
29431
29439
29857
29055
29291
28652
28859
29792
29005
29416
29089
29559
29027
28778
29255
29821
29085
29283
29769
29152
29890
29748
29491
29698
29739
28777
28666
29179
28673
29650
29869
29853
28869
28804
29335
28639
29296
28800
29573
29891
29470
28769
29328
29043
28844
28685
28815
28937
29418
28768
29585
29292
28794
29596
29235
29193
28895
29532
28828
29862
30209
31042
30655
30296
30689
30478
30624
31086
30535
30224
30744
30932
30235
30566
30421
30543
30312
30876
30234
30258
31054
31074
30222
31145
30832
30026
31027
30900
30372
30994
31143
30546
29913
30390
30353
30646
30505
31015
30960
30772
30097
30427
30714
30147
30609
30586
31002
30154
30578
30912
30745
30016
31046
30857
30921
30263
30076
30984
30644
31168
30435
30369
30653
29964
30409
30194
30349
30387
30794
30303
30980
30282
31186
30660
30313
29959
30188
31007
30079
30865
31117
30804
30127
30821
29920
30674
30601
31045
30073
30684
30138
31081
30320
31194
30191
30150
31109
29938
30650
29987
31994
31511
32113
31316
31331
31448
31593
32446
31574
31601
31848
32336
32423
32167
31629
31818
32231
31650
31771
31294
32488
31465
31857
31719
31634
31581
32259
31348
31772
31592
31261
32007
32049
32376
31526
31769
31287
32474
32414
32455
32201
32386
32229
31521
31387
32453
32301
31539
32497
31536
32003
31302
32015
31609
31293
31864
32045
32073
31211
32066
32160
31353
32428
31756
31766
32243
31710
31296
32198
31507
32088
31315
31371
32383
31980
31340
32108
32125
31677
31830
32468
32441
31845
32480
32018
31220
32370
31393
31682
31217
31567
31456
31455
31823
31453
31621
31805
32084
32036
32196
33072
33159
32866
33079
33393
32856
33386
33164
32854
33283
33200
32999
33118
33582
32820
33006
33569
33578
33489
32804
32690
33054
32737
33651
33541
33024
32619
32632
33714
33358
33364
33751
33636
33001
32624
33229
33380
32673
33147
33190
32532
33256
33301
33373
32977
33429
33623
33202
32900
33043
32880
32514
32629
33089
33234
33221
33442
33338
33747
33182
33046
33416
33399
32617
33014
32937
33697
33519
33673
32733
33715
32750
32861
33359
33565
32682
32973
32633
33786
33677
33626
32959
32536
33619
32622
33156
32982
32983
33018
32706
32511
33340
33122
33387
33709
32693
33536
33281
33398
32958
34555
34400
34478
33939
34503
34256
34668
34446
34086
34508
34944
34094
34638
34204
34408
34682
34374
34202
34927
33901
33975
34290
34190
34184
33934
34594
34669
34436
34393
34407
33885
34974
34689
34964
34635
34099
34166
34829
34545
35093
34431
34428
34105
34934
34220
33860
34605
34006
34825
34526
34196
34770
34455
34159
34055
34885
34016
34247
35010
34979
35071
35037
33995
33988
34653
35051
34140
34902
34048
35073
34908
33881
34705
33957
34876
34727
34733
34608
34576
34865
33987
34924
34730
34363
35064
34988
34776
35059
33856
34786
34347
35081
34531
34777
34742
34938
34108
34688
34441
34142
36342
35785
35544
35317
35909
36373
36266
36357
35181
35218
35762
35164
35829
36105
35661
35113
35415
35621
35875
36172
35707
36394
36296
35112
35983
35229
35441
35743
35487
36228
35667
35326
36251
36068
35657
36119
35540
35355
36277
36145
35570
35183
35560
35460
36004
35964
35465
35516
36349
36110
35280
36093
36193
35926
36190
35883
35913
35494
36332
35769
36080
36249
36015
35541
35156
35685
35191
35862
35763
35821
35655
35189
35651
35767
36221
35809
36014
35711
36384
35214
35539
35235
36289
35729
36273
35399
35489
35982
35783
36018
35947
35366
35119
36064
35632
35690
36092
35920
36285
35634
37368
36867
37554
37608
37254
37418
36961
37335
36628
37367
36986
37509
36873
37544
37235
37570
36400
37146
37690
37097
37271
37662
37486
37456
36812
36751
37376
36460
37075
37134
37132
37232
37427
36674
37466
37297
36764
36724
37189
37384
36521
36715
37604
36757
37449
37468
37159
36855
37041
37237
36965
36498
37549
37208
37634
37615
36621
36635
37288
37587
37203
36942
37527
37618
37646
37681
36496
37002
36489
37029
36695
37569
36975
37391
37557
37656
37350
37666
36574
37483
36509
37540
36702
37520
36683
37340
37515
37053
37429
36458
37045
36598
36962
36512
36585
36869
36960
37684
36579
36791
37788
37725
38761
37916
38722
38059
38709
38963
37873
38964
38362
38700
38622
38893
37855
38686
37902
38827
38163
38563
37940
38375
38843
38075
38738
37862
38720
37899
38292
37846
37830
38922
38897
38251
38319
37832
38842
38464
38576
38725
38924
38627
38775
38933
38535
38293
38109
38077
38167
38060
38737
38141
38490
38194
38556
37759
38308
38323
38213
37844
38091
38005
37938
38356
38023
38260
38586
38652
37785
38336
37966
38717
38892
37894
38275
38460
38429
38441
38191
38776
38886
37729
38957
38764
38694
37767
37911
38217
38956
38237
38633
38755
38252
38242
38949
38902
38327
38515
38387
37997
39151
39132
39219
39080
39878
40183
39182
39691
40036
40114
39417
40199
39757
39397
39958
39697
39999
39862
39986
39077
39659
40102
39512
39646
39906
39909
40006
39852
40270
39258
40013
39171
39640
40005
39990
39226
39937
39589
39827
40173
39383
39744
39350
39715
39690
39455
39825
39312
39291
39004
39911
40238
39012
39262
39378
39763
39651
40148
39018
39339
39812
39090
39737
39257
39867
39886
39264
39267
39102
40101
39746
40064
39318
39387
39996
39875
39028
40290
39882
39358
39535
39551
39707
39648
39857
39335
40121
39564
40017
39621
39314
39433
39349
39254
39307
39540
39053
39756
39281
39881
41434
41425
40657
40776
40303
40334
40886
41290
40532
40404
40787
40449
40593
40408
40638
41210
41156
40357
40536
40582
40480
41350
41333
40319
40816
40674
41506
41084
41021
40940
41367
40385
40428
40981
40339
40997
40899
40881
41335
40710
40382
40831
40346
41448
41082
41128
41028
40880
41311
41253
40443
40483
40863
40747
40543
40757
40383
41574
41415
41484
40909
41223
40599
40798
40962
41582
40982
41219
40731
41452
40571
40455
40969
40356
41483
40738
40401
40325
41352
40492
41212
41262
41314
40833
40500
40374
40451
41104
40703
40708
41476
40665
40430
40641
40753
40817
41473
41299
40351
41345
42556
41683
42640
42621
42032
42645
41746
41908
42695
41915
42049
41706
42006
42781
41990
41919
42052
41682
42438
41794
42711
41985
41939
41620
42381
42156
42232
42670
42530
42551
42502
42872
42098
42041
42739
42594
42751
41865
41646
42780
41677
42545
42882
42382
42011
42806
42345
42431
42762
41957
41772
41913
42696
42650
42723
41726
42813
41626
41934
41815
42856
42717
42384
41922
42562
42588
42231
42649
42310
42377
41676
42204
42207
42452
42479
42309
41806
42772
42678
41882
41631
42544
42827
42488
42646
41629
41928
42375
41678
42252
41667
41789
42892
42196
42559
42520
42444
42297
41752
42027
43487
43361
43399
44199
43829
43997
43117
43930
43800
43069
43143
43929
43589
43674
43734
43506
43738
44028
43120
42996
43114
43577
43985
43252
43945
43553
43880
43988
44149
44041
43885
43871
43903
43535
43683
43403
43202
43532
42984
43341
43673
43165
44137
42945
43926
43101
43279
43008
43398
43874
43938
43551
44088
43425
43723
42981
44033
43496
43215
43289
43992
44058
44193
43242
43077
43032
43633
42926
42957
44168
44048
43514
44190
43916
43180
43967
43392
44063
44121
43640
43209
43628
43347
43226
43536
43975
43381
43970
44153
43787
44068
43947
43654
43475
43585
43006
43502
44172
43883
43163
44940
44384
44817
44980
44260
44910
45073
44408
45311
45360
45051
44278
45253
44648
45242
44426
45304
45263
44495
45400
45021
44565
44682
45345
45040
45139
44508
45411
44242
45248
44650
44892
45300
45240
44448
44491
44798
44543
44820
44873
44851
44968
44856
44510
44905
44610
44875
45296
44567
45407
45212
45181
44211
45423
44471
44287
45224
44498
45271
45075
44397
44941
45188
45120
45085
44383
44852
45442
44912
45089
45398
44812
44430
44335
44893
44692
44783
45020
44441
44926
44550
44850
45086
44606
44405
45310
45032
45067
45210
45460
44724
45190
44998
45305
44462
45028
44759
44371
44638
45191
46193
45995
45646
45552
45612
46003
45590
46155
46547
46128
46367
46314
45665
46150
45570
46787
45809
46342
45834
46273
46764
45997
45859
45557
46370
46741
45771
45965
46279
45778
46782
46311
45978
45517
46529
46746
46384
46329
46606
46522
46006
45993
46031
46552
46092
46255
45538
45961
45772
46620
45618
45567
45615
46174
45958
45773
45624
46194
46108
45794
45975
46323
46245
45600
46592
46376
46360
45860
45564
45972
46226
45745
45744
45941
46599
46305
46473
45846
46369
45904
45887
45994
46105
46755
46141
45677
46749
45762
46085
45852
45589
45902
46161
45638
46458
46582
46567
45908
46185
46334
47067
47803
48047
47397
47070
47138
47561
47184
48066
46896
47874
47897
47434
47227
47328
47176
47483
47368
46846
47400
47045
47136
46827
47976
47493
47129
47447
47029
47388
46994
47596
47824
47376
47154
46823
46839
47939
46937
47309
47873
47436
47871
47971
46815
46974
47840
47585
47443
47846
47457
47040
47291
47531
47828
47859
47032
47147
47745
47300
46991
47077
47479
47603
47771
47351
48011
46988
47223
48051
47173
47796
47433
48064
46965
46939
47440
47103
47742
47377
47692
48004
47786
47958
46941
47541
47975
47412
47991
47573
47887
47776
47800
46928
47802
47333
46968
47623
47164
46849
47522
49309
48776
49197
48748
48425
48174
48363
49257
49146
48183
49046
49371
48266
48116
48410
48449
48469
48427
48152
48842
49216
48562
48273
49122
48767
48286
48372
48342
48523
48126
48259
48905
48198
48535
49259
49029
48489
49127
48797
48660
48687
48588
48272
48321
49290
49312
49393
48162
48305
48394
48690
48982
48127
48594
49358
48889
48548
48821
48114
48376
48311
48990
49015
49248
48555
48934
48692
49250
48607
48958
48546
49189
48736
48939
49304
48669
49209
49137
48124
48146
48766
48695
48100
48841
48416
48829
49069
49121
48604
48792
48346
49365
48327
49380
48378
49213
48902
49159
49311
48149
50213
50296
49595
50488
49608
49962
50513
50104
49856
50135
50549
50556
49704
49838
49746
49565
49788
49591
49614
50147
50401
50053
50273
49703
49781
49483
49405
50257
50429
49603
50609
49863
50466
50419
49848
50270
50534
50414
49821
49740
50492
50687
50306
49852
50012
50286
50544
50182
50455
49820
49786
50065
49598
50064
49799
50061
50370
49621
49446
49877
49814
49654
49541
49811
49680
50345
49471
49434
50679
50532
50280
49911
49647
50272
49606
49892
49601
49677
50663
50438
49488
50003
49542
50434
50021
49463
50168
50362
49497
49686
50062
50115
49956
49540
50258
50653
50661
49752
50201
50380
51120
51132
51231
51349
51074
51504
51014
51105
50760
50719
51403
50961
51077
51800
51567
50970
51082
51316
51876
51251
51857
50763
51594
51974
51234
51731
51529
50915
51086
50718
51670
51420
51980
51794
51639
50765
50956
51595
50975
50709
51551
51355
51911
51345
50762
51253
50837
50821
51114
51622
51033
51573
50977
51071
51472
51408
51367
51348
51908
51448
51775
51685
51447
50935
51898
50949
50793
51029
51158
50864
50887
51438
51369
50967
50739
51950
51297
51675
51441
51540
51641
50722
51142
51390
51435
51097
51906
51052
51949
51110
50789
51262
51443
51632
50988
51428
51766
51525
51759
51017
52856
52962
52968
52807
53299
53121
52785
53094
52023
52071
52365
52910
53234
52332
53229
52938
53029
52601
53191
53223
52797
52954
53044
53052
52552
52186
53256
53261
52656
52166
53269
52973
52737
53159
52893
52734
52296
52464
52328
52240
52953
52852
52944
52952
52179
52087
52443
52122
52399
53202
53281
52750
53117
52352
53124
52602
52531
52984
52267
53183
52126
52270
52846
52987
52224
52862
52011
52275
52262
52079
52806
52261
52805
52922
52831
53056
52971
53157
53054
52710
53152
52789
52767
52175
52360
52496
52338
53274
52049
52319
52392
52314
52066
52192
52660
52215
52203
53033
52305
52596
54335
53495
53500
53692
54336
53877
54523
53608
53688
54035
53745
54379
53912
54360
53765
54446
53327
54315
53932
54250
53623
54127
54560
53461
53950
54591
54105
53767
53349
54353
54442
54197
54037
54072
53822
53927
53776
53798
53446
53910
53826
54449
53747
54557
54217
54205
54163
54117
54495
53928
53890
54309
54431
53610
54292
53325
53302
53946
53784
54169
54293
53658
53906
53918
54067
54415
54080
53989
53942
53661
54304
53821
53972
54369
54550
54220
53958
53568
53726
53624
54158
53509
54492
54251
54079
53417
53808
54269
54359
53795
53935
53583
54180
53693
53600
54561
53842
54521
54262
53832
54725
55817
55276
54860
54641
55338
55396
55418
55072
55862
55726
55268
55777
54805
55735
55645
55568
54996
55161
55509
55800
54879
54676
55722
55301
55166
55552
54610
55720
54895
55055
55755
54664
55573
54917
55525
55124
54718
55592
55402
55897
55300
55261
55269
55206
55586
55297
55729
55881
55853
55151
54878
54863
55185
54901
54955
55445
55723
55433
55500
54638
54687
55799
55519
54819
54658
55423
55759
55741
54910
55469
54634
55576
54982
55244
55821
55345
55120
55597
55103
55159
55810
55236
54925
55555
54674
54768
55789
55064
55829
55871
55774
55695
55140
55330
54689
55607
54908
55599
55375
57099
56209
56276
57104
56280
55903
56845
56089
56927
56016
56671
56648
57024
56429
56315
56167
56457
56684
56748
56957
56064
56880
57134
56944
56573
56782
56967
56937
56879
56544
56129
56923
56062
56707
57176
56998
56428
56240
57043
57011
57061
56364
56247
56759
57174
56206
56478
56220
57196
56698
56321
56802
56644
56383
56281
56892
56274
57058
56834
56387
56959
56194
56000
56689
57154
56027
57184
57112
56543
55919
56236
56369
56521
56838
56290
55954
57068
57051
56146
56728
56292
56665
57172
56025
57001
57094
56884
56222
56013
55952
56714
57197
56729
56409
56042
57008
56548
56384
56641
56126
57494
57899
57652
57476
57668
58271
58485
58349
57497
57683
57515
58460
57927
57863
58196
58059
57906
57977
58397
57654
58488
57637
57969
57952
58443
58180
58111
57980
58114
58121
58160
57690
58284
57266
57596
57568
57997
57319
57524
57804
58362
57358
57573
57504
57664
57701
57972
58171
57919
57263
58351
58217
57500
58124
58011
57389
57555
58450
58322
57787
57692
58125
57941
58398
57388
57331
57886
57830
57417
57241
57761
57373
57864
58412
57288
57343
57265
57933
58234
58262
58152
57826
58384
57441
57350
57706
57831
57752
57531
57543
57402
57214
57305
58307
57520
57408
57770
58240
57273
58261
58802
59733
58824
59352
59724
58591
58594
59747
59473
59597
59430
59739
59491
58721
59139
59147
58630
59181
59356
58842
59548
59240
59728
59260
59350
58923
58747
59459
58636
58566
59130
58735
58561
58857
59710
58676
59333
59175
59366
59443
58720
58651
58914
59706
59796
59639
59543
58880
59323
59440
59689
59503
59173
58848
59092
59751
58806
58614
58663
59029
59760
59587
58882
59211
59762
58564
59644
59159
59432
58836
58865
59105
59339
58646
59284
59591
59667
58668
58713
59609
59218
59087
58627
59475
59003
59585
59748
59469
59426
59150
59640
58702
59596
58890
59228
58941
59051
58984
58500
58803
60843
60157
60402
60409
60888
60491
60849
60448
60866
59984
61062
61081
61090
60580
60037
60961
59968
59845
60743
60154
60635
60847
60694
60096
60614
60193
59850
60461
60089
60328
60279
60510
60477
60416
60731
60886
59929
59905
60970
60169
60517
60699
60748
60822
60578
60008
60647
60337
60117
60756
60032
60621
60138
59944
59916
59859
61036
60134
60076
60079
60140
60583
60708
60950
60642
60796
60360
61012
60226
60222
60765
60422
60434
61053
60958
59885
60851
60488
60411
60167
60108
60758
59805
60093
60225
60144
60930
59986
60148
60343
60459
60180
60057
60229
60171
60558
60111
60325
60904
60047
61459
61367
61849
62039
62170
61999
61203
61205
62229
62096
61542
61869
61702
61288
62242
61257
62325
61801
61976
62168
62222
62095
61217
62380
62261
62048
62251
62114
61435
61550
62183
61862
61223
61877
61705
62327
62059
61636
62025
61249
61377
62018
61472
61621
61105
61398
61473
61520
61230
61936
61724
61614
61932
61271
61838
62320
61212
61393
61466
61697
61227
61964
61333
61338
62369
61608
61153
61992
61946
62136
61593
61607
61522
61815
61757
61512
62347
61413
61755
62092
61399
61559
62160
61627
62142
62034
61633
62204
61476
61310
61822
62197
61552
61777
61737
62388
62122
61146
61155
61693
62852
63640
62731
63084
62898
62971
62846
62488
63025
63160
63381
63292
62508
63062
63613
62472
62979
62917
63536
63170
62425
63220
62771
63500
63604
63320
63483
62904
63653
63114
63625
62781
62960
62875
63342
63340
62761
62866
63597
63434
63421
62752
63306
63400
63692
62555
63347
62491
63394
62748
62826
63022
62878
62522
63475
62985
63561
63519
63250
62407
62453
63263
62768
63455
62700
63297
63087
63003
62815
62634
62861
62556
63051
63166
63331
63543
62697
63669
63349
62440
63638
62484
63098
62684
62547
63463
62543
63042
63147
63169
63402
63048
62698
63372
63503
63623
63255
63558
62928
62432
64133
64855
64125
64611
64708
64021
64559
64166
63888
64829
64497
63944
64293
64434
64306
64038
64528
63899
64311
64046
64760
64061
64254
64319
64082
64088
64928
64703
63921
64403
64871
64876
63778
64446
64509
64859
64288
64518
63760
64116
63746
64580
63916
63839
64935
64075
64011
64515
64904
64051
64749
63922
64428
63950
63896
64178
63779
63700
64249
63881
63724
64005
64076
64615
64908
64472
64691
64718
64888
64159
64248
63701
63716
64314
64186
64831
63926
64079
64658
63723
64741
64487
64384
64539
64770
64480
64016
64455
64164
64170
64886
63789
64866
64900
64289
64914
63809
63828
63956
64321
65946
65895
66184
65722
65878
66160
66100
65733
66029
66045
65204
65605
65457
65728
65644
66228
66174
66084
65615
65490
65057
65144
65623
65915
65410
65133
65867
65088
65149
65679
66040
66111
66147
65897
65794
65976
65821
65981
66195
65616
65736
65998
65447
65473
66141
65493
65454
65699
66166
65379
66125
65298
65073
66224
66064
66274
66090
65368
66119
65984
65395
65499
65611
66008
65085
65986
65680
65340
66143
65544
65956
65239
66017
66291
65990
65681
65712
65160
66259
65150
65811
65844
66201
66121
65669
65491
65787
65218
65016
65015
65038
65097
66011
65935
65464
65650
65312
66218
65378
65112
66714
67025
66932
67119
67076
66788
66550
67442
66998
66393
66766
66926
67339
66977
66422
66922
66463
67022
67044
67185
67243
66789
66373
66432
67370
66848
67586
66546
67478
66726
67435
67425
66529
67169
67450
67090
67433
66473
66503
67593
66676
66660
66912
66780
66734
66325
67182
66940
67567
67548
67568
66862
66740
66350
67081
67497
67220
67555
67141
66326
66617
67288
66553
66452
67472
66839
66683
66524
66884
67146
66500
67039
67551
67439
66414
67165
67073
67317
67479
66448
67469
66833
67520
67029
67528
67001
66811
66536
66637
67430
67483
67287
66601
67219
66489
66899
67481
66929
67426
66640
68288
68583
67953
67791
67757
68300
68011
68701
68637
68239
68210
68361
68851
68101
68275
68419
67733
67806
68722
68509
67819
68682
67833
68059
67844
68689
68605
68106
67681
68623
68435
68831
67922
68329
68545
68819
68327
68109
67727
67610
68202
67678
68770
68571
67667
68028
67925
68693
68245
68015
68021
67890
68524
68611
67715
68882
67644
68235
67645
68572
68103
68398
67808
68254
68424
68767
68394
68621
68354
68499
68204
68618
68071
68454
67648
68536
68540
67852
68837
67881
68680
67958
68053
68858
68292
68382
67724
68582
67894
68371
67940
67694
68889
67896
67651
68773
68793
68508
67849
67754
69590
69250
69329
70153
70173
69039
68962
70000
68973
69973
69672
69267
70147
69637
69613
69044
68990
69234
69189
70099
69295
69580
69191
69764
70054
69082
69407
68966
70078
69954
69881
70120
69918
69715
69112
69226
69876
69452
69484
69530
69997
69372
69804
69743
70062
69563
69639
69304
69425
69330
69070
69937
69178
70074
69788
68924
69000
69772
69294
69917
69455
69141
69069
69351
69502
69057
68996
69255
68901
69901
69987
69349
70197
69536
69215
68943
70158
69820
70023
69823
69739
68955
69806
69302
69111
69151
69741
69077
70060
69099
69837
69986
69971
68971
69238
69970
69895
69175
69448
69021
70930
70241
70540
70463
71411
70313
70222
70529
71284
70994
70517
70946
70722
70320
70335
71301
71236
70945
70995
71141
70347
71113
70883
70953
70253
71491
70661
70293
70989
71256
70707
70450
70249
70874
70280
71394
70846
70358
70301
70630
70867
71178
70783
70834
70756
70304
71045
70586
70646
70590
70513
70773
70292
70817
71405
71157
70613
71035
70747
70239
70439
70890
71069
70632
70814
71095
70404
70490
70512
70693
71462
71144
70498
71403
70606
70322
70315
71203
71114
70333
71326
70845
70823
71492
70509
70455
70734
71034
70634
70785
71168
70903
70545
71432
70346
70757
71322
71311
71455
70947
71849
72622
71679
72495
71956
71945
72538
72164
71673
72786
71589
72416
72425
71996
71963
72286
71902
72511
71658
72634
71615
71798
72508
72366
72397
72085
72094
71882
71784
72006
72567
71604
72050
71745
72688
72223
71850
72125
72767
71665
72333
71766
72204
72769
71990
72127
72060
72766
71594
72799
71723
72007
72562
71975
71706
72627
72207
71736
71877
72760
72641
72382
71575
71553
72424
72752
72111
72014
72738
71637
72189
72419
71756
71755
71722
72453
72347
71625
71825
71579
71654
71614
72532
72572
71803
72430
71596
72013
71693
72603
72679
72339
71750
72421
72408
72098
72246
72236
71777
71624
73996
72946
73807
73920
73692
73506
73626
73049
72854
73601
73928
73747
72842
72831
73474
73997
73401
73698
73571
74004
73441
73408
74083
73497
73294
73776
72833
73993
73110
73738
72949
74072
73243
73682
73340
73676
74024
73200
73273
73583
73369
73262
72856
73405
73806
73949
73022
73320
73825
73785
74088
73016
73338
72990
72915
73271
73816
73639
73220
73543
73742
74032
73209
73251
73541
73621
73839
73901
73503
73088
72838
73258
73762
73838
73165
73139
73504
73175
73440
73098
73073
73328
73732
73648
73190
73196
73234
73346
73787
73490
73411
73344
73253
73227
73353
72994
73428
72872
73489
73334
75090
74265
75254
74717
74465
75160
74844
75324
75005
74889
75170
74187
74723
74731
75130
74232
74649
75162
75216
75269
74607
74130
74394
74915
74236
74200
74970
75041
75348
74525
75062
74446
74815
74691
74197
74395
74940
74273
74256
74442
74470
74467
74658
75305
74882
75226
75086
74574
75228
75092
75366
74771
74409
75206
74711
74963
75230
74275
75270
75333
74766
75368
74208
74563
75354
75035
74263
75375
75013
75350
74783
75152
75232
74989
74601
74748
74303
74668
74912
74786
74990
74636
74757
75101
75095
74231
74397
75393
74437
74318
75141
75235
74622
74302
75252
74565
74383
75048
74633
75386
75675
76115
75647
76486
75413
76324
76267
76172
76664
75597
76213
76699
75605
75724
76646
75904
76090
75778
75796
75668
75649
76067
76303
75947
76448
75862
76690
76685
75928
76002
76432
75937
76306
76619
75855
75725
75984
76000
76007
76667
76011
76579
76536
76142
76598
76227
76679
75919
76457
75925
76611
76442
76661
75621
75471
75991
76354
75810
75419
75974
76480
75826
75807
75687
76635
75498
76445
75552
75849
75873
75656
75404
75533
76050
75996
76392
76559
75795
75524
76212
75522
75868
76238
76419
76511
75487
76326
76613
75458
76393
75722
76677
76127
75966
75583
76474
75897
75532
76386
75451
77969
77358
77723
77083
77652
77282
77605
77680
76799
76958
77840
77031
77439
77698
77232
77546
77663
77421
76721
76978
77656
77509
76806
76976
77632
77477
77548
77758
77602
77293
77388
77673
77146
77266
77264
77932
77068
77807
77474
77222
76998
77379
77417
77614
77011
76878
77132
77303
77712
76834
77796
77215
76812
77917
76841
77555
77553
76952
77094
77514
77333
77522
76738
76844
77133
76999
77464
76722
77938
77661
76821
76714
77749
77405
77113
77285
76987
77617
76930
77138
77934
77147
77929
77180
77635
77732
77211
77007
77033
76712
77702
76777
77899
77805
76771
77322
77187
77048
77172
77583
78404
78804
78441
78978
78919
78346
78956
78578
79236
78230
78040
78442
78773
79247
78265
78357
78037
78237
78060
78011
78298
78579
79056
78399
79258
78929
78063
78693
78329
78208
78733
79198
78779
78228
78877
79194
79018
78809
79221
78001
78682
78188
79235
78550
78736
78843
79271
78597
78822
78907
78387
78695
78990
78982
78337
78605
78184
79109
78604
78178
78142
78061
79151
78489
78647
79026
78810
78941
79013
78259
78104
79239
78300
78131
78364
78446
79216
78808
78058
78802
78697
78888
78500
78055
79288
78085
79121
78200
78002
78687
78476
78596
78369
78469
78212
79283
79001
78126
78651
78252
79820
80257
79474
79913
79969
79313
79507
80035
79767
80345
80043
79674
80056
79445
79728
80517
79490
80338
80442
79325
79649
79303
79499
79446
80172
80171
80267
80521
79903
79770
80127
80336
80313
80372
79616
80020
80418
80111
80230
80181
79314
79309
80429
80587
80049
80045
79609
80307
79988
79402
80371
80161
80145
79815
79305
80303
79704
79918
79874
80300
79689
80314
80524
80170
79741
79904
80565
79768
79868
79886
80445
79896
79792
79684
79471
80196
80251
79437
79640
80511
79793
80379
80003
79555
79690
80121
79454
79804
79974
80464
80381
79980
80186
80384
79724
79550
80090
79520
79991
79756
80871
81878
81077
81041
81096
80843
80766
81013
81759
81695
80778
80863
81404
81453
80659
81696
81773
80925
81864
80601
81466
81355
81687
81397
81529
80936
81891
81851
80796
81005
81152
81491
80663
81652
80868
80824
81268
81837
80801
81422
81188
81315
81766
81795
81784
81030
81336
80721
80776
81750
81389
81708
80640
81537
81868
81373
81067
80900
81806
80746
80978
81599
80678
81017
81248
81536
81808
81277
81091
81044
81879
81583
80817
81385
80739
81423
80777
80626
80687
80879
81661
81068
80839
81542
80959
81449
80884
81501
81368
80685
81436
81709
81218
81745
80697
81772
81379
81559
81150
81649
82878
82402
82067
82446
82117
82225
82489
82902
81943
83163
82471
82201
82864
82795
82056
82463
82254
82045
82626
83135
82596
82422
82326
82476
81987
82413
82756
82773
82395
83016
83094
83027
82098
82841
82266
82231
82945
82856
83086
83130
83155
82209
82108
82670
82111
82308
83028
83157
82713
83034
82646
82126
82074
83018
81942
82016
82303
82846
83117
82540
82052
82844
82112
82969
82238
81989
82235
82959
82579
83087
82891
82937
81913
82659
82105
82262
82329
82339
81978
82390
82125
83173
82088
82861
82987
82337
82429
82444
82970
82140
82062
82873
82583
82404
83098
82027
82127
82190
83089
82430
83604
84482
83819
83442
83982
84022
83474
84199
83920
84315
84096
84403
83946
83472
83542
83406
83992
84274
83898
83722
84347
83376
83589
83484
83577
84454
83861
84182
83993
83799
83231
84458
83379
84459
83956
83395
83837
83408
83733
83780
83635
84495
83873
83990
84472
83975
84445
84284
83450
84138
83762
83591
83235
83856
83381
84496
83954
84296
84319
83270
83321
83276
83661
84015
84395
84263
83508
84461
83257
83647
83503
84451
83386
83988
83583
84129
84001
83256
83245
84283
84123
84154
84172
84184
83554
83473
83688
84146
84306
83355
84128
83443
83665
84249
84469
83938
84114
84010
83405
83470
84653
85246
85574
85350
85588
84869
85681
84662
85040
84824
85633
85549
85447
84685
85244
85795
85316
85509
85165
84770
84880
85753
85073
84872
85361
84664
85120
84703
85323
85275
85463
84853
84993
85742
85419
85589
85708
85282
85159
85794
85202
84790
85702
85494
85281
85203
84881
85169
85719
85415
84539
85723
85135
85661
85156
85448
85234
85699
85150
85545
85209
85423
85355
85351
84768
85024
84804
85325
85278
85046
85710
84569
85709
84758
84848
85053
85554
85394
84660
84513
85139
85665
84704
85335
84523
85399
85416
84772
84788
85081
84593
85671
85198
84781
85322
85010
84827
85609
85063
84668
86963
86974
86657
86142
86935
85931
86299
86420
86105
86836
86239
86944
86129
86767
86613
85927
86419
86892
86994
86884
85854
86544
86293
86455
85942
86294
86591
86776
86273
86970
86108
86409
86123
86559
86222
86670
87007
86153
87096
86406
86474
85880
86881
85928
86990
86578
85886
86908
86306
86332
86316
86920
85963
85848
86036
86035
86319
86228
86084
86176
86643
86272
86336
85849
86822
86794
86989
86127
86615
85888
86577
86276
85828
86414
86379
86921
86103
86486
86871
86992
85981
86983
85959
86652
85939
85899
86045
86364
86612
86101
86560
86281
86148
86113
86919
86872
86396
86073
86724
86690
87702
87762
87269
87362
87194
87122
88093
88052
88180
87207
87667
87853
88037
88086
87660
87120
87329
87313
87477
87651
87868
87373
88178
87942
88050
87705
87624
88311
88083
88006
87721
87270
87475
88064
87435
87814
87106
87619
87473
87941
87409
87483
87205
88214
87527
87899
88229
88020
88381
87871
88204
87729
87236
87565
87158
87593
87408
87168
87886
87934
87989
87901
88251
87961
88181
87518
87936
88264
87437
87897
88235
87253
87923
87712
88211
87118
87412
87704
87599
87988
87587
87192
87621
87507
87665
87681
88105
88003
87752
88104
87174
88332
88373
87815
88113
88005
88117
87227
87585
87731
89014
89447
89313
88436
88874
88980
89107
89593
89652
88779
88538
88782
89441
89465
89309
88629
88701
89051
89656
89326
89562
89410
89438
89610
89229
88908
88689
89564
89164
89379
88870
88846
88617
89143
88829
89387
88754
88509
89444
88670
89545
89147
88889
88940
89168
88722
88620
88756
89598
89146
89605
88407
89311
88595
89698
89185
88690
88489
89101
89295
88636
89616
88615
89100
89498
89341
88692
88536
88821
89033
89233
89076
89256
89587
89654
89131
89568
88825
88417
89397
89048
89248
88989
89111
88413
89180
89679
89241
88657
89540
88851
88836
89361
88612
88672
89686
88514
89273
88905
89263
90298
90171
90162
90863
89863
90223
90167
90205
89850
90883
90094
90019
90758
90918
90909
90463
90730
89750
90920
90479
90231
90555
90643
90966
90474
90058
90719
90543
90729
89773
90656
90152
90438
90069
90046
90271
89962
90148
89753
90209
90805
90135
89986
89730
90136
90591
90312
90366
90417
90493
90004
89766
89882
90919
90181
90785
89764
90951
89951
90578
90161
90221
89812
90772
89706
90775
89723
90035
90269
89804
90813
90368
89705
90910
90473
89972
90523
90542
89940
89877
90352
89720
90491
90664
89811
90648
90869
90371
89981
90418
90635
90365
90003
90860
90156
89861
90486
90789
90387
89704
91822
91696
91199
91464
91218
92065
92053
91318
92061
91514
91200
91173
91132
91083
91630
91754
92277
91945
91635
91620
92085
91951
91956
92171
91664
91322
91706
92199
92103
91647
92174
91265
91141
91282
91299
91457
92060
91384
91611
91124
91922
91966
91919
91565
92073
92218
91568
91562
91671
92263
91278
91348
92056
91052
91474
91133
92283
91375
91546
91529
91262
92298
91269
91944
91855
91610
92063
91885
91987
91541
91174
91184
91206
91389
92185
91986
92088
91131
91989
91818
91070
91815
92105
91386
91224
92110
92057
92010
91293
92126
91460
91419
91007
91135
91726
92006
92169
91842
91550
92068
93076
93385
92574
92470
93085
92475
92797
93277
93376
93390
93521
93492
93496
93119
93587
92642
92400
93560
92319
93160
93254
92593
92333
93464
93220
92827
93337
92758
92364
92507
93007
93578
92808
92634
93570
93414
93449
93090
92639
92727
92657
93370
93581
92572
92965
93084
93016
93030
93130
92548
93494
92610
92459
93575
93047
92630
92949
92670
92540
93209
93469
92580
93117
92834
92810
92711
92479
92870
92705
92920
92955
93593
93207
93132
93491
93216
93238
92576
92889
93101
92542
93060
93363
93341
93167
92311
93083
93081
93477
92649
93410
93316
93495
93422
93386
93556
93026
92480
92938
92407
94770
94285
94204
94331
93603
94360
94793
93695
93722
93959
94781
94006
94389
94592
94129
94257
93753
94297
94591
94037
93964
93996
94523
94414
94667
94834
93654
94734
93958
93920
94357
93918
94220
94164
94407
94310
94722
94735
94166
94556
94703
94750
94497
94837
94443
94714
94070
93840
93813
93905
94276
93810
94890
94831
94182
93875
94365
94475
94583
94000
94712
94655
93825
93972
94374
94372
94654
93956
94030
94806
94335
94140
94776
94622
93607
93686
94248
94391
94499
94477
93828
94467
93648
94721
94625
94765
93791
94572
94627
94777
93859
93770
94351
94669
93657
94531
93742
94095
93830
93929
94941
95610
95522
95543
95739
95095
96050
95414
95259
95180
95302
95554
94911
95552
95932
95559
95177
95620
95303
95949
95015
96008
95632
95924
94972
94953
95687
95085
96097
95434
95090
94973
95917
95337
95780
95065
96151
96198
95645
95833
95902
96114
95306
95959
95477
95269
95720
95681
95796
95990
95357
95115
95998
96015
95340
95919
95137
95113
95328
95879
95601
95244
95678
95679
95604
95803
96183
95052
94971
95496
95444
95974
95584
95585
94948
96155
95088
95770
95149
95009
95230
95176
95933
95689
95205
95458
95507
95280
95579
95774
95575
95737
96054
95044
96024
95079
95680
96003
95243
95129
96570
97267
96339
96894
96936
96307
96349
97222
97331
96972
96808
97347
96631
96256
96863
96736
96720
97166
96986
96482
96469
96838
97168
97126
96345
97289
97212
96870
96703
96911
97254
97441
96713
96399
97195
96625
96629
96437
96333
97112
97371
97130
96922
96688
97047
96957
97184
96228
96979
97159
96410
97480
97317
96970
96767
96311
97092
96279
96335
96891
97049
96879
96526
96440
96794
97241
97069
97116
96761
97123
96550
97485
96967
97224
97343
96574
96942
96242
97430
97416
97265
97003
96797
96500
97197
96368
96898
96890
97329
97012
97467
96405
96958
97109
97399
96643
96346
97163
96250
96690
97977
98400
98049
98585
98183
98760
98418
98363
97789
98560
98301
97601
98445
98190
97826
98768
97779
97531
98088
98199
98746
98755
98296
98442
97975
97509
97707
98254
97947
98372
98473
98425
98659
98574
97709
97720
98196
98156
98542
97950
98701
98753
97736
97630
98486
98231
97649
98278
97862
98627
98072
98763
97757
97995
97955
97929
97655
98629
98694
97697
98660
98099
98549
98661
98726
97835
98284
97573
97671
98098
98252
98440
97526
98633
98165
98379
98500
98728
97984
97729
98064
97558
98246
98665
98000
98405
97939
97519
97621
98455
98674
98125
98290
98544
97766
98016
98594
97724
97909
98341
99826
99554
99525
99030
99046
99753
99071
99747
99128
99064
99465
99804
99085
99307
99339
99990
99755
98975
98948
99484
99812
98889
99993
99615
100009
98950
99369
99796
99806
99938
99776
99449
99567
99766
98803
99091
100023
99680
99972
99486
99992
100058
99022
99460
98980
99779
98881
98896
99342
99828
99859
99775
99323
98901
100098
99291
99898
99387
99950
99945
100074
99191
99508
99586
100045
99565
99920
99415
99951
99845
99214
98894
98849
99488
99394
99942
99005
99771
98996
98990
99009
99522
99669
98823
99724
99694
99623
98969
99140
99050
99295
98957
98887
99226
99882
99103
99058
99065
99268
99495
100451
100238
100951
100630
100405
100350
100302
100269
101179
101155
100437
100362
100632
101315
100692
100867
100974
100976
101015
100827
100859
101176
100138
100166
101323
101356
100286
101268
100989
100181
101297
101061
100540
100549
100719
101141
100915
101033
100158
100815
100266
101334
100152
100319
101136
100338
100144
101132
101389
100543
100368
100232
100590
100720
101139
100580
100627
101369
100670
100518
100311
100531
100599
100155
100136
101309
101397
100647
100594
100477
100916
100980
100556
101286
100845
101341
100798
101377
100558
101088
101383
101303
100851
100697
100297
101390
100765
100536
100748
101074
100332
100760
100661
101349
101030
100595
100831
100299
100541
100898
102167
101969
101528
102186
102273
102275
101424
101689
102266
102396
102531
102481
102008
102311
102603
101983
102599
102307
102258
102482
102287
101877
102302
102404
102277
101819
102537
101979
102472
102402
102549
101516
101934
101780
101779
101806
101503
102242
102371
102446
102370
102470
102467
102125
102612
102618
101986
102222
101615
102527
102229
102112
101601
101952
102409
102448
102466
102357
102351
101823
102081
102160
102191
101692
101452
101782
102388
101760
102619
102037
101890
102647
102660
102238
102169
102353
102471
102103
101859
101591
102036
102247
102359
101670
102284
101448
101583
101608
102297
102639
102579
102147
102542
101924
101684
102211
102665
102043
101633
102271
103609
103312
103182
103521
103145
103829
103462
103340
103066
103017
103024
103471
103308
103307
103955
102908
103067
103942
103297
103374
103866
103338
103404
103055
103408
103992
103326
102859
103547
103944
103964
103133
103618
102701
102992
103410
103897
103242
103943
102956
103069
103589
103586
103864
103359
103261
103969
102801
103141
102871
103526
102741
103278
102969
103430
103724
102825
103094
103590
102805
103669
103245
103472
103838
103813
103076
103229
103436
103179
103450
103004
103465
103495
103355
102882
103828
102806
103127
102953
103373
102901
103863
103762
102988
103062
103012
103335
102931
103796
103527
103488
103961
102799
103078
103530
103064
103198
102967
102847
103517
104641
104526
104671
104899
105256
104069
104026
104063
104709
104600
104383
104840
104436
104008
104130
104826
104036
104141
105198
104030
104656
105071
105089
104120
104064
104558
105115
104862
105048
104568
105024
104766
104546
104979
104734
105288
105236
105046
104229
104519
104200
105035
104174
105192
104615
104868
104965
104115
104819
104542
105171
104523
105069
104887
105175
104212
104337
104535
104467
105139
104352
104232
104832
104407
104658
104808
104945
105246
104776
104450
104534
105233
104256
104992
105200
104578
104590
104804
104726
104528
104781
104014
104815
104989
104683
104784
104773
104431
104701
104839
104661
105005
104491
104100
104676
104754
104471
104103
104920
104931
105972
106589
105860
105430
105604
106190
105914
106597
105793
105973
105500
105582
105744
105866
105606
105433
105947
106082
105414
105984
106219
105745
105507
106462
105481
106387
106405
106291
105951
106431
106553
106203
105453
105335
105542
105549
106440
106402
105614
105660
105739
106383
105412
106197
105353
105861
105950
105511
106586
105456
106535
106564
106315
105669
105493
106592
106004
105792
106007
105780
105728
106177
106189
106528
105873
106172
105533
105915
106068
106443
105639
105912
105788
105862
105535
106008
105830
106263
105311
106445
106092
106318
105343
105694
106134
105721
105767
106139
105641
106513
105365
105425
106027
106334
106401
105556
105563
106252
105986
105587
106820
107869
107786
107718
106830
107321
106892
106687
106905
107706
107384
107100
107720
106943
106606
107504
107602
106854
107381
107112
106920
107667
107229
107682
107463
107257
107531
107055
107714
106846
107354
106975
107571
107334
107597
107190
107541
107618
106663
106901
106966
107148
107542
107788
107691
107282
106722
106853
106849
107522
106902
107803
107877
107168
107648
107178
107621
107762
106689
106935
106684
107534
107115
107591
106762
107399
107564
107283
106678
106788
107451
107620
106887
106810
107136
106740
106766
107448
106808
106942
106701
107140
106992
107792
107278
106976
107456
107259
107114
107476
107847
107570
106695
107899
106735
107200
107870
107245
107276
107177
108381
108153
108935
108816
109039
109152
109014
108465
108666
108568
108237
107967
108744
108047
109162
108778
108936
107901
108220
109082
108612
108914
108657
108150
107975
108665
107961
108321
109155
107902
108348
108722
109127
108676
108516
108807
108920
108827
109001
108614
108664
108265
107968
108487
108533
108530
108084
108873
108235
108581
108148
108869
108383
108754
109111
108692
108392
108249
109112
108996
108323
109140
108170
108978
108493
109019
109010
108339
108635
109090
108074
108922
108852
108768
108969
108687
108191
108420
109149
109102
108725
108087
108042
108749
109116
108103
108937
108127
107941
108787
108862
107940
108901
108407
108889
107952
109174
108893
107993
108075
109462
109500
110130
109658
109735
110043
109781
110491
110020
109376
109350
109575
109950
110035
110222
109343
109985
109609
110135
110243
110167
109607
109919
110114
109638
110153
109379
109570
109449
110234
109327
109362
109961
109335
110407
110289
109380
109984
109676
109463
109854
109548
109960
109341
110298
109710
109990
110066
110363
109643
110208
109547
109659
109623
109788
109397
109766
109287
109717
109491
110016
109329
109725
109698
110261
109290
109818
109270
109804
109705
109902
110232
110084
109283
109443
109413
110250
109598
110454
110269
110306
109210
109635
109385
109498
109870
110134
110139
110140
109215
109763
109970
109780
109792
109356
109865
109252
110121
110284
109439
110997
111037
110978
111525
111157
110835
110751
111187
111086
111520
111006
111263
111568
111414
110803
110994
110536
110812
111672
111247
110806
110727
110990
110883
111695
111338
110798
111585
111295
111013
111441
111665
110848
110757
110691
111750
110695
110825
111746
110586
111791
111429
111630
111758
111225
111495
110681
111717
111334
110946
111160
111740
110845
111544
111426
111549
110613
111078
111069
110921
111198
111308
111538
111797
110724
111137
111704
111756
111420
110778
111182
111608
110879
111399
111757
111330
111734
111637
111128
110862
111526
110706
111501
110913
111577
111611
111615
111118
111068
110604
111098
110554
110743
110707
111636
111573
111074
111508
110876
111531
112330
112437
112321
112900
113020
112071
112256
112826
111967
111813
112255
111934
112235
111963
112138
112019
112948
113050
112747
111831
112072
112158
111868
113023
112725
111857
112116
112989
112451
113087
112361
111944
112746
111985
112369
112877
112250
112894
112644
111941
112956
112313
112524
112059
112583
112115
112895
113056
112997
112653
112343
112088
112374
112836
112292
111869
112169
113090
112312
112228
112402
113085
112767
112394
112043
112244
112602
111895
112874
111990
113092
112238
111844
112628
111974
112768
112122
111984
112905
112634
112091
112688
112710
112791
112359
112308
113006
111906
113022
112613
112470
112064
112391
112596
112221
111960
112121
112904
112438
112845
113214
113910
114026
114125
113547
113708
114022
113746
113926
114253
114057
114053
113675
114031
113427
113207
113167
113880
114334
113104
113637
113108
114186
113331
114131
113941
113931
113928
114251
113875
113159
114170
113598
113187
113998
114198
114000
113543
113633
114163
113761
113876
114369
113986
113909
114123
114242
113192
114199
114126
113471
114195
113912
113820
113168
113245
114353
113622
114292
114243
113225
113424
113408
114395
114313
113350
113891
114038
113879
113693
113700
113672
113807
113713
113162
114285
114348
114295
113740
113771
113856
114035
114115
113680
113294
113631
113270
113367
113668
113118
113796
114354
113182
113854
113884
114209
114068
113203
114221
113915
115014
115493
115181
115433
114612
115253
114457
115679
115531
114415
114778
114783
114861
114852
115476
115502
114918
115499
115417
115414
114497
114542
114443
115006
114791
115451
114924
115191
114640
114772
115626
115441
114893
115249
115157
115088
114431
114813
115173
115055
115671
114905
114779
114549
115376
115300
115243
115438
115036
115140
114912
115422
114806
115462
114823
114426
115474
114955
114629
114820
115047
115399
115284
114864
115307
115101
114822
115031
114775
114762
115669
115277
114807
115193
115646
115268
114665
115636
114615
115195
114622
115340
115223
114607
114957
114859
114916
115130
114841
114548
114475
114655
114872
115275
114997
114871
115552
115501
115038
114551
116777
116501
116728
116119
116371
116007
116995
116102
116043
116694
115975
116278
116738
116240
116087
115847
116313
116109
116624
115730
115751
116534
115896
116873
116110
115957
116023
116510
116948
116578
116319
115924
116964
116349
116911
116318
116894
116091
116060
116067
115824
116490
116481
116430
116862
116513
116512
115769
116016
115980
115908
116561
116156
115718
116637
116725
116267
116104
116544
116440
115774
116717
116502
116353
116314
116509
115905
116737
116326
115784
115809
116824
116144
116931
116819
116124
116608
115889
115820
116903
116361
115849
116437
116978
116081
116420
116311
116478
115760
116647
116170
116436
116727
116611
116938
116904
115782
116282
116360
116925
117852
117861
117516
118026
118060
117685
117432
117255
118192
118121
118296
117846
117073
117561
117557
118255
117233
117916
117210
118177
117296
117878
118014
117481
117072
117613
117052
117683
118073
117634
117093
118153
117289
118053
117843
117698
117971
117467
117118
117830
117232
118093
117804
117874
117854
117805
117733
117686
118074
117598
117870
117187
117426
117102
117503
117363
117960
117520
118230
118097
117544
117944
117064
118264
117515
118241
117955
117149
117726
117373
117300
117840
118159
117489
118142
117763
117263
117596
117993
117106
117981
117333
118112
117913
118059
117784
117322
117124
117674
117107
117525
117622
117941
117592
117689
117740
117195
118146
117721
117663
119071
119174
118548
119251
119314
118738
118360
118952
119567
119592
118532
118672
118404
118845
118847
119522
118863
119384
118941
119276
119594
119376
119493
118417
119533
119514
118774
118427
118456
118540
119231
119018
119208
119580
118644
119173
118801
119483
118421
118646
118824
118599
118650
118810
119377
118881
118969
119093
119474
118745
119269
118554
119050
118309
118312
118524
119438
119336
119171
118955
118595
118556
118792
119465
119107
119426
118642
118739
118956
119337
119341
118854
118846
118917
119060
119482
118588
118882
119478
119305
118906
119264
118350
118550
118436
119157
118935
119385
119164
119555
118575
118883
119496
118565
119271
118332
118621
118520
119105
119331
120508
120799
119709
119825
119970
120216
120154
120382
120555
120602
119894
119713
119925
120844
120721
119991
120724
120558
120147
120172
120030
120334
119631
120318
119892
119626
120194
120027
120582
119745
120161
119912
119831
120291
120497
120009
120143
120099
120641
119964
120813
120594
120620
120207
119672
120150
120842
119815
120536
119861
120195
120509
119856
120185
120188
120089
120760
120003
119629
120236
120362
120036
120289
120327
120020
119764
119971
120344
120484
120064
119738
120861
120336
119719
120306
120751
120757
120676
120181
120764
120255
120643
120039
120349
120292
120869
119811
120141
120646
119654
119611
120538
120819
119821
119711
119717
119604
119744
120170
120248
121248
121710
121907
121695
121404
121988
121633
121686
121029
121000
121627
120947
120985
121198
121093
121411
121820
121007
120994
121519
121349
121228
121328
121262
121626
121313
121872
121984
121797
122012
121667
121665
121799
121933
120952
120982
120930
121265
121284
122129
121035
121540
121938
120955
122188
121692
121047
121306
121092
121336
121364
121849
121989
121567
121947
121377
121718
121788
122198
121460
122017
121099
121148
121069
122128
121748
122162
121214
121280
121959
121266
121612
121900
121445
121466
121195
121764
121561
121908
122021
121993
121049
121779
121835
121936
121738
121808
121486
121924
121501
121973
121922
122096
121437
121371
122196
121830
121558
121720
122185
122275
122523
123071
122493
123084
122310
122426
122287
123025
123385
122838
123068
123118
122926
123274
123132
123077
122236
122546
123031
122724
122457
122448
123192
123036
122888
123404
122800
122510
122913
122357
122473
122941
123182
123106
122856
123099
122769
122516
123457
123475
123270
123057
123306
123383
123202
123282
123111
122229
122254
123217
123406
122335
123187
123357
123056
122373
123300
122325
123469
123493
122346
123249
122635
123174
122817
123313
122903
122944
122221
122836
123134
122963
122398
122340
122965
123055
122770
122479
122480
122617
122467
123102
122700
122358
122649
122613
122598
123191
122765
122722
122808
122775
122889
123261
123144
122419
123414
123283
123043
123676
124513
124500
124390
124074
123680
124098
123764
124779
124257
124509
124432
124087
123565
124261
123522
123569
124465
124077
124055
123802
124577
124093
124206
123854
124163
124645
123656
124730
123606
124303
124195
123995
124287
124398
124421
123710
123749
123814
123620
123668
123850
124775
123549
123534
123727
124166
123677
123601
124479
123589
123896
123806
124348
124670
123919
123819
123575
124752
123779
124591
124727
124124
123559
124550
124347
124530
124099
124694
123554
124022
124357
124634
124486
124675
124220
124038
124247
124474
124171
124646
123616
123652
124688
123863
123834
124307
124603
124648
123700
123671
123711
124141
123801
124459
123574
123740
124466
123760
124153
126056
124868
125434
125627
125084
125266
124853
124890
125599
124937
125883
125293
125169
125981
125593
125438
125091
125568
125065
125658
125976
125323
125801
126003
125178
124899
125212
125846
124861
125857
125247
125956
124983
125566
125001
124877
125854
125556
125428
125641
125996
125686
125381
126016
125968
125528
125472
124985
125335
125208
124891
125470
125249
125052
126086
125215
126076
125993
125134
125139
124987
124817
125319
124843
125689
125098
125508
124944
125411
125427
125704
125346
125374
125262
125701
125024
125669
125100
124878
124980
125880
125005
125534
125325
125693
124831
125851
124950
124941
125892
125631
125503
125757
125393
125780
126048
124918
126097
125306
124879
127033
126369
126943
127383
126588
126971
126331
127055
126243
126277
126168
126622
126771
126910
127391
127134
127365
126598
127348
126513
126849
126404
126997
127018
126942
126719
127118
126890
126268
126917
127211
126113
126131
126545
126375
126889
126188
127166
126465
126499
126816
126148
126896
126459
126210
126981
126915
126132
126776
126365
126872
126967
126284
127332
126652
127009
126848
126703
126378
127376
126823
127397
126733
127374
126497
127112
126474
126266
126373
127263
127226
126304
127045
126947
126303
126389
126476
127206
126810
127205
127181
126377
126344
127132
127076
127011
127389
126104
126869
127322
127221
126238
126689
126187
126239
127051
126260
126918
126283
126386
128661
128511
127584
127719
127742
127665
128518
128037
128205
127420
127765
128073
128164
128548
128372
127444
127513
128454
127857
128385
128122
127631
127768
128191
127735
128423
128427
127966
128386
127753
128485
128064
127840
128066
128318
127959
128612
128244
128589
128467
127519
128239
127758
128107
127425
128476
127931
128059
127556
128687
127434
127638
127823
127870
127961
128115
128044
128141
127454
127629
127923
128154
127563
127721
128435
128214
128364
128246
128594
127428
128213
127951
127573
127984
127991
127417
128365
128012
127656
128032
128420
128580
127856
128487
128077
127532
127528
127537
128338
128057
127523
128256
128665
128508
127407
128696
127600
128186
128670
127630
128876
129157
128719
129092
129136
129629
128702
129745
129956
129812
128983
128832
129480
129725
129660
129240
129722
129111
129147
129915
129851
129960
129759
128887
129828
128928
129078
129633
128808
129077
129221
129270
129995
129624
129886
129084
129569
129787
129080
128729
129946
129562
129222
129948
129540
129006
129778
128981
129123
129821
128995
129479
129739
129360
129015
128724
129610
129964
129718
128907
129869
129637
129596
129943
129081
128813
129336
129315
129795
129751
129903
128745
129192
129132
128821
129984
128965
129343
129830
128991
128905
129037
129978
129138
129979
129814
128752
129485
128914
129970
128850
128915
129064
129148
129656
129990
128806
129713
128739
128848
