653
168
1089
2079
2512
1512
2843
2651
2686
4773
4616
3937
5417
5381
5509
7092
6548
6783
8042
8900
8352
9965
9715
10168
10820
10888
10588
11769
12920
12804
14073
13130
13012
14503
14718
15579
16810
16221
15692
17156
17127
17308
19065
18815
18565
19901
19902
20522
21258
21263
22088
22120
22241
22623
24031
24698
24519
25197
25157
25739
26997
27257
26047
28082
28427
28336
29687
29085
29539
31130
30768
30213
31904
32287
31474
33050
32799
33502
34407
34472
34197
35624
36179
36194
36904
37557
37204
38936
38845
38420
39585
39932
40073
40723
41137
41005
42218
42642
42806
43176
43370
44093
44450
44513
44789
46732
46316
46158
47515
46904
47224
48505
49222
48289
49463
50424
50039
50757
51641
51245
53165
53081
52559
54296
53308
53707
55355
55862
54953
55915
56644
55900
58349
57873
57528
59732
58897
59762
60031
60790
59933
62037
61230
61429
62880
63315
63024
64314
64698
64537
65643
65618
65218
67428
66761
67487
67756
68531
68097
69563
69018
69694
70565
70674
70415
71988
72770
72741
73104
74090
73317
74934
75357
75023
76641
76130
76671
76887
76820
77274
78506
78967
79220
80557
79887
79570
81457
81134
80705
81937
83049
82799
84029
83859
84121
85673
85211
84996
85989
86466
86885
87891
88145
87780
89240
89033
89330
90584
90019
90614
91608
92138
91374
93310
92395
93564
94547
94836
94250
95540
95465
95038
96260
97171
97364
98258
97891
98358
99120
99773
99874
100655
100750
101115
101557
102131
101446
103189
103382
103109
104261
104181
104372
106465
106206
105381
107376
107007
107310
108118
108925
108002
110146
109992
109546
111331
111098
111280
113004
112512
112542
114297
113141
114252
114835
114742
114898
116089
115741
116237
117893
118198
117370
118755
119204
119587
120059
120789
119683
120985
120960
122007
122620
122769
122714
123862
124127
123619
125604
125387
125895
126267
127186
127174
127642
127440
127734
129689
129655
129686
