498
962
884
539
461
1770
1535
1812
2374
2384
3674
3434
2683
3617
3657
5124
3996
4711
4822
4796
6157
6142
5355
5944
5491
7284
6565
7143
7600
7436
8501
8273
7878
8547
8455
9894
10340
10381
9979
10133
11035
11683
11213
10867
11507
12516
12035
12649
12637
12247
13790
13120
13011
14034
14266
14365
15132
14884
15478
15329
15988
16461
15651
16480
16150
17077
17200
17638
17900
17857
19257
19403
19251
18882
18263
19562
19631
20379
19792
19566
21451
20901
20970
22046
21491
22809
22272
23356
22693
23283
24298
23942
24562
23880
24628
24794
25210
25137
24914
25374
26761
26853
27168
27282
26684
27326
28473
28192
27304
27375
28672
28630
28889
29581
28877
30956
30897
30322
30821
30105
31627
31494
32012
32305
32409
33479
32555
33733
33266
33107
34619
35033
35069
34827
34662
35636
35111
35979
35248
35846
36590
36962
36827
36577
36455
37827
37911
38528
38194
38937
40091
39977
39743
39626
39139
40818
40952
40965
40568
40829
41766
42889
42872
41905
42144
43600
43927
43298
43262
44173
44718
44555
44473
44800
44702
45750
46377
46648
45980
45658
47404
47495
47766
47789
46903
48703
48946
49382
49258
49311
49805
49732
50356
50096
49444
51921
51794
51640
51537
51828
52252
52607
52591
52581
53252
54071
53712
54331
53984
54469
55880
55283
54929
55722
54705
56860
56462
56459
57161
56608
58367
58213
57555
58055
57541
59252
58714
58539
59220
59033
60759
60001
60137
59984
59893
61371
61772
62279
61890
62289
62888
62897
62458
62724
63419
64070
64352
64209
64617
63974
65500
66162
65056
65198
65091
66542
66751
66643
66815
66452
68523
67802
68674
67791
68367
69982
69758
70090
69963
68956
70884
70965
70671
70591
71043
72448
72189
72745
71594
72536
73506
72966
72922
73577
73311
74879
74833
74968
74959
75261
75779
76567
75650
75674
75690
77130
77963
77455
77227
77585
78029
78583
78818
79087
78740
79594
80045
80107
79576
80072
80733
81739
81887
81526
81616
82576
82357
82141
82411
82468
84082
84468
83354
83462
84423
85792
85223
85424
85244
85264
86096
86672
86684
86214
86943
87806
88391
87807
87484
87496
89427
89184
89599
88936
88915
90826
89786
90222
90868
90933
91493
91425
92042
91531
91135
93250
92406
93358
92509
92808
94819
94690
94830
94615
94104
95163
96196
95227
95848
95855
97437
96832
97064
97183
96714
98761
97871
97544
98324
98212
99600
99497
98810
99234
99281
100140
100193
100695
100101
100958
102462
102429
102197
101866
102439
103446
103864
103389
103132
102950
104121
104805
104250
104558
104918
105993
106001
105402
105639
106022
107754
106640
106642
107458
107673
108116
108128
108868
108121
108734
109225
110491
109687
109799
110082
111518
111631
111014
111327
111131
112163
113007
112450
112363
112893
114104
113792
114235
113772
114168
115423
115674
114994
115685
115027
116146
116763
116231
116015
116046
118129
117780
118286
117481
117299
118558
118411
118522
118686
119219
120874
120756
119819
119700
120293
121925
121133
121961
121108
121833
123052
123192
122476
122485
122418
123669
123916
123676
124231
124537
125718
125528
125144
124884
125768
127037
126150
127112
126449
126441
127403
128197
128349
127415
127433
128974
128893
128953
128887
129186
