1122
356
1432
1515
2932
3276
4858
4604
5598
5497
7014
6645
8088
8233
10012
9658
11680
11131
12707
12166
13117
13671
15181
14589
16376
15831
17173
18194
18367
18488
20077
19800
21205
21717
22769
23236
24177
24062
25570
25343
26723
26605
28443
27848
29894
28883
30797
30956
32108
32287
32724
32634
34971
34056
35146
35587
36498
37423
38904
38367
39852
40274
40324
40854
42672
42687
43874
44102
44661
44436
46549
45656
47426
47268
48201
48192
50619
49718
51359
51499
53138
53180
54399
54367
54878
55384
56623
56281
57426
57655
59269
58698
60703
60135
61211
61676
63635
62809
64072
64940
65722
65790
66427
67241
68295
68098
69007
69537
70380
71355
72053
72011
73435
73138
74814
74585
75907
76028
77253
77542
78753
79246
80346
80489
81397
80813
83063
81917
84029
84241
85686
85273
86980
86989
87370
87458
89606
89624
90888
90385
91671
91779
92774
92588
94372
94596
95817
95907
97382
96978
98649
98522
99443
98847
101066
101164
102258
101622
103439
102994
104544
104861
105824
106122
107482
106740
108706
108876
109751
109729
111414
111721
112312
112736
113405
113945
115057
115388
116399
116090
117584
117182
118452
118531
120316
120491
121789
121989
122645
122911
123678
124070
125260
124868
126452
126193
127570
128384
128775
129862
