7789
7794
7788
7792
7796
1935
1946
1938
1931
1955
3288
3254
3259
3286
3248
8021
8027
8032
8025
8028
1194
1183
1187
1164
418
406
420
431
4664
4671
4659
4670
4777
4770
4737
4739
1204
1230
1198
472
435
453
7506
7537
7527
7827
7831
7826
7873
7870
6403
6408
2351
2352
8018
8008
7977
3186
711
8065
3972
4009
3980
3978
3996
5012
4973
5005
5021
4987
7859
7852
7862
7855
7863
1980
2004
1983
1996
2003
1626
1597
1616
1576
3744
3737
3741
3762
4160
4165
4118
4166
24
1
0
15
5454
5491
5487
4874
4859
4875
5315
5271
5312
88
94
118
4630
4610
51
49
4417
4442
2749
2770
201
7954
266
4710
1651
1627
1640
1657
1648
7915
7918
7916
7911
7913
4922
4899
4921
4884
4886
1031
1026
1035
1061
1055
6387
6350
6379
6389
6938
6981
6935
6944
6679
6650
6663
6669
1468
1470
1442
1432
757
784
760
849
848
853
4084
4091
4098
2503
2500
2504
5039
5040
3361
3359
7839
7847
8133
8147
5568
3695
4269
6205
7215
7246
7218
7243
7222
182
144
139
151
175
7132
7137
7129
7118
7131
7810
7807
7804
7800
7799
2914
2887
2886
2897
8163
8170
8167
8168
522
505
507
508
8104
8106
8108
8109
2280
2295
2294
2060
2043
2055
5748
5736
5763
1273
1263
1282
7838
7832
2637
2649
6731
6719
2590
2581
2534
4592
8052
373
8079
8075
8083
8085
8080
5627
5604
5618
5629
5614
2992
2996
2970
2982
2979
8043
8036
8034
8038
8040
7936
7940
7943
7941
7819
7821
7817
7818
7010
6996
7021
6985
545
549
553
543
6457
6455
6472
3059
3062
3088
5151
5129
5123
2407
2401
2429
5962
5951
6792
6819
4331
4315
3019
3028
698
3638
1843
6327
6771
6786
6757
6748
6764
6506
6495
6522
6503
6498
4534
4518
4551
4524
4517
3227
3220
3219
3233
3242
7370
7384
7397
7368
4193
4210
4215
4181
2072
2106
2071
2076
3596
3621
3598
3604
4259
4242
4237
5354
5317
5355
8089
8100
8091
2306
2314
2320
3936
3929
3446
3482
1368
1380
3325
3321
8003
3146
7257
936
5517
5508
5540
5514
5513
7962
7967
7961
7963
7959
7759
7755
7756
7754
7753
7114
7101
7080
7078
7084
6078
6111
6086
6112
3781
3826
3809
3812
2948
2957
2952
2944
2706
2709
2714
2708
577
587
617
5097
5090
5098
837
825
792
5906
5905
5922
7763
7768
2822
2816
5172
5174
7407
7415
5232
3899
624
7883
1888
1904
1910
1893
1874
7701
7696
7700
7707
7730
7649
7650
7655
7687
7659
237
241
249
233
229
2466
2472
2458
2464
3839
3846
3851
3832
3572
3564
3575
3574
992
1014
988
998
903
906
915
1690
1705
1704
6875
6877
6855
5994
6023
6012
8131
8127
1735
1762
5379
5378
7158
7196
5724
1428
6136
4060
7744
7745
7743
7746
7739
8151
8159
8158
8154
8152
5646
5638
5670
5665
5653
5818
5792
5829
5797
5821
1136
1107
1134
1117
2168
2174
2184
2177
7465
7490
7493
7494
6035
6063
6034
6072
4824
4827
4806
1572
1540
1527
6900
6913
6898
6619
6593
6598
2124
2139
7316
7330
1484
1481
7778
7782
7990
6578
7038
1094
3425
3422
3395
3419
3393
1299
1288
1316
1325
1317
7992
7991
8002
7997
7996
4372
4381
4374
4390
4400
8121
8116
8112
8119
305
313
312
321
7934
7925
7928
7933
1795
1798
1793
1817
5861
5883
5872
4459
4504
4482
6266
6291
6281
2245
2208
2234
2836
2861
3529
3511
7595
7638
4927
4928
7568
6252
5415
7903