14
21
22
10
26
53
50
76
46
58
100
130
89
118
125
170
134
150
144
137
215
212
196
200
202
242
245
229
235
241
264
261
265
269
255
296
332
330
322
325
374
371
380
353
351
399
402
427
417
406
474
447
473
460
448
496
505
507
498
500
553
569
571
532
557
577
597
613
575
596
624
645
661
652
663
701
686
703
700
699
739
717
741
714
719
785
781
758
782
772
814
830
823
816
810
842
864
847
860
872
886
925
889
901
895
934
964
949
969
932
1012
1014
1017
1018
983
1031
1061
1035
1050
1029
1083
1092
1080
1103
1099
1127
1148
1146
1138
1108
1194
1169
1187
1172
1166
1199
1225
1238
1206
1212
1267
1246
1245
1266
1274
1338
1310
1332
1308
1306
1378
1368
1358
1384
1377
1414
1411
1401
1427
1426
1455
1474
1446
1463
1445
1489
1518
1495
1502
1506
1536
1542
1558
1555
1538
1600
1577
1598
1607
1583
1636
1658
1647
1673
1630
1704
1701
1707
1715
1678
1731
1773
1762
1743
1745
1815
1793
1783
1798
1803
1825
1861
1836
1824
1829
1895
1875
1892
1901
1911
1945
1952
1920
1923
1938
2002
1973
2001
2000
1970
2024
2018
2027
2047
2040
2082
2075
2098
2095
2080
2149
2120
2127
2152
2112
2203
2196
2163
2197
2162
2248
2207
2244
2212
2222
2261
2275
2262
2259
2272
2339
2338
2298
2302
2324
2385
2362
2376
2349
2375
2397
2403
2431
2422
2423
2445
2458
2481
2457
2470
2520
2528
2523
2496
2492
2546
2568
2537
2574
2571
2591
2595
2617
2594
2605
2676
2660
2662
2648
2655
2721
2715
2694
2719
2701
2776
2759
2733
2767
2735
2801
2794
2810
2824
2784
2828
2864
2867
2859
2829
2913
2899
2906
2885
2875
2957
2917
2951
2960
2926
2979
2978
2987
2994
3002
3035
3015
3052
3027
3013
3064
3076
3060
3099
3098
3149
3135
3137
3119
3127
3158
3157
3167
3173
3194
3238
3219
3226
3221
3220
3273
3274
3282
3289
3258
3318
3308
3313
3334
3312
3347
3370
3352
3383
3342
3393
3390
3392
3405
3424
3451
3468
3446
3464
3482
3514
3502
3495
3513
3503
3556
3537
3550
3567
3546
3577
3599
3620
3594
3601
3654
3645
3641
3670
3662
3710
3694
3699
3688
3677
3765
3774
3741
3742
3754
3777
3815
3806
3820
3814
3848
3831
3864
3853
3838
3916
3897
3899
3898
3902
3931
3929
3957
3951
3933
4000
3992
3978
3981
4003
4063
4066
4046
4033
4036
4109
4113
4104
4070
4098
4163
4118
4119
4155
4162
4192
4213
4201
4184
4207
4245
4222
4235
4264
4251
4309
4306
4270
4272
4300
4330
4343
4336
4342
4319
4375
4387
4386
4360
4391
4441
4437
4433
4415
4427
4454
4492
4485
4502
4477
4510
4512
4535
4542
4541
4577
4582
4567
4592
4566
4643
4641
4647
4597
4601
4671
4665
4660
4673
4676
4702
4707
4717
4726
4723
4775
4780
4779
4768
4747
4798
4806
4805
4790
4801
4852
4880
4851
4853
4845
4923
4908
4887
4909
4895
4926
4931
4962
4969
4972
5022
5018
5023
4986
5009
5042
5067
5055
5068
5035
5072
5091
5096
5113
5118
5160
5166
5164
5169
5121
5192
5177
5196
5173
5206
5266
5221
5247
5260
5261
5297
5310
5294
5307
5292
5350
5341
5355
5328
5343
5385
5374
5389
5369
5364
5409
5429
5437
5433
5422
5483
5465
5494
5454
5464
5536
5522
5521
5518
5540
5588
5564
5559
5565
5584
5633
5590
5630
5616
5625
5649
5640
5658
5686
5682
5712
5689
5717
5713
5702
5735
5764
5750
5766
5752
5809
5794
5788
5803
5821
5868
5837
5835
5879
5855
5915
5897
5900
5903
5885
5949
5972
5962
5974
5954
6015
5990
6001
6013
5988
6068
6039
6042
6045
6067
6093
6082
6080
6117
6095
6142
6137
6159
6134
6125
6195
6183
6182
6199
6173
6241
6227
6231
6226
6239
6296
6284
6281
6285
6263
6342
6315
6314
6324
6327
6384
6386
6385
6365
6349
6401
6438
6424
6430
6423
6491
6455
6467
6476
6474
6537
6526
6507
6509
6533
6569
6576
6575
6571
6543
6628
6609
6634
6637
6626
6686
6661
6685
6664
6641
6726
6689
6687
6725
6710
6740
6761
6743
6763
6788
6806
6816
6809
6822
6802
6875
6868
6849
6857
6885
6896
6894
6918
6909
6921
6958
6982
6963
6962
6974
7006
7015
6995
7012
7026
7054
7044
7053
7043
7063
7080
7088
7082
7109
7103
7132
7144
7142
7145
7117
7202
7171
7198
7173
7178
7216
7253
7213
7245
7228
7297
7265
7257
7268
7295
7313
7336
7311
7331
7305
7381
7397
7354
7370
7365
7441
7414
7427
7440
7442
7477
7453
7450
7474
7463
7547
7549
7539
7546
7532
7579
7553
7555
7578
7557
7596
7628
7633
7611
7645
7687
7688
7654
7660
7673
7718
7706
7717
7697
7716
7743
7741
7745
7744
7742
7760
7752
7753
7754
7749
7774
7769
7775
7767
7763
7780
7781
7784
7778
7779
7791
7793
7789
7797
7792
7811
7809
7805
7810
7803
7813
7814
7818
7821
7822
7826
7830
7824
7823
7831
7835
7833
7834
7836
7838
7841
7839
7849
7847
7844
7852
7862
7851
7861
7856
7874
7871
7868
7867
7869
7890
7889
7892
7881
7886
7897
7910
7905
7903
7900
7913
7914
7915
7919
7918
7933
7922
7925
7928
7934
7938
7940
7941
7937
7945
7947
7958
7948
7952
7953
7966
7961
7963
7959
7964
7970
7969
7971
7974
7978
7979
7983
7987
7981
7989
7992
8001
7996
8000
7995
8007
8006
8004
8003
8005
8009
8015
8018
8011
8010
8029
8024
8023
8025
8021
8040
8041
8036
8042
8044
8056
8046
8048
8061
8051
8068
8072
8063
8073
8070
8083
8077
8085
8086
8079
8101
8091
8087
8099
8093
8104
8102
8103
8111
8105
8122
8113
8117
8118
8120
8130
8129
8124
8127
8123
8139
8138
8140
8146
8136
8157
8151
8149
8158
8153
8164
8170
8163
8171
8162
