10
51
128
142
187
218
251
316
370
390
463
488
570
600
621
705
732
758
797
866
923
958
1007
1062
1067
1147
1187
1200
1276
1305
1349
1416
1442
1517
1550
1614
1641
1709
1764
1816
1823
1914
1934
1987
2031
2099
2113
2174
2210
2290
2306
2359
2399
2439
2486
2554
2600
2636
2708
2761
2808
2833
2906
2964
2968
3016
3085
3152
3168
3229
3280
3297
3348
3429
3458
3515
3572
3606
3657
3692
3768
3791
3847
3905
3950
3982
4049
4067
4139
4210
4222
4311
4340
4378
4436
4498
4531
4587
4623
4686
4712
4752
4796
4868
4897
4941
4988
5029
5092
5158
5186
5252
5279
5357
5371
5434
5472
5514
5562
5599
5678
5715
5758
5800
5835
5896
5971
5995
6059
6101
6154
6191
6254
6293
6324
6353
6431
6479
6538
6582
6633
6662
6704
6780
6817
6868
6896
6935
7021
7045
7089
7151
7191
7211
7300
7320
7383
7439
7492
7541
7555
7613
7656
7695
7741
7757
7768
7781
7792
7800
7821
7826
7837
7840
7852
7866
7891
7894
7915
7930
7946
7949
7966
7969
7983
7997
8004
8015
8030
8034
8060
8064
8080
8089
8109
8112
8123
8134
8148
8168
