30
23
31
42
67
44
98
90
102
174
182
158
214
207
193
218
226
224
270
279
283
313
316
315
349
383
364
422
407
429
469
436
434
494
484
489
562
561
536
589
598
594
636
626
643
704
686
684
718
738
734
778
759
781
793
830
835
848
871
861
902
898
887
972
959
949
976
997
1015
1026
1043
1030
1070
1092
1105
1122
1133
1142
1183
1156
1153
1219
1199
1208
1283
1263
1248
1308
1290
1337
1343
1351
1348
1424
1416
1402
1462
1470
1450
1487
1506
1507
1548
1553
1557
1614
1603
1587
1628
1639
1629
1681
1718
1716
1731
1728
1745
1815
1780
1779
1822
1862
1853
1895
1893
1868
1941
1949
1933
1977
1979
1964
2027
2028
2013
2094
2082
2096
2116
2136
2149
2199
2165
2202
2249
2224
2228
2256
2288
2254
2325
2333
2307
2367
2349
2344
2427
2425
2417
2456
2468
2441
2510
2514
2504
2572
2537
2530
2584
2625
2612
2639
2658
2643
2686
2712
2710
2743
2760
2774
2811
2819
2795
2830
2867
2856
2884
2878
2911
2954
2933
2934
2995
2979
2971
3046
3030
3010
3088
3094
3073
3132
3122
3116
3178
3193
3185
3220
3237
3233
3275
3284
3288
3332
3329
3309
3382
3374
3389
3434
3393
3422
3461
3477
3467
3489
3512
3506
3562
3538
3569
3616
3607
3581
3635
3662
3643
3703
3709
3684
3774
3765
3732
3777
3780
3816
3843
3839
3831
3892
3916
3877
3938
3923
3961
4014
3986
3975
4051
4042
4033
4073
4087
4108
4130
4133
4140
4199
4169
4212
4262
4217
4220
4309
4301
4290
4355
4339
4358
4384
4363
4360
4444
4408
4420
4480
4498
4468
4552
4515
4537
4576
4557
4575
4646
4613
4642
4676
4678
4653
4727
4708
4726
4752
4763
4779
4826
4792
4815
4869
4881
4859
4906
4888
4896
4927
4966
4970
4996
4974
4994
5027
5036
5045
5086
5079
5102
5126
5121
5163
5201
5206
5213
5256
5267
5261
5272
5278
5310
5357
5327
5331
5380
5392
5362
5425
5406
5439
5486
5474
5453
5516
5532
5503
5558
5553
5566
5591
5627
5614
5651
5637
5685
5720
5706
5699
5749
5744
5780
5829
5816
5828
5878
5855
5849
5910
5909
5896
5951
5969
5955
6014
6009
5990
6049
6031
6056
6089
6091
6094
6131
6164
6149
6211
6205
6210
6233
6248
6218
6285
6268
6290
6343
6313
6314
6374
6373
6363
6423
6427
6434
6473
6479
6467
6501
6518
6521
6553
6587
6543
6604
6608
6621
6684
6662
6650
6704
6717
6736
6742
6782
6774
6796
6811
6799
6855
6877
6882
6931
6922
6907
6933
6957
6970
6994
7006
6984
7061
7068
7046
7098
7085
7097
7120
7139
7121
7176
7190
7188
7252
7221
7238
7257
7264
7266
7333
7319
7307
7352
7374
7381
7421
7429
7440
7451
7500
7472
7548
7504
7512
7583
7564
7582
7610
7596
7609
7655
7689
7684
7696
7707
7735
7744
7739
7746
7758
7749
7754
7768
7767
7766
7780
7779
7782
7793
7789
7795
7803
7811
7801
7812
7817
7813
7829
7831
7828
7836
7838
7837
7839
7850
7849
7854
7857
7863
7870
7865
7872
7891
7890
7892
7894
7895
7905
7917
7913
7914
7927
7923
7931
7939
7936
7941
7954
7955
7957
7964
7959
7967
7977
7969
7975
7990
7983
7980
7995
7992
8000
8006
8005
8003
8015
8010
8008
8026
8027
8032
8043
8042
8036
8056
8045
8060
8067
8069
8065
8075
8084
8078
8100
8097
8087
8106
8110
8111
8112
8116
8115
8124
8129
8132
8145
8147
8144
8156
8158
8149
8166
8163
8169
