3
35
12
7
36
72
70
74
67
52
104
99
117
127
120
155
159
154
148
176
198
183
211
214
185
230
220
228
246
249
258
292
263
274
264
313
327
325
331
330
359
361
346
352
358
384
412
426
402
416
439
460
433
461
470
488
479
489
495
497
532
553
541
559
557
605
618
580
587
584
663
621
656
664
636
681
687
693
690
678
714
734
724
745
713
763
788
772
760
759
824
834
821
829
837
878
847
850
862
846
924
888
893
898
911
951
955
961
974
960
1009
1013
980
1000
992
1030
1024
1052
1047
1029
1093
1077
1068
1105
1087
1117
1118
1121
1108
1150
1189
1167
1191
1168
1172
1209
1236
1215
1222
1208
1248
1240
1244
1253
1250
1306
1305
1317
1336
1289
1368
1382
1350
1375
1372
1425
1421
1428
1396
1419
1450
1475
1441
1448
1473
1503
1481
1491
1495
1510
1570
1531
1559
1540
1550
1600
1602
1596
1581
1609
1651
1646
1666
1671
1669
1683
1692
1713
1718
1715
1738
1748
1749
1763
1762
1785
1774
1790
1789
1791
1821
1840
1831
1838
1829
1877
1889
1903
1900
1910
1942
1950
1928
1949
1955
1980
1978
1995
1996
1990
2022
2042
2034
2052
2016
2062
2089
2095
2070
2073
2151
2112
2137
2118
2154
2165
2174
2192
2176
2203
2242
2228
2229
2217
2227
2257
2261
2282
2276
2265
2335
2336
2297
2338
2298
2374
2357
2356
2388
2381
2397
2430
2422
2419
2413
2460
2466
2481
2441
2438
2519
2514
2500
2490
2511
2542
2531
2547
2538
2560
2583
2600
2606
2623
2597
2666
2668
2653
2636
2662
2713
2693
2696
2681
2728
2769
2768
2776
2738
2748
2809
2790
2792
2786
2816
2838
2863
2843
2846
2853
2889
2872
2910
2901
2870
2929
2954
2925
2915
2958
2974
2979
3002
3007
2980
3032
3038
3034
3037
3055
3072
3106
3076
3066
3091
3134
3110
3140
3149
3135
3153
3160
3175
3177
3169
3201
3224
3202
3234
3226
3274
3264
3281
3279
3275
3328
3323
3333
3314
3299
3345
3342
3357
3346
3348
3417
3422
3411
3397
3412
3455
3470
3463
3471
3464
3525
3511
3512
3498
3503
3543
3563
3569
3537
3544
3624
3582
3589
3612
3608
3645
3671
3641
3631
3646
3702
3688
3705
3683
3682
3744
3757
3742
3775
3734
3786
3795
3819
3823
3777
3845
3828
3850
3856
3853
3902
3919
3917
3915
3892
3946
3957
3960
3934
3928
3985
3988
4006
3972
4008
4018
4017
4028
4020
4022
4073
4099
4084
4110
4077
4148
4140
4165
4147
4153
4193
4170
4211
4214
4184
4265
4263
4220
4238
4261
4308
4305
4284
4303
4314
4320
4328
4321
4351
4344
4373
4397
4394
4379
4363
4443
4431
4433
4420
4442
4482
4467
4483
4485
4470
4542
4539
4541
4508
4544
4586
4574
4577
4595
4583
4637
4628
4615
4647
4630
4654
4664
4677
4667
4692
4697
4720
4693
4722
4710
4732
4746
4756
4734
4741
4811
4819
4818
4834
4831
4852
4870
4853
4873
4837
4906
4910
4901
4916
4891
4962
4951
4942
4941
4967
4985
4989
4996
5015
5006
5040
5054
5026
5059
5025
5112
5086
5105
5098
5109
5167
5141
5162
5129
5130
5213
5195
5194
5192
5199
5223
5237
5246
5263
5249
5289
5307
5280
5287
5301
5325
5346
5327
5358
5321
5367
5402
5399
5361
5384
5407
5448
5451
5414
5444
5481
5466
5492
5480
5491
5499
5515
5503
5510
5530
5558
5549
5543
5564
5578
5621
5619
5623
5591
5630
5669
5648
5645
5682
5644
5705
5730
5725
5692
5704
5766
5741
5777
5755
5759
5811
5788
5828
5824
5817
5883
5856
5859
5840
5846
5909
5910
5897
5916
5892
5961
5953
5933
5945
5966
5978
6015
5986
6006
6023
6054
6051
6058
6026
6070
6085
6100
6083
6118
6099
6123
6160
6126
6135
6141
6209
6171
6197
6175
6187
6233
6257
6222
6232
6225
6267
6277
6298
6275
6291
6313
6332
6327
6341
6334
6379
6361
6393
6348
6387
6397
6435
6441
6424
6403
6450
6462
6455
6448
6467
6538
6508
6497
6504
6513
6580
6557
6583
6556
6586
6600
6615
6599
6638
6627
6676
6686
6663
6647
6678
6724
6726
6734
6730
6718
6764
6763
6761
6745
6742
6827
6798
6824
6796
6804
6841
6848
6865
6862
6850
6924
6902
6929
6917
6927
6945
6961
6955
6975
6977
7021
6992
6990
7010
7017
7054
7066
7028
7042
7065
7105
7076
7084
7114
7101
7135
7123
7150
7117
7152
7201
7193
7192
7180
7179
7229
7212
7227
7208
7243
7266
7289
7267
7269
7257
7335
7328
7344
7303
7318
7360
7366
7391
7396
7384
7445
7431
7448
7416
7438
7472
7462
7476
7453
7458
7529
7511
7526
7542
7514
7578
7558
7593
7587
7569
7600
7594
7603
7614
7617
7682
7677
7650
7686
7654
7702
7725
7694
7722
7726
7740
7741
7744
7743
7738
7749
7757
7761
7748
7753
7764
7770
7769
7774
7775
7777
7780
7781
7784
7786
7789
7796
7788
7793
7798
7802
7804
7809
7810
7799
7821
7820
7815
7818
7817
7824
7825
7823
7826
7829
7832
7835
7836
7833
7837
7847
7850
7845
7842
7843
7861
7862
7859
7863
7852
7866
7867
7869
7872
7868
7889
7890
7885
7893
7882
7906
7904
7908
7894
7895
7914
7917
7919
7918
7921
7927
7934
7933
7925
7924
7946
7935
7941
7939
7943
7954
7956
7950
7958
7953
7959
7963
7964
7965
7961
7971
7976
7969
7975
7968
7979
7985
7980
7990
7988
7997
7996
7999
7998
8002
8005
8003
8007
8006
8004
8013
8015
8010
8012
8011
8020
8032
8026
8023
8024
8042
8044
8043
8038
8033
8057
8056
8050
8051
8049
8072
8068
8063
8066
8070
8078
8086
8079
8077
8084
8092
8100
8095
8087
8098
8110
8111
8109
8103
8107
8116
8117
8113
8122
8118
8131
8128
8132
8123
8130
8146
8143
8139
8134
8138
8150
8157
8158
8155
8154
8167
8162
8160
8161
8171
