16
32
35
55
74
48
112
109
119
137
145
141
209
194
216
232
240
233
257
292
285
303
327
323
350
352
365
426
416
418
450
432
470
479
521
490
527
526
558
582
611
607
645
624
646
689
703
708
713
722
753
763
771
775
796
816
835
849
882
844
907
909
887
933
956
936
1001
981
985
1036
1034
1030
1068
1093
1098
1132
1142
1110
1169
1171
1166
1229
1222
1211
1239
1279
1271
1338
1337
1311
1374
1375
1388
1413
1429
1423
1465
1472
1432
1480
1509
1503
1533
1547
1568
1578
1623
1576
1668
1641
1649
1721
1710
1689
1762
1743
1744
1797
1819
1783
1858
1828
1821
1909
1905
1886
1927
1953
1931
2001
1979
2010
2060
2013
2054
2089
2104
2096
2124
2138
2131
2172
2186
2166
2211
2238
2210
2268
2259
2274
2302
2332
2310
2349
2356
2346
2404
2426
2399
2470
2476
2481
2489
2491
2485
2546
2577
2532
2593
2609
2581
2643
2669
2662
2719
2709
2699
2742
2768
2777
2811
2815
2793
2832
2853
2854
2914
2888
2884
2944
2920
2942
2994
2991
2985
3020
3039
3025
3100
3069
3058
3122
3126
3135
3166
3168
3178
3205
3236
3201
3266
3288
3250
3333
3323
3325
3351
3355
3378
3437
3432
3427
3460
3477
3456
3509
3515
3524
3557
3570
3561
3587
3606
3614
3658
3629
3633
3706
3697
3687
3727
3744
3764
3781
3813
3812
3871
3856
3844
3873
3902
3875
3966
3949
3957
4004
3980
3981
4029
4026
4055
4096
4083
4112
4151
4149
4150
4185
4195
4194
4251
4239
4254
4310
4309
4266
4356
4344
4332
4402
4379
4401
4420
4447
4410
4504
4469
4490
4541
4513
4552
4589
4578
4593
4614
4618
4619
4657
4675
4687
4695
4700
4701
4744
4772
4777
4788
4798
4826
4849
4870
4867
4895
4893
4903
4931
4935
4972
5005
5000
4992
5031
5041
5064
5070
5112
5090
5123
5165
5155
5182
5215
5194
5229
5227
5268
5311
5296
5287
5329
5356
5354
5396
5369
5363
5430
5443
5446
5464
5491
5487
5505
5538
5531
5555
5573
5574
5628
5595
5596
5657
5660
5651
5728
5701
5733
5738
5737
5779
5804
5807
5799
5873
5838
5869
5926
5912
5885
5967
5950
5976
5980
6015
6021
6028
6063
6064
6093
6113
6118
6128
6140
6133
6192
6201
6171
6241
6229
6225
6294
6304
6264
6333
6313
6336
6380
6359
6377
6444
6402
6441
6466
6465
6483
6503
6499
6540
6552
6577
6570
6617
6592
6621
6667
6670
6642
6727
6714
6698
6756
6769
6772
6792
6793
6806
6868
6850
6865
6924
6902
6891
6980
6974
6933
6999
7013
6992
7050
7031
7068
7077
7115
7106
7133
7147
7126
7197
7188
7169
7226
7234
7246
7269
7286
7284
7317
7339
7338
7381
7399
7363
7410
7426
7414
7495
7458
7474
7526
7534
7506
7587
7567
7560
7628
7602
7632
7654
7662
7652
7701
7707
7735
7742
7741
7738
7751
7761
7748
7766
7771
7769
7778
7782
7780
7792
7789
7788
7809
7804
7803
7815
7813
7818
7827
7826
7831
7838
7837
7833
7847
7839
7850
7859
7863
7856
7876
7870
7874
7882
7889
7891
7905
7909
7907
7914
7913
7920
7927
7932
7928
7943
7946
7940
7958
7957
7952
7961
7959
7965
7969
7975
7973
7984
7990
7988
7998
8001
7997
8007
8003
8004
8010
8016
8009
8029
8020
8023
8034
8041
8035
8047
8045
8061
8072
8063
8073
8077
8083
8078
8095
8092
8090
8104
8103
8105
8118
8116
8115
8128
8125
8123
8140
8147
8138
8158
8150
8154
8168
8171
8164
