16
1
22
84
75
41
114
93
86
150
172
139
206
205
202
235
233
247
290
266
283
321
296
324
351
377
354
395
430
400
452
445
476
487
492
502
526
534
537
577
585
581
647
622
638
688
705
676
744
730
735
762
771
775
838
833
839
855
854
850
919
916
889
936
969
944
975
996
1016
1050
1061
1053
1069
1081
1073
1110
1136
1148
1168
1178
1169
1232
1217
1235
1279
1258
1270
1333
1313
1315
1348
1365
1353
1416
1403
1428
1455
1450
1456
1519
1506
1493
1555
1564
1544
1602
1592
1579
1629
1669
1653
1709
1699
1710
1735
1767
1760
1794
1803
1781
1825
1827
1859
1882
1900
1898
1942
1919
1916
1976
1963
1968
2048
2042
2054
2088
2081
2090
2148
2125
2122
2163
2199
2192
2208
2214
2212
2276
2255
2258
2321
2339
2322
2378
2357
2377
2422
2436
2399
2475
2442
2446
2522
2506
2515
2533
2567
2532
2581
2619
2626
2632
2652
2636
2715
2722
2716
2750
2737
2739
2807
2824
2800
2865
2851
2854
2913
2906
2907
2946
2938
2951
2979
2971
2982
3016
3040
3045
3099
3082
3105
3114
3119
3142
3168
3198
3197
3227
3226
3208
3290
3251
3283
3322
3299
3314
3362
3343
3377
3425
3410
3436
3450
3463
3461
3527
3526
3506
3556
3549
3559
3580
3596
3606
3649
3644
3648
3701
3688
3674
3728
3766
3769
3798
3777
3812
3838
3847
3854
3906
3918
3878
3962
3947
3951
4002
3967
3983
4041
4034
4031
4073
4083
4091
4146
4147
4129
4211
4192
4175
4224
4240
4230
4293
4285
4281
4339
4358
4349
4381
4392
4372
4450
4426
4423
4455
4491
4503
4521
4540
4511
4589
4567
4590
4637
4598
4633
4660
4690
4666
4717
4694
4726
4755
4751
4761
4829
4819
4802
4879
4856
4880
4890
4885
4894
4961
4968
4927
4995
5002
5018
5035
5038
5051
5091
5071
5086
5157
5136
5141
5219
5174
5213
5266
5256
5263
5278
5280
5294
5344
5351
5333
5380
5399
5373
5443
5419
5411
5481
5493
5486
5539
5517
5529
5548
5570
5587
5598
5606
5617
5684
5659
5656
5721
5690
5716
5757
5777
5735
5817
5815
5821
5863
5845
5875
5904
5902
5897
5948
5963
5958
6019
5988
5997
6033
6039
6043
6109
6074
6084
6143
6137
6131
6185
6190
6210
6234
6254
6251
6267
6279
6302
6328
6321
6311
6381
6363
6350
6424
6398
6441
6482
6446
6473
6518
6499
6510
6565
6563
6559
6638
6602
6622
6665
6650
6677
6723
6732
6714
6767
6778
6761
6818
6797
6827
6848
6871
6864
6886
6931
6908
6942
6935
6946
7023
7016
7011
7067
7055
7037
7090
7102
7076
7141
7137
7124
7171
7174
7170
7247
7225
7244
7298
7296
7292
7340
7325
7308
7374
7356
7397
7438
7419
7442
7464
7489
7482
7527
7531
7516
7590
7575
7593
7610
7626
7617
7667
7669
7691
7714
7720
7731
7744
7745
7743
7749
7759
7748
7764
7768
7769
7781
7784
7785
7797
7798
7789
7805
7799
7809
7814
7820
7819
7828
7826
7824
7836
7833
7837
7845
7841
7849
7852
7853
7856
7875
7873
7866
7881
7887
7889
7907
7904
7898
7917
7911
7915
7932
7924
7933
7939
7935
7942
7955
7957
7956
7961
7964
7959
7974
7975
7971
7986
7981
7987
7992
7999
8001
8003
8006
8007
8009
8017
8011
8022
8027
8032
8039
8033
8035
8049
8052
8053
8067
8074
8066
8080
8075
8077
8101
8097
8089
8103
8111
8106
8113
8119
8122
8131
8125
8127
8133
8135
8145
8151
8159
8155
8166
8167
8162
