27
53
108
163
202
227
264
294
347
401
445
491
550
583
635
693
739
763
824
841
899
973
1022
1061
1085
1112
1178
1201
1258
1337
1349
1403
1452
1510
1531
1602
1649
1683
1734
1806
1842
1886
1945
2004
2017
2072
2150
2162
2250
2288
2319
2366
2407
2441
2508
2571
2612
2670
2715
2744
2812
2866
2872
2929
2994
3021
3106
3147
3196
3202
3263
3331
3373
3412
3438
3520
3570
3588
3644
3702
3742
3817
3866
3917
3942
4001
4024
4095
4123
4209
4247
4302
4332
4394
4435
4454
4512
4578
4629
4692
4704
4732
4821
4856
4906
4937
5010
5050
5076
5163
5218
5231
5285
5326
5394
5449
5464
5503
5585
5629
5675
5711
5736
5794
5844
5907
5975
6002
6059
6107
6139
6172
6239
6287
6340
6375
6412
6463
6523
6583
6628
6654
6729
6779
6823
6850
6898
6981
6986
7035
7102
7139
7199
7208
7266
7305
7402
7429
7500
7521
7580
7634
7669
7702
7746
7754
7776
7786
7791
7811
7814
7830
7835
7843
7855
7865
7892
7909
7921
7922
7939
7958
7961
7971
7987
7998
8007
8015
8028
8040
8047
8074
8077
8087
8104
8120
8127
8133
8155
8160
