31
39
14
13
57
53
74
79
130
86
120
113
134
166
162
157
204
214
197
184
238
242
229
233
255
289
281
279
295
305
330
323
344
377
365
353
427
410
419
429
476
436
445
467
522
503
524
489
555
545
547
528
585
576
598
617
655
638
636
640
697
672
681
678
744
717
750
735
769
782
765
768
802
797
818
806
876
865
867
851
922
899
892
915
962
969
938
959
1000
996
1002
1006
1029
1039
1052
1033
1085
1103
1067
1074
1137
1118
1113
1131
1163
1158
1184
1167
1214
1201
1225
1208
1243
1263
1267
1251
1299
1325
1293
1298
1381
1369
1370
1374
1431
1393
1424
1409
1452
1438
1448
1435
1511
1487
1491
1480
1527
1540
1544
1553
1613
1626
1577
1582
1667
1638
1656
1664
1710
1704
1721
1687
1763
1771
1733
1764
1813
1808
1786
1810
1861
1831
1832
1862
1875
1895
1870
1910
1954
1927
1932
1919
1967
2002
2007
1970
2028
2053
2033
2022
2067
2073
2074
2063
2152
2113
2128
2126
2194
2187
2158
2198
2210
2250
2224
2218
2253
2284
2268
2269
2340
2304
2326
2306
2385
2386
2373
2359
2393
2404
2433
2434
2479
2472
2459
2473
2503
2509
2500
2527
2574
2540
2573
2568
2597
2586
2587
2612
2644
2632
2659
2641
2708
2710
2722
2690
2747
2755
2736
2769
2789
2782
2811
2800
2836
2857
2829
2842
2909
2879
2883
2897
2919
2930
2959
2960
2983
2975
2982
2969
3010
3022
3047
3027
3092
3078
3106
3107
3137
3143
3151
3131
3164
3200
3162
3168
3223
3239
3215
3201
3271
3293
3283
3275
3333
3312
3316
3324
3349
3351
3350
3342
3436
3391
3401
3400
3475
3462
3453
3447
3498
3494
3523
3508
3551
3561
3553
3539
3583
3592
3593
3578
3654
3664
3628
3644
3680
3721
3704
3702
3772
3725
3722
3755
3808
3810
3825
3815
3844
3830
3833
3863
3873
3904
3890
3883
3958
3938
3947
3941
3983
3973
4010
3988
4062
4025
4036
4065
4085
4084
4071
4105
4134
4130
4142
4151
4193
4215
4172
4167
4252
4231
4246
4258
4308
4287
4291
4286
4336
4357
4337
4345
4386
4381
4360
4366
4446
4420
4411
4427
4466
4478
4458
4470
4540
4532
4535
4553
4592
4584
4564
4573
4605
4621
4615
4638
4656
4669
4676
4682
4711
4716
4709
4729
4762
4779
4755
4760
4829
4784
4817
4800
4873
4851
4854
4852
4884
4892
4898
4904
4932
4952
4970
4950
5022
4976
4985
4988
5066
5062
5048
5037
5074
5086
5097
5073
5127
5140
5155
5125
5213
5175
5193
5197
5238
5254
5233
5248
5314
5282
5297
5305
5327
5343
5323
5335
5396
5392
5367
5389
5419
5406
5439
5417
5486
5478
5488
5464
5529
5523
5498
5507
5548
5572
5579
5575
5621
5631
5596
5611
5659
5672
5663
5636
5717
5709
5732
5728
5748
5768
5753
5777
5805
5826
5799
5829
5850
5876
5871
5860
5919
5918
5925
5916
5961
5948
5973
5940
5981
6005
6018
6004
6051
6040
6045
6037
6081
6083
6106
6080
6163
6121
6143
6153
6196
6195
6178
6173
6248
6227
6236
6259
6266
6262
6290
6291
6343
6329
6311
6336
6357
6394
6379
6348
6429
6438
6423
6396
6474
6488
6460
6469
6534
6513
6536
6541
6551
6574
6582
6552
6622
6590
6593
6604
6677
6665
6662
6682
6689
6737
6693
6734
6785
6762
6780
6760
6831
6800
6806
6803
6867
6860
6852
6878
6931
6894
6909
6907
6979
6964
6955
6973
7009
6984
7015
6988
7055
7071
7038
7056
7085
7092
7079
7087
7119
7122
7157
7153
7184
7182
7204
7161
7210
7213
7244
7251
7292
7277
7263
7273
7308
7343
7328
7304
7400
7375
7392
7385
7443
7427
7405
7436
7484
7474
7483
7475
7508
7549
7504
7521
7561
7574
7568
7556
7629
7613
7622
7628
7663
7690
7666
7691
7733
7701
7728
7725
7738
7744
7745
7742
7759
7760
7753
7756
7763
7775
7768
7772
7779
7780
7777
7785
7787
7795
7798
7792
7804
7800
7808
7806
7815
7813
7812
7814
7826
7823
7830
7828
7836
7834
7835
7833
7847
7850
7841
7848
7857
7861
7859
7851
7870
7875
7869
7872
7887
7889
7884
7882
7907
7906
7903
7900
7915
7920
7912
7914
7928
7922
7934
7927
7935
7938
7939
7940
7953
7958
7947
7954
7967
7960
7961
7963
7971
7972
7974
7968
7980
7983
7990
7988
7996
7991
7997
7995
8005
8006
8007
8003
8013
8010
8008
8014
8029
8023
8032
8024
8042
8033
8038
8034
8053
8046
8048
8047
8066
8062
8072
8068
8079
8084
8081
8082
8088
8087
8099
8092
8107
8109
8111
8103
8115
8119
8121
8118
8125
8128
8131
8127
8142
8146
8147
8135
8149
8152
8156
8150
8161
8163
8162
8169
