5
11
23
34
66
68
58
78
93
97
114
102
136
175
156
150
206
201
214
184
243
228
240
247
250
266
256
280
297
299
309
311
382
349
345
352
384
386
415
390
435
455
465
478
501
486
494
490
549
537
536
572
614
590
609
587
621
637
632
626
686
700
667
705
736
726
725
720
781
770
776
788
789
801
815
818
877
867
878
859
890
913
923
911
933
969
930
965
1001
987
989
982
1026
1033
1046
1044
1092
1072
1073
1068
1139
1122
1144
1108
1193
1192
1161
1172
1226
1214
1201
1206
1256
1274
1269
1282
1313
1337
1302
1316
1371
1365
1377
1364
1431
1399
1397
1413
1477
1469
1458
1434
1513
1507
1502
1491
1572
1543
1559
1558
1615
1602
1575
1608
1629
1667
1661
1668
1717
1693
1683
1695
1729
1733
1744
1758
1776
1787
1798
1797
1832
1821
1830
1826
1895
1868
1905
1911
1925
1959
1930
1958
2004
2011
1974
1980
2043
2024
2038
2029
2065
2085
2066
2095
2126
2146
2134
2143
2182
2198
2197
2165
2225
2237
2239
2210
2266
2286
2288
2271
2324
2316
2333
2299
2367
2365
2392
2364
2426
2434
2399
2400
2451
2455
2467
2479
2509
2511
2510
2489
2535
2577
2559
2532
2606
2594
2607
2591
2645
2670
2646
2665
2729
2702
2684
2699
2764
2776
2754
2744
2805
2810
2792
2802
2829
2831
2836
2861
2900
2881
2904
2870
2916
2951
2915
2946
3000
2997
2984
2994
3016
3048
3015
3010
3090
3098
3068
3086
3144
3135
3130
3138
3172
3171
3161
3180
3202
3239
3229
3235
3294
3268
3252
3292
3334
3301
3313
3325
3370
3348
3384
3380
3415
3401
3434
3433
3464
3452
3444
3453
3511
3496
3500
3516
3570
3565
3540
3566
3594
3617
3608
3622
3652
3647
3649
3659
3701
3718
3675
3676
3761
3736
3758
3748
3790
3785
3799
3798
3834
3836
3837
3841
3907
3914
3888
3895
3952
3937
3942
3950
3972
3984
3990
4016
4058
4047
4063
4042
4085
4089
4069
4105
4125
4165
4147
4152
4179
4194
4205
4208
4258
4225
4247
4260
4283
4286
4268
4302
4355
4319
4353
4337
4385
4404
4392
4406
4450
4452
4440
4437
4471
4483
4464
4457
4505
4518
4519
4507
4583
4570
4585
4571
4615
4627
4626
4625
4674
4660
4677
4682
4710
4701
4717
4720
4770
4750
4741
4743
4791
4822
4811
4823
4838
4857
4861
4876
4910
4906
4917
4887
4966
4964
4941
4947
5000
5017
5008
4987
5066
5046
5032
5037
5091
5117
5076
5101
5127
5152
5154
5159
5180
5201
5212
5215
5224
5229
5245
5267
5311
5283
5308
5292
5334
5328
5318
5333
5389
5388
5390
5392
5430
5431
5444
5448
5489
5484
5471
5465
5524
5535
5526
5508
5560
5585
5553
5554
5624
5601
5594
5613
5652
5675
5669
5677
5708
5706
5698
5714
5766
5751
5750
5780
5815
5798
5823
5796
5863
5857
5837
5862
5886
5906
5909
5897
5973
5944
5941
5938
6014
6003
6019
5984
6034
6061
6058
6072
6106
6113
6099
6109
6154
6128
6125
6127
6190
6173
6180
6210
6224
6231
6248
6225
6289
6295
6274
6296
6308
6309
6343
6328
6370
6372
6346
6393
6436
6398
6396
6439
6464
6458
6491
6463
6505
6522
6531
6519
6574
6571
6589
6583
6636
6629
6591
6624
6644
6641
6665
6656
6707
6719
6722
6709
6785
6760
6750
6773
6808
6836
6815
6793
6845
6850
6885
6865
6928
6917
6892
6910
6974
6958
6934
6946
7000
7002
6994
7012
7047
7057
7046
7037
7085
7110
7109
7101
7125
7133
7137
7153
7171
7182
7173
7201
7237
7244
7220
7218
7295
7296
7294
7285
7348
7323
7304
7328
7382
7388
7362
7398
7421
7446
7412
7429
7476
7484
7458
7467
7541
7524
7543
7550
7589
7567
7572
7591
7615
7629
7599
7625
7649
7683
7672
7664
7726
7708
7723
7714
7738
7745
7739
7741
7748
7752
7749
7760
7769
7776
7765
7770
7777
7786
7782
7783
7787
7798
7791
7789
7810
7803
7800
7805
7816
7814
7813
7815
7827
7830
7826
7823
7834
7835
7832
7838
7849
7839
7846
7850
7861
7859
7857
7851
7866
7871
7864
7869
7882
7884
7888
7880
7896
7904
7907
7900
7913
7912
7916
7914
7925
7933
7922
7929
7944
7942
7938
7943
7948
7956
7949
7957
7966
7967
7960
7963
7970
7972
7974
7976
7988
7982
7990
7979
7994
7999
7995
7993
8003
8006
8005
8007
8008
8009
8015
8017
8028
8032
8030
8020
8035
8034
8044
8041
8046
8055
8045
8048
8067
8070
8072
8065
8082
8080
8085
8084
8095
8096
8100
8092
8104
8105
8102
8107
8118
8112
8122
8117
8129
8123
8125
8132
8147
8144
8135
8139
8156
8148
8153
8151
8166
8168
8167
8160
