39
54
98
151
203
233
261
298
338
427
437
494
546
589
659
695
721
769
794
872
896
931
1007
1031
1076
1110
1154
1214
1260
1296
1344
1402
1446
1481
1538
1583
1661
1686
1763
1807
1864
1871
1954
1980
2058
2092
2144
2163
2212
2280
2316
2392
2424
2455
2502
2531
2589
2633
2686
2747
2822
2860
2881
2939
2991
3043
3062
3122
3184
3220
3268
3297
3341
3431
3459
3491
3535
3584
3633
3702
3757
3796
3864
3901
3959
3974
4036
4076
4160
4178
4248
4273
4325
4367
4429
4493
4530
4581
4634
4688
4710
4776
4829
4873
4905
4958
4992
5034
5120
5137
5214
5223
5295
5335
5372
5448
5473
5532
5569
5613
5683
5695
5752
5810
5853
5915
5942
5996
6030
6118
6162
6193
6244
6297
6335
6354
6399
6473
6500
6562
6607
6683
6717
6774
6818
6883
6894
6959
7004
7051
7106
7122
7178
7220
7266
7345
7401
7425
7468
7516
7559
7627
7665
7712
7738
7750
7766
7781
7788
7805
7822
7830
7833
7845
7857
7876
7890
7897
7916
7931
7943
7955
7961
7969
7984
7998
8003
8017
8024
8036
8060
8064
8078
8094
8103
8114
8130
8136
8159
8164
