14
12
28
36
56
70
52
74
91
111
124
119
159
156
182
161
193
217
213
204
231
235
246
230
259
266
262
277
311
298
330
297
379
369
361
360
394
428
421
417
447
469
467
462
522
496
495
523
558
544
547
553
609
588
612
615
622
632
624
653
675
691
671
667
719
743
721
742
788
784
757
783
830
833
835
814
883
843
840
878
912
926
920
891
963
974
940
947
981
1000
998
1016
1033
1057
1046
1034
1068
1081
1073
1087
1147
1141
1137
1116
1174
1179
1180
1173
1217
1228
1229
1202
1240
1265
1242
1277
1307
1330
1332
1333
1348
1345
1362
1352
1414
1399
1391
1427
1439
1460
1458
1463
1520
1494
1508
1500
1558
1567
1552
1539
1573
1622
1605
1624
1652
1669
1654
1659
1677
1713
1687
1681
1731
1755
1756
1748
1795
1785
1792
1805
1867
1857
1834
1855
1893
1883
1878
1873
1945
1954
1938
1952
1968
1984
1987
1986
2014
2020
2038
2041
2080
2103
2089
2085
2145
2154
2146
2108
2203
2191
2181
2180
2243
2231
2207
2245
2280
2258
2285
2284
2322
2316
2333
2325
2363
2354
2387
2379
2417
2419
2428
2413
2438
2439
2445
2452
2502
2527
2489
2509
2538
2563
2555
2562
2610
2598
2626
2617
2665
2636
2640
2676
2721
2727
2730
2732
2739
2757
2763
2770
2820
2808
2805
2801
2834
2866
2862
2837
2901
2911
2900
2879
2940
2916
2949
2957
2969
2976
2979
2981
3012
3048
3029
3018
3076
3063
3097
3077
3141
3136
3116
3110
3191
3154
3182
3160
3245
3206
3215
3240
3252
3275
3249
3283
3302
3307
3337
3300
3342
3363
3375
3386
3422
3413
3393
3390
3469
3449
3451
3475
3498
3489
3527
3497
3562
3547
3535
3536
3604
3584
3610
3613
3649
3659
3629
3653
3676
3678
3719
3688
3753
3729
3757
3734
3826
3789
3776
3796
3861
3847
3850
3839
3887
3893
3910
3891
3929
3938
3963
3926
3990
3999
3980
3988
4038
4029
4050
4043
4108
4067
4068
4091
4122
4134
4138
4151
4197
4186
4172
4190
4250
4265
4226
4231
4270
4267
4291
4292
4351
4323
4320
4329
4368
4395
4364
4361
4423
4413
4408
4430
4459
4467
4485
4479
4549
4543
4540
4524
4576
4564
4581
4563
4631
4639
4603
4629
4691
4687
4668
4686
4705
4712
4697
4724
4770
4742
4734
4761
4834
4791
4793
4821
4876
4846
4836
4852
4905
4894
4920
4911
4934
4967
4956
4927
4991
5022
5021
4993
5033
5059
5034
5054
5107
5092
5105
5117
5137
5148
5167
5146
5179
5206
5213
5207
5255
5246
5260
5242
5288
5286
5278
5314
5349
5323
5358
5354
5383
5363
5398
5390
5404
5433
5443
5424
5491
5478
5460
5454
5538
5534
5535
5498
5555
5568
5552
5572
5634
5606
5614
5618
5648
5669
5640
5652
5714
5729
5691
5708
5783
5742
5745
5766
5785
5826
5804
5795
5871
5852
5862
5836
5897
5894
5887
5885
5934
5940
5943
5937
6025
6013
5982
6011
6048
6059
6054
6072
6120
6086
6114
6091
6150
6130
6152
6151
6181
6195
6169
6167
6243
6230
6258
6253
6292
6304
6302
6273
6342
6305
6314
6306
6363
6353
6382
6387
6421
6438
6431
6416
6472
6485
6489
6446
6501
6531
6541
6525
6580
6553
6584
6558
6621
6615
6609
6605
6648
6652
6646
6675
6726
6688
6710
6702
6768
6745
6784
6740
6837
6825
6836
6820
6851
6843
6863
6881
6894
6919
6931
6926
6938
6963
6933
6955
6997
7023
6993
7018
7034
7069
7039
7057
7116
7091
7087
7100
7146
7125
7153
7141
7172
7194
7165
7201
7240
7231
7238
7207
7258
7286
7294
7282
7347
7346
7325
7334
7389
7382
7380
7374
7427
7411
7413
7441
7480
7463
7465
7499
7519
7545
7518
7509
7593
7589
7579
7573
7626
7619
7618
7605
7650
7673
7653
7690
7732
7706
7710
7694
7744
7739
7740
7741
7759
7748
7753
7755
7773
7772
7768
7770
7777
7779
7781
7786
7798
7788
7795
7796
7802
7805
7801
7800
7818
7820
7822
7813
7828
7829
7831
7823
7838
7837
7835
7836
7849
7843
7848
7839
7855
7858
7856
7852
7870
7866
7865
7864
7879
7890
7886
7878
7905
7894
7908
7900
7911
7915
7920
7919
7924
7927
7929
7922
7941
7940
7937
7946
7958
7950
7954
7956
7961
7960
7967
7965
7972
7975
7978
7970
7989
7984
7987
7980
8000
7993
7999
7995
8004
8007
8003
8006
8013
8010
8018
8014
8021
8023
8025
8032
8033
8035
8040
8044
8050
8052
8055
8049
8069
8068
8066
8074
8082
8078
8080
8076
8089
8099
8087
8088
8104
8109
8106
8108
8116
8117
8122
8112
8126
8123
8130
8127
8140
8147
8145
8138
8156
8154
8149
8152
8168
8163
8171
8165
