7
0
61
57
89
98
149
135
209
189
224
229
275
260
322
330
380
366
423
405
451
462
513
483
533
556
598
610
621
656
704
694
736
713
787
760
830
837
874
857
904
920
947
950
999
1004
1023
1034
1075
1104
1126
1123
1152
1168
1203
1212
1247
1265
1323
1294
1351
1356
1417
1420
1436
1452
1496
1507
1527
1561
1600
1612
1673
1637
1693
1704
1769
1756
1806
1792
1842
1841
1893
1872
1943
1926
2006
1961
2052
2016
2072
2075
2150
2151
2189
2187
2238
2246
2279
2288
2312
2310
2367
2382
2396
2429
2459
2453
2522
2507
2570
2571
2579
2617
2678
2646
2720
2684
2759
2760
2817
2790
2837
2842
2891
2884
2928
2950
2970
2981
3034
3025
3079
3080
3135
3109
3164
3158
3247
3242
3256
3271
3317
3305
3375
3357
3399
3398
3470
3446
3515
3506
3555
3563
3605
3607
3643
3651
3679
3717
3755
3750
3787
3816
3844
3862
3890
3894
3964
3963
3995
3968
4022
4039
4099
4105
4149
4141
4215
4214
4252
4239
4308
4270
4343
4347
4382
4384
4410
4449
4490
4476
4542
4534
4586
4583
4633
4607
4661
4681
4700
4720
4762
4749
4818
4812
4864
4838
4889
4915
4959
4930
5013
4985
5065
5056
5112
5117
5157
5132
5199
5214
5268
5240
5302
5314
5326
5342
5376
5402
5429
5424
5472
5490
5527
5503
5561
5578
5616
5590
5670
5643
5729
5716
5782
5741
5818
5794
5855
5866
5915
5913
5950
5932
6006
5996
6031
6044
6096
6104
6140
6132
6170
6193
6261
6255
6285
6290
6331
6327
6368
6364
6422
6434
6456
6475
6526
6531
6544
6589
6624
6596
6678
6685
6730
6708
6749
6740
6817
6807
6857
6852
6911
6888
6946
6936
7026
7003
7058
7048
7105
7077
7124
7152
7198
7200
7210
7223
7262
7267
7307
7341
7393
7383
7413
7419
7458
7493
7526
7546
7553
7568
7608
7643
7648
7692
7718
7733
7741
7745
7750
7757
7773
7765
7781
7780
7796
7789
7811
7803
7822
7813
7826
7831
7835
7836
7848
7839
7861
7857
7875
7873
7893
7892
7895
7897
7921
7917
7932
7928
7945
7937
7957
7949
7965
7966
7968
7974
7979
7986
8000
7999
8003
8004
8008
8013
8027
8029
8043
8041
8060
8045
8067
8064
8082
8078
8091
8093
8104
8108
8121
8115
8126
8129
8142
8141
8152
8151
8168
8170
