2
18
0
80
81
67
98
110
127
179
170
135
183
215
201
247
239
240
263
270
268
319
316
295
357
336
338
393
414
420
463
465
478
523
503
519
551
549
566
617
606
608
643
654
623
687
706
692
754
747
736
755
775
756
812
824
802
852
868
854
885
888
895
940
974
967
982
1010
977
1063
1053
1025
1096
1090
1097
1127
1120
1148
1153
1171
1158
1218
1215
1225
1247
1267
1270
1327
1340
1298
1346
1369
1353
1397
1427
1405
1456
1460
1461
1491
1490
1496
1554
1543
1562
1615
1611
1619
1667
1638
1673
1698
1687
1704
1746
1760
1733
1779
1778
1801
1841
1863
1858
1902
1879
1869
1950
1957
1926
1963
1968
1975
2050
2025
2012
2102
2077
2088
2135
2120
2127
2166
2165
2192
2224
2225
2245
2282
2281
2287
2326
2310
2314
2381
2362
2379
2421
2404
2415
2445
2448
2459
2496
2521
2506
2577
2575
2557
2581
2597
2582
2644
2656
2637
2725
2716
2721
2745
2739
2757
2822
2786
2809
2851
2835
2830
2898
2907
2878
2948
2934
2942
2974
2991
2990
3045
3024
3029
3096
3094
3069
3130
3135
3149
3195
3191
3156
3211
3218
3215
3285
3265
3268
3316
3332
3305
3355
3353
3344
3423
3431
3407
3460
3467
3444
3527
3519
3525
3561
3550
3534
3590
3609
3607
3650
3642
3633
3704
3697
3680
3744
3724
3737
3782
3794
3824
3861
3848
3866
3880
3877
3905
3953
3947
3934
3999
4012
4002
4037
4045
4055
4076
4081
4072
4149
4141
4127
4171
4203
4198
4229
4256
4231
4309
4312
4302
4347
4335
4322
4368
4389
4363
4444
4409
4433
4480
4499
4465
4545
4552
4536
4561
4585
4570
4609
4618
4637
4679
4669
4657
4725
4702
4716
4743
4755
4751
4818
4826
4795
4841
4844
4871
4903
4884
4917
4953
4969
4948
4987
4984
5006
5069
5064
5037
5075
5078
5102
5132
5129
5141
5203
5174
5189
5223
5253
5234
5281
5294
5293
5356
5326
5339
5391
5393
5403
5416
5439
5426
5481
5452
5478
5515
5505
5514
5578
5587
5562
5622
5619
5623
5645
5659
5658
5704
5731
5707
5751
5743
5763
5818
5832
5807
5835
5853
5837
5902
5896
5893
5965
5940
5951
5988
6018
6001
6037
6035
6045
6116
6103
6105
6164
6136
6145
6177
6216
6209
6232
6260
6247
6275
6291
6288
6310
6336
6337
6360
6384
6375
6407
6432
6418
6450
6447
6483
6530
6513
6500
6584
6573
6581
6594
6610
6623
6646
6678
6653
6714
6706
6696
6749
6787
6782
6834
6836
6809
6870
6864
6853
6923
6888
6920
6945
6979
6940
7013
6985
7006
7031
7067
7055
7078
7100
7073
7123
7132
7141
7168
7184
7159
7230
7250
7245
7279
7295
7261
7349
7307
7304
7365
7372
7403
7428
7429
7418
7488
7483
7502
7545
7517
7522
7564
7569
7588
7634
7617
7628
7684
7651
7661
7735
7723
7730
7742
7740
7738
7749
7759
7757
7775
7770
7771
7783
7779
7781
7797
7790
7788
7807
7805
7804
7814
7812
7813
7826
7827
7824
7833
7832
7836
7839
7845
7846
7851
7857
7852
7867
7864
7873
7889
7884
7879
7897
7908
7899
7921
7912
7919
7923
7930
7932
7946
7937
7940
7954
7957
7952
7960
7959
7966
7972
7974
7968
7984
7980
7985
8001
7997
8000
8006
8005
8004
8011
8012
8013
8027
8030
8020
8038
8034
8039
8061
8048
8047
8063
8064
8065
8081
8077
8082
8100
8098
8087
8111
8102
8109
8118
8114
8112
8128
8131
8132
8136
8133
8142
8152
8150
8156
8162
8160
8169
