32
12
21
36
4
80
81
77
54
58
125
110
124
105
126
144
132
172
147
166
187
183
209
184
210
235
248
247
225
219
280
271
292
253
256
298
304
302
303
308
359
355
346
348
363
384
423
403
410
402
449
474
471
473
457
510
525
489
494
495
529
561
568
548
566
591
582
588
600
577
660
624
633
625
620
703
680
705
702
672
727
717
728
723
720
781
756
772
759
779
802
836
799
820
809
863
862
868
867
854
898
919
897
894
902
959
957
948
947
935
976
979
984
977
988
1049
1037
1024
1063
1057
1075
1070
1099
1090
1065
1150
1134
1128
1118
1146
1173
1194
1164
1196
1186
1222
1236
1207
1216
1219
1244
1262
1274
1270
1272
1312
1337
1323
1329
1298
1366
1362
1377
1343
1363
1398
1431
1409
1426
1408
1439
1434
1478
1463
1474
1490
1479
1505
1520
1516
1530
1540
1538
1535
1546
1599
1623
1601
1593
1625
1656
1627
1646
1658
1631
1706
1686
1701
1724
1682
1731
1743
1755
1766
1729
1791
1801
1814
1786
1803
1854
1828
1827
1849
1843
1902
1901
1911
1876
1903
1921
1939
1918
1938
1931
2009
2007
1984
1974
1980
2048
2016
2029
2043
2060
2069
2103
2062
2096
2078
2109
2155
2130
2146
2123
2166
2165
2197
2172
2175
2233
2236
2235
2250
2216
2262
2252
2275
2293
2265
2305
2303
2316
2320
2313
2343
2353
2386
2360
2350
2402
2423
2407
2421
2393
2468
2482
2481
2439
2446
2491
2488
2511
2503
2518
2567
2565
2571
2544
2539
2617
2582
2610
2626
2595
2641
2644
2634
2632
2677
2686
2703
2721
2715
2692
2759
2773
2781
2747
2761
2795
2824
2800
2789
2794
2830
2861
2839
2850
2844
2881
2907
2875
2911
2890
2938
2949
2928
2920
2942
2971
3003
2983
3004
2987
3017
3038
3023
3053
3026
3077
3071
3058
3063
3096
3147
3119
3110
3108
3136
3193
3181
3198
3172
3169
3215
3223
3209
3225
3220
3257
3293
3266
3253
3259
3304
3326
3305
3320
3322
3352
3371
3343
3367
3366
3402
3422
3405
3407
3419
3474
3447
3448
3453
3456
3497
3526
3504
3489
3523
3544
3551
3536
3560
3535
3592
3608
3627
3620
3590
3635
3653
3637
3657
3655
3687
3704
3718
3692
3711
3765
3774
3729
3723
3730
3793
3798
3795
3776
3826
3854
3856
3835
3864
3842
3876
3915
3873
3899
3897
3965
3939
3963
3956
3966
3981
3973
3984
3987
3990
4028
4056
4055
4023
4043
4074
4067
4082
4113
4094
4132
4153
4165
4119
4124
4199
4176
4188
4180
4206
4240
4260
4252
4248
4218
4304
4298
4289
4293
4271
4348
4331
4344
4320
4322
4405
4373
4371
4394
4362
4434
4446
4447
4408
4438
4455
4476
4480
4483
4501
4537
4522
4542
4540
4528
4589
4560
4564
4583
4580
4626
4623
4615
4604
4602
4666
4684
4651
4650
4688
4702
4713
4727
4724
4730
4757
4752
4761
4760
4749
4785
4802
4818
4810
4797
4866
4869
4845
4873
4840
4907
4886
4899
4906
4904
4952
4926
4937
4963
4949
5014
4980
4975
4976
5012
5057
5056
5031
5033
5052
5082
5090
5110
5098
5094
5130
5146
5167
5139
5135
5197
5198
5184
5181
5191
5223
5261
5234
5228
5251
5296
5271
5298
5270
5281
5359
5339
5319
5350
5317
5374
5401
5371
5385
5389
5447
5404
5423
5419
5413
5487
5464
5482
5469
5458
5497
5500
5508
5537
5515
5566
5564
5565
5581
5558
5633
5611
5620
5617
5616
5636
5675
5669
5643
5679
5689
5704
5721
5708
5729
5773
5737
5749
5746
5750
5793
5785
5823
5814
5802
5872
5853
5860
5883
5856
5915
5908
5921
5898
5910
5939
5933
5958
5953
5972
6017
5980
5986
5997
6000
6047
6035
6040
6046
6048
6083
6077
6090
6106
6102
6162
6134
6158
6149
6124
6167
6188
6205
6178
6197
6236
6248
6230
6241
6251
6272
6290
6284
6266
6279
6309
6310
6319
6336
6317
6367
6362
6358
6365
6360
6413
6415
6445
6433
6438
6459
6464
6491
6450
6470
6500
6538
6512
6525
6504
6569
6572
6563
6545
6580
6630
6607
6601
6599
6624
6645
6668
6654
6682
6675
6714
6728
6707
6732
6731
6756
6749
6770
6742
6762
6818
6831
6801
6825
6836
6848
6879
6855
6869
6850
6900
6926
6891
6912
6896
6954
6933
6957
6960
6950
7005
7003
7020
7009
6998
7064
7068
7060
7045
7028
7084
7098
7097
7091
7078
7144
7152
7140
7154
7138
7178
7194
7164
7205
7181
7213
7246
7224
7251
7230
7271
7300
7278
7299
7277
7344
7326
7347
7317
7307
7393
7371
7400
7391
7358
7440
7444
7448
7431
7445
7462
7449
7485
7468
7482
7527
7537
7545
7543
7518
7558
7554
7555
7577
7589
7618
7608
7626
7617
7637
7676
7659
7655
7653
7671
7714
7712
7732
7731
7713
7745
7744
7742
7746
7741
7760
7755
7759
7750
7752
7774
7775
7766
7773
7776
7784
7785
7782
7783
7786
7795
7793
7794
7788
7798
7804
7808
7800
7811
7802
7813
7822
7817
7812
7821
7829
7826
7825
7830
7824
7835
7834
7838
7836
7833
7845
7850
7844
7839
7842
7855
7852
7862
7860
7863
7864
7874
7868
7873
7872
7885
7880
7883
7893
7877
7909
7907
7903
7901
7895
7915
7921
7918
7912
7911
7930
7928
7923
7933
7926
7937
7935
7942
7939
7943
7956
7950
7949
7954
7953
7962
7964
7960
7961
7965
7978
7974
7968
7973
7975
7980
7987
7982
7983
7981
7993
7994
8001
8002
7999
8006
8004
8007
8005
8003
8013
8010
8011
8016
8018
8030
8020
8025
8023
8027
8037
8043
8036
8044
8042
8059
8050
8054
8045
8057
8073
8063
8066
8062
8065
8082
8076
8075
8081
8086
8089
8087
8088
8098
8092
8110
8104
8109
8103
8107
8116
8118
8114
8122
8117
8130
8127
8132
8124
8129
8138
8141
8134
8133
8135
8152
8155
8148
8156
8153
8165
8168
8163
8169
8160
