1
10
26
39
30
43
77
64
42
80
113
104
101
105
110
173
175
161
134
166
209
191
188
185
200
227
222
239
226
229
266
253
271
268
257
307
306
325
318
334
376
366
360
353
382
406
385
400
398
386
462
457
474
463
458
509
516
513
508
497
560
537
542
535
570
614
604
594
597
610
642
640
621
637
648
696
704
690
708
689
711
726
750
717
725
771
764
769
775
776
827
817
798
795
819
863
844
840
876
867
922
895
919
911
909
953
952
935
933
973
1009
998
987
996
1019
1025
1059
1030
1051
1058
1087
1096
1094
1099
1076
1131
1108
1115
1132
1150
1190
1163
1159
1189
1170
1224
1200
1220
1207
1221
1265
1259
1267
1277
1270
1293
1294
1340
1292
1315
1363
1385
1388
1347
1370
1419
1399
1401
1430
1403
1469
1433
1463
1476
1468
1501
1515
1513
1489
1509
1542
1565
1548
1560
1555
1585
1595
1620
1610
1589
1640
1643
1661
1652
1627
1716
1697
1682
1685
1693
1762
1770
1759
1760
1767
1820
1819
1774
1807
1803
1865
1830
1825
1821
1853
1892
1899
1887
1881
1878
1959
1919
1921
1932
1916
2010
1998
1967
1965
2002
2046
2028
2023
2056
2044
2104
2064
2074
2091
2093
2111
2109
2155
2144
2147
2173
2193
2199
2188
2167
2244
2235
2216
2238
2207
2277
2257
2252
2283
2274
2316
2297
2340
2308
2307
2387
2353
2378
2385
2351
2408
2427
2429
2422
2410
2459
2457
2474
2482
2478
2503
2512
2507
2487
2492
2538
2534
2549
2532
2566
2622
2581
2590
2611
2602
2657
2644
2675
2652
2662
2716
2692
2720
2723
2705
2779
2743
2734
2767
2774
2813
2792
2785
2811
2823
2860
2843
2859
2846
2841
2913
2895
2884
2894
2908
2947
2945
2940
2964
2952
3005
2970
2978
2969
2975
3013
3029
3008
3048
3041
3096
3073
3102
3059
3100
3110
3136
3114
3131
3148
3191
3161
3154
3171
3158
3231
3208
3219
3213
3229
3258
3282
3252
3281
3294
3313
3333
3296
3332
3326
3383
3366
3369
3360
3347
3404
3434
3414
3397
3400
3452
3445
3446
3470
3440
3521
3499
3526
3522
3503
3563
3533
3574
3532
3544
3582
3596
3586
3589
3584
3631
3634
3664
3629
3630
3674
3691
3693
3710
3717
3742
3734
3727
3738
3751
3776
3825
3793
3806
3824
3850
3861
3843
3838
3852
3878
3891
3884
3893
3921
3954
3944
3938
3943
3931
3983
4010
4005
4007
3967
4053
4022
4052
4048
4029
4084
4093
4080
4090
4107
4153
4133
4118
4121
4145
4212
4204
4194
4171
4180
4222
4226
4231
4239
4233
4275
4289
4313
4282
4276
4358
4346
4357
4342
4338
4394
4367
4372
4385
4401
4435
4426
4449
4427
4421
4495
4489
4497
4487
4484
4520
4534
4509
4552
4506
4588
4570
4583
4587
4574
4622
4623
4619
4624
4629
4661
4676
4651
4686
4680
4717
4718
4699
4726
4705
4783
4752
4755
4773
4782
4791
4784
4832
4805
4818
4856
4844
4853
4866
4879
4886
4906
4887
4894
4899
4961
4972
4932
4971
4930
4988
4977
5023
5005
5006
5046
5052
5033
5026
5045
5120
5076
5112
5078
5117
5156
5150
5126
5159
5153
5206
5186
5213
5190
5189
5240
5223
5235
5257
5260
5312
5300
5297
5301
5280
5319
5320
5334
5336
5333
5372
5403
5376
5362
5380
5423
5437
5414
5408
5427
5474
5486
5479
5473
5459
5528
5515
5540
5510
5541
5571
5589
5577
5574
5578
5625
5621
5629
5632
5626
5662
5677
5652
5640
5661
5693
5694
5709
5692
5703
5762
5771
5766
5747
5736
5793
5792
5803
5805
5820
5846
5877
5860
5884
5859
5908
5921
5911
5898
5892
5949
5932
5938
5951
5952
6006
5989
5985
6001
6012
6064
6059
6038
6031
6028
6104
6115
6092
6110
6101
6124
6161
6164
6132
6146
6198
6217
6166
6186
6176
6260
6244
6237
6228
6247
6301
6290
6280
6292
6284
6316
6341
6340
6312
6321
6368
6373
6348
6347
6380
6437
6402
6427
6443
6418
6446
6493
6476
6449
6456
6509
6503
6505
6541
6527
6581
6571
6550
6559
6570
6631
6616
6605
6593
6591
6676
6662
6657
6684
6681
6698
6729
6732
6715
6703
6780
6781
6790
6789
6772
6795
6804
6827
6831
6816
6868
6849
6882
6838
6871
6924
6927
6907
6905
6931
6970
6946
6952
6951
6962
7005
7027
7026
7018
7013
7066
7037
7054
7040
7047
7108
7073
7097
7087
7093
7146
7144
7131
7142
7140
7171
7204
7192
7172
7173
7239
7237
7224
7245
7209
7288
7273
7294
7255
7274
7347
7306
7318
7338
7312
7361
7353
7359
7351
7373
7432
7406
7419
7441
7434
7497
7465
7501
7456
7455
7550
7546
7548
7545
7536
7574
7564
7553
7579
7563
7620
7642
7641
7624
7634
7677
7673
7650
7669
7686
7722
7729
7695
7735
7693
7744
7742
7746
7745
7740
7755
7749
7752
7751
7758
7773
7772
7763
7768
7771
7784
7786
7785
7777
7780
7797
7798
7787
7794
7796
7802
7810
7808
7800
7809
7819
7818
7816
7815
7820
7827
7828
7824
7830
7826
7832
7836
7837
7838
7835
7847
7845
7850
7842
7840
7859
7852
7856
7861
7854
7864
7872
7867
7874
7870
7885
7881
7888
7893
7878
7905
7907
7896
7903
7908
7911
7913
7919
7914
7912
7929
7925
7923
7934
7924
7938
7943
7945
7940
7941
7949
7957
7958
7956
7952
7960
7964
7963
7962
7961
7969
7968
7976
7974
7972
7987
7983
7979
7986
7980
8002
7992
7991
7993
7995
8003
8006
8007
8004
8005
8012
8017
8015
8018
8014
8021
8022
8027
8030
8025
8040
8038
8035
8034
8042
8047
8045
8056
8052
8060
8064
8063
8062
8068
8066
8076
8075
8082
8085
8081
8093
8089
8098
8090
8096
8110
8104
8107
8106
8109
8122
8113
8112
8114
8117
8127
8128
8124
8131
8130
8135
8134
8146
8145
8144
8157
8152
8154
8155
8158
8164
8163
8166
8169
8170
