9
69
111
173
203
237
254
297
365
411
474
521
544
603
661
670
744
767
825
882
899
968
1016
1035
1083
1113
1193
1199
1270
1292
1377
1395
1440
1480
1552
1626
1673
1689
1745
1808
1841
1907
1956
1995
2051
2064
2152
2171
2224
2276
2340
2388
2409
2469
2513
2551
2614
2660
2700
2740
2794
2840
2889
2942
2997
3025
3077
3133
3164
3232
3252
3330
3376
3396
3455
3487
3556
3620
3665
3693
3759
3814
3847
3905
3952
3980
4029
4102
4144
4214
4227
4279
4354
4360
4441
4472
4518
4572
4643
4677
4726
4759
4827
4859
4924
4936
4986
5032
5102
5145
5181
5253
5270
5332
5378
5433
5477
5539
5587
5621
5685
5703
5748
5826
5854
5909
5960
6016
6067
6097
6129
6211
6218
6302
6320
6353
6435
6475
6520
6554
6596
6647
6724
6763
6795
6849
6899
6939
6998
7069
7102
7136
7165
7236
7268
7346
7353
7421
7481
7521
7557
7599
7685
7725
7743
7754
7764
7784
7790
7808
7813
7830
7835
7844
7858
7874
7879
7902
7919
7925
7940
7951
7966
7968
7985
7991
8005
8019
8030
8034
8049
8065
8080
8101
8105
8113
8126
8143
8155
8166
