14
4
22
20
27
60
41
77
44
83
91
96
112
114
94
180
166
157
169
139
190
216
213
184
194
224
239
241
245
249
259
273
278
287
261
325
324
331
294
322
337
378
347
370
372
427
384
403
394
401
444
465
462
470
441
521
485
487
507
512
564
557
546
539
538
592
608
614
615
586
622
650
649
632
634
706
702
701
670
687
732
738
740
721
726
763
783
762
760
758
811
828
813
818
808
865
871
850
843
842
886
918
899
897
919
973
937
968
967
928
998
987
1016
1012
1010
1051
1053
1032
1025
1031
1082
1102
1106
1098
1075
1109
1134
1145
1122
1113
1184
1154
1194
1178
1157
1209
1238
1225
1202
1210
1280
1285
1267
1268
1245
1329
1336
1340
1300
1316
1362
1378
1364
1347
1354
1393
1396
1409
1423
1424
1467
1464
1466
1473
1445
1500
1499
1501
1487
1506
1552
1551
1540
1554
1548
1601
1583
1605
1603
1612
1655
1637
1663
1673
1665
1698
1682
1720
1699
1717
1743
1759
1767
1746
1748
1806
1775
1803
1774
1790
1863
1844
1837
1833
1845
1884
1907
1885
1888
1898
1925
1932
1955
1948
1942
2000
1961
1971
2003
1985
2039
2026
2041
2043
2058
2074
2081
2090
2077
2082
2109
2119
2131
2122
2138
2192
2189
2168
2166
2200
2249
2218
2211
2205
2207
2294
2255
2265
2288
2282
2331
2338
2314
2298
2328
2348
2366
2389
2351
2381
2431
2436
2423
2405
2421
2477
2437
2466
2454
2442
2487
2515
2503
2499
2507
2563
2557
2539
2541
2535
2590
2622
2611
2605
2602
2656
2673
2633
2670
2629
2728
2693
2687
2727
2732
2743
2757
2775
2747
2739
2816
2788
2820
2792
2791
2845
2849
2842
2841
2857
2910
2901
2888
2872
2885
2921
2948
2951
2947
2964
2984
2993
2966
2974
2972
3052
3044
3016
3055
3008
3106
3065
3103
3102
3105
3149
3129
3113
3137
3135
3190
3196
3186
3187
3167
3242
3240
3245
3219
3224
3250
3290
3261
3262
3252
3338
3312
3302
3314
3329
3376
3386
3388
3350
3370
3415
3421
3393
3410
3432
3477
3473
3459
3441
3474
3511
3484
3505
3517
3504
3542
3557
3560
3558
3563
3618
3582
3624
3600
3621
3670
3632
3647
3656
3665
3706
3719
3716
3682
3699
3749
3745
3774
3761
3747
3781
3804
3789
3809
3800
3865
3867
3829
3831
3850
3887
3903
3881
3907
3874
3935
3926
3932
3940
3939
3987
3977
3973
4005
3976
4046
4053
4034
4042
4065
4084
4106
4073
4088
4102
4159
4131
4150
4125
4137
4185
4171
4194
4191
4172
4217
4259
4252
4234
4246
4284
4303
4281
4280
4270
4353
4333
4327
4359
4357
4374
4379
4402
4399
4396
4412
4440
4438
4413
4427
4460
4459
4483
4501
4498
4527
4510
4523
4529
4539
4560
4554
4575
4557
4563
4604
4639
4633
4622
4597
4677
4687
4658
4659
4680
4731
4700
4699
4705
4715
4780
4748
4744
4754
4747
4820
4813
4797
4835
4828
4877
4863
4881
4857
4851
4900
4901
4893
4907
4894
4936
4962
4967
4935
4958
5002
4976
5011
5012
4987
5025
5045
5037
5063
5042
5093
5105
5073
5075
5108
5162
5160
5134
5161
5130
5192
5199
5173
5175
5188
5260
5261
5264
5220
5269
5302
5284
5295
5274
5313
5330
5350
5359
5349
5357
5394
5401
5376
5382
5391
5407
5419
5442
5413
5437
5487
5496
5456
5452
5475
5499
5515
5509
5514
5522
5573
5563
5567
5562
5583
5621
5596
5608
5617
5615
5667
5666
5665
5640
5679
5693
5713
5715
5731
5696
5763
5783
5770
5779
5764
5812
5799
5806
5810
5811
5856
5859
5837
5870
5850
5886
5903
5919
5907
5900
5948
5973
5934
5952
5933
5983
6018
6021
6001
5999
6059
6061
6047
6040
6066
6076
6077
6102
6119
6095
6162
6157
6145
6152
6127
6183
6187
6207
6166
6196
6218
6231
6246
6261
6234
6288
6277
6302
6264
6304
6339
6307
6319
6325
6342
6365
6385
6359
6375
6388
6401
6424
6442
6422
6415
6457
6472
6452
6451
6479
6507
6495
6520
6502
6516
6547
6575
6543
6573
6544
6632
6610
6605
6631
6622
6643
6668
6675
6674
6663
6728
6712
6737
6710
6716
6769
6768
6751
6745
6749
6835
6794
6812
6826
6836
6838
6864
6847
6867
6846
6918
6932
6911
6922
6928
6943
6973
6960
6953
6936
7013
7003
7001
6993
6991
7030
7044
7059
7048
7041
7093
7109
7083
7094
7107
7150
7136
7123
7119
7155
7166
7200
7204
7202
7163
7211
7233
7252
7228
7231
7256
7274
7258
7264
7261
7347
7325
7348
7320
7346
7379
7361
7359
7376
7403
7439
7424
7411
7430
7445
7464
7498
7494
7500
7488
7530
7515
7532
7517
7531
7577
7564
7588
7580
7582
7637
7620
7641
7609
7631
7677
7690
7663
7674
7684
7721
7729
7731
7694
7719
7746
7738
7742
7740
7743
7753
7749
7755
7748
7761
7776
7769
7764
7763
7768
7782
7786
7777
7779
7780
7787
7793
7791
7792
7795
7811
7807
7810
7803
7801
7813
7816
7822
7814
7818
7829
7828
7825
7826
7830
7836
7834
7835
7838
7837
7840
7839
7848
7845
7849
7857
7860
7862
7863
7853
7865
7866
7874
7867
7873
7891
7885
7882
7887
7883
7896
7900
7905
7901
7910
7913
7920
7914
7919
7917
7928
7924
7927
7925
7923
7939
7935
7938
7946
7945
7958
7956
7948
7955
7953
7960
7961
7965
7964
7963
7968
7975
7977
7970
7976
7989
7987
7982
7985
7979
7996
7995
7992
7991
7998
8006
8003
8007
8004
8005
8009
8016
8013
8010
8011
8023
8025
8030
8029
8026
8044
8040
8038
8033
8035
8048
8056
8054
8060
8057
8064
8065
8074
8071
8063
8086
8076
8077
8085
8081
8095
8087
8092
8100
8090
8105
8109
8106
8104
8107
8117
8116
8113
8120
8112
8128
8132
8124
8127
8129
8143
8137
8138
8141
8144
8149
8153
8152
8158
8150
8161
8167
8164
8166
8162
