7
49
88
169
191
219
261
327
382
399
458
502
539
589
649
704
709
756
828
866
902
959
1001
1023
1087
1145
1162
1223
1256
1312
1354
1399
1437
1496
1555
1603
1632
1719
1760
1796
1843
1913
1942
1985
2012
2081
2150
2195
2235
2257
2320
2351
2395
2479
2490
2538
2621
2645
2692
2735
2825
2868
2881
2927
2978
3035
3082
3112
3180
3245
3274
3333
3378
3420
3480
3507
3535
3606
3656
3704
3742
3820
3869
3888
3952
3972
4064
4099
4154
4168
4245
4283
4359
4401
4420
4475
4539
4569
4626
4690
4725
4778
4802
4854
4917
4957
4986
5052
5116
5139
5172
5269
5312
5332
5387
5443
5464
5525
5578
5615
5659
5731
5764
5798
5876
5897
5969
6010
6069
6082
6124
6168
6253
6273
6323
6359
6442
6473
6540
6569
6598
6660
6692
6750
6825
6874
6918
6958
7019
7038
7086
7149
7170
7251
7266
7336
7396
7430
7470
7517
7590
7636
7687
7712
7738
7758
7764
7784
7790
7800
7818
7829
7834
7845
7861
7865
7886
7895
7917
7924
7943
7949
7966
7977
7981
7997
8006
8018
8022
8043
8052
8069
8080
8088
8102
8116
8128
8133
8159
8166
