19
21
17
57
58
65
112
119
100
160
144
173
191
205
187
236
244
228
260
281
272
330
319
307
346
381
361
429
414
401
463
464
455
493
523
525
535
552
527
594
605
611
663
634
635
667
699
672
733
712
726
786
764
780
836
792
819
866
842
880
924
927
904
943
945
965
1017
1003
979
1052
1059
1043
1082
1068
1091
1140
1139
1111
1192
1154
1169
1199
1204
1212
1284
1266
1246
1302
1296
1318
1343
1375
1354
1416
1402
1390
1436
1443
1470
1493
1504
1489
1548
1533
1528
1621
1622
1614
1674
1650
1646
1693
1722
1706
1761
1759
1736
1795
1810
1811
1831
1828
1851
1896
1875
1906
1945
1953
1954
1968
1982
2007
2054
2017
2059
2074
2086
2068
2117
2150
2140
2182
2166
2170
2244
2247
2246
2286
2285
2262
2326
2310
2311
2388
2381
2342
2415
2434
2410
2474
2470
2445
2507
2513
2527
2556
2565
2554
2606
2623
2612
2671
2663
2677
2691
2724
2725
2742
2766
2746
2798
2797
2785
2864
2841
2853
2904
2906
2890
2927
2916
2917
2994
2977
2997
3018
3045
3037
3100
3101
3059
3126
3135
3124
3181
3175
3199
3222
3229
3201
3262
3251
3285
3300
3307
3313
3353
3357
3368
3410
3409
3399
3439
3451
3446
3526
3507
3502
3565
3563
3566
3604
3608
3607
3660
3665
3651
3703
3678
3682
3735
3723
3756
3788
3789
3805
3827
3872
3847
3880
3893
3914
3940
3936
3941
4006
3989
4009
4049
4053
4064
4085
4078
4071
4160
4131
4121
4171
4185
4179
4250
4224
4263
4302
4294
4307
4320
4325
4315
4375
4365
4378
4451
4440
4408
4455
4482
4498
4533
4547
4525
4556
4564
4569
4600
4644
4622
4664
4654
4677
4719
4731
4715
4740
4768
4761
4805
4828
4803
4852
4836
4845
4921
4919
4920
4959
4945
4939
4977
5004
5018
5068
5060
5033
5093
5111
5086
5170
5168
5147
5181
5175
5197
5224
5240
5228
5296
5311
5286
5324
5350
5351
5391
5362
5376
5444
5427
5441
5470
5490
5459
5520
5536
5542
5575
5589
5570
5622
5609
5621
5664
5645
5659
5699
5727
5693
5772
5751
5771
5800
5791
5820
5845
5856
5838
5922
5921
5891
5951
5976
5973
5998
6001
5996
6066
6058
6026
6111
6095
6092
6164
6147
6145
6209
6173
6189
6258
6255
6251
6293
6266
6264
6319
6321
6309
6390
6372
6384
6416
6431
6407
6451
6492
6488
6506
6541
6528
6574
6564
6555
6606
6626
6616
6686
6644
6671
6706
6736
6723
6761
6785
6756
6796
6800
6798
6853
6867
6841
6917
6888
6899
6966
6933
6950
7009
7000
6993
7053
7067
7031
7085
7099
7102
7140
7150
7154
7194
7182
7203
7227
7208
7251
7293
7265
7273
7325
7347
7323
7393
7376
7361
7412
7417
7406
7457
7489
7472
7542
7505
7507
7590
7588
7563
7610
7604
7644
7651
7676
7646
7701
7706
7712
7742
7740
7745
7754
7757
7753
7770
7765
7767
7779
7786
7778
7793
7798
7794
7805
7806
7807
7814
7815
7817
7823
7829
7831
7834
7832
7833
7850
7842
7847
7856
7860
7854
7876
7870
7872
7886
7878
7888
7909
7894
7902
7912
7911
7914
7922
7923
7930
7941
7940
7935
7950
7952
7951
7963
7961
7966
7974
7969
7968
7988
7985
7984
7997
7998
8001
8005
8004
8007
8016
8014
8018
8023
8021
8031
8035
8040
8043
8050
8052
8048
8065
8067
8064
8080
8076
8075
8093
8097
8092
8105
8109
8106
8117
8116
8112
8127
8125
8129
8135
8137
8143
8153
8157
8152
8168
8171
8170
