13
33
9
40
49
46
94
91
98
145
174
168
216
211
213
243
226
222
284
268
286
305
296
323
340
339
365
431
389
398
471
472
444
499
510
503
542
527
560
596
587
613
654
625
628
706
673
705
740
723
731
756
783
772
828
800
813
854
847
861
903
887
924
970
941
932
1013
986
1017
1031
1040
1059
1070
1100
1068
1141
1149
1121
1187
1159
1181
1208
1199
1217
1274
1251
1284
1339
1316
1315
1369
1362
1357
1420
1408
1409
1473
1442
1476
1503
1485
1505
1566
1529
1569
1580
1598
1620
1633
1643
1663
1710
1690
1713
1750
1768
1762
1786
1776
1812
1841
1835
1829
1895
1882
1888
1948
1924
1957
2000
1981
1973
2041
2056
2060
2072
2104
2082
2134
2130
2153
2201
2162
2180
2242
2212
2248
2264
2260
2273
2314
2312
2335
2359
2391
2384
2430
2425
2426
2470
2475
2483
2487
2506
2515
2535
2538
2548
2590
2603
2606
2635
2673
2630
2732
2730
2684
2776
2741
2745
2825
2788
2795
2840
2835
2848
2898
2874
2880
2925
2923
2952
2966
2978
3007
3048
3030
3008
3085
3100
3083
3138
3120
3131
3153
3159
3180
3220
3234
3226
3289
3260
3279
3313
3336
3325
3388
3362
3364
3414
3418
3419
3473
3468
3444
3511
3493
3520
3539
3547
3538
3576
3625
3608
3629
3660
3637
3715
3712
3676
3722
3728
3740
3778
3798
3814
3845
3863
3870
3895
3880
3882
3966
3936
3923
3975
3988
3974
4055
4042
4029
4102
4107
4104
4148
4126
4158
4192
4185
4208
4242
4260
4237
4269
4302
4290
4333
4359
4344
4390
4389
4388
4410
4423
4413
4492
4490
4501
4529
4520
4539
4565
4556
4570
4606
4643
4626
4665
4654
4683
4711
4719
4721
4781
4735
4769
4825
4808
4810
4847
4851
4838
4895
4905
4887
4961
4947
4964
4979
5017
4978
5034
5024
5045
5076
5096
5087
5148
5145
5151
5206
5205
5211
5229
5263
5223
5304
5272
5284
5346
5347
5343
5390
5391
5378
5446
5408
5434
5472
5469
5457
5500
5507
5529
5575
5569
5562
5632
5627
5608
5670
5662
5637
5690
5696
5729
5744
5780
5759
5788
5784
5825
5834
5855
5851
5903
5910
5909
5967
5935
5958
6018
6005
5996
6053
6069
6038
6108
6091
6119
6161
6160
6122
6202
6173
6177
6250
6246
6225
6292
6268
6262
6313
6339
6338
6369
6395
6388
6430
6411
6425
6453
6464
6452
6502
6505
6538
6582
6566
6564
6592
6624
6621
6652
6671
6673
6707
6709
6719
6766
6751
6774
6806
6795
6797
6858
6865
6862
6892
6890
6887
6969
6938
6934
6985
7008
6996
7041
7054
7031
7089
7082
7097
7137
7136
7142
7161
7191
7158
7238
7216
7226
7301
7271
7284
7316
7313
7341
7380
7395
7402
7418
7420
7425
7476
7473
7488
7537
7548
7533
7593
7572
7589
7605
7598
7622
7656
7688
7682
7736
7737
7704
7738
7744
7739
7757
7756
7752
7769
7774
7763
7779
7778
7781
7791
7793
7795
7802
7800
7799
7813
7816
7812
7823
7824
7830
7833
7834
7835
7843
7839
7848
7859
7851
7852
7874
7866
7870
7884
7882
7888
7904
7905
7910
7916
7919
7914
7926
7928
7925
7944
7946
7943
7948
7951
7958
7962
7967
7965
7968
7971
7977
7982
7990
7989
7998
7996
8002
8003
8004
8007
8014
8012
8015
8020
8026
8030
8041
8043
8042
8049
8053
8059
8072
8067
8071
8082
8085
8075
8094
8092
8095
8108
8109
8104
8115
8122
8114
8123
8124
8129
8138
8140
8145
8156
8148
8157
8166
8160
8165
