19
48
105
179
197
228
271
297
365
415
465
502
562
607
633
696
742
771
838
883
926
957
1012
1054
1071
1115
1172
1218
1250
1342
1346
1416
1436
1515
1530
1606
1648
1685
1751
1807
1839
1885
1948
1990
2044
2068
2136
2194
2209
2261
2302
2370
2407
2478
2505
2531
2583
2676
2719
2767
2786
2829
2907
2939
2968
3013
3078
3129
3199
3216
3256
3299
3360
3427
3453
3513
3551
3609
3652
3688
3771
3814
3840
3897
3938
3980
4048
4082
4126
4184
4247
4281
4315
4396
4424
4469
4537
4568
4621
4681
4702
4777
4816
4853
4893
4925
5016
5026
5094
5137
5203
5247
5289
5355
5382
5438
5491
5529
5550
5625
5640
5718
5765
5824
5868
5901
5932
6015
6026
6082
6131
6197
6261
6262
6339
6365
6418
6464
6539
6586
6609
6673
6693
6765
6809
6878
6896
6962
6997
7066
7076
7119
7166
7242
7295
7325
7393
7448
7462
7507
7565
7640
7651
7701
7739
7755
7775
7781
7797
7811
7814
7824
7834
7849
7853
7871
7884
7901
7921
7932
7939
7956
7959
7974
7987
8000
8005
8010
8021
8035
8054
8070
8084
8096
8105
8117
8127
8141
8151
8165
