27
2
84
61
112
102
148
182
184
193
233
236
290
267
318
305
382
337
387
389
449
470
519
514
542
572
585
590
633
664
670
689
739
710
778
775
814
796
856
874
887
916
973
930
993
1009
1025
1041
1066
1084
1138
1150
1161
1188
1208
1216
1273
1267
1318
1335
1370
1377
1429
1393
1465
1437
1517
1516
1545
1537
1611
1604
1644
1668
1696
1684
1765
1731
1813
1792
1863
1867
1871
1883
1918
1944
1983
1986
2051
2058
2103
2088
2142
2147
2174
2180
2241
2240
2260
2284
2316
2322
2344
2345
2405
2431
2446
2473
2505
2488
2535
2560
2619
2626
2663
2634
2699
2698
2733
2773
2782
2784
2866
2833
2881
2880
2954
2935
3003
2983
3056
3024
3094
3086
3109
3117
3185
3165
3239
3227
3264
3276
3310
3336
3371
3340
3429
3421
3470
3472
3506
3519
3538
3534
3595
3622
3663
3638
3680
3686
3725
3748
3795
3803
3836
3852
3885
3880
3953
3948
3987
3989
4065
4022
4087
4070
4145
4139
4198
4171
4218
4217
4301
4267
4322
4347
4371
4406
4447
4429
4491
4495
4527
4521
4573
4558
4624
4633
4658
4666
4709
4701
4774
4757
4785
4815
4876
4868
4890
4923
4931
4943
4987
4984
5063
5060
5101
5071
5168
5151
5174
5182
5246
5232
5283
5316
5328
5355
5372
5401
5446
5448
5465
5462
5510
5529
5560
5548
5613
5599
5639
5642
5714
5724
5752
5781
5796
5832
5868
5870
5888
5909
5944
5968
6007
5988
6068
6046
6081
6092
6151
6135
6202
6183
6244
6247
6270
6295
6343
6334
6354
6357
6399
6396
6474
6483
6539
6533
6570
6548
6634
6625
6641
6646
6723
6693
6758
6788
6809
6828
6866
6867
6894
6926
6979
6957
7006
6997
7071
7057
7096
7078
7136
7118
7206
7187
7247
7232
7279
7271
7314
7326
7360
7353
7445
7444
7463
7456
7533
7514
7561
7570
7618
7620
7686
7658
7714
7694
7743
7742
7762
7752
7773
7766
7785
7780
7795
7797
7808
7802
7816
7815
7823
7825
7837
7833
7843
7839
7851
7856
7870
7875
7888
7878
7896
7900
7919
7914
7934
7929
7942
7946
7951
7953
7965
7967
7971
7970
7981
7980
8002
7996
8005
8006
8019
8009
8023
8031
8034
8044
8052
8049
8066
8063
8083
8076
8090
8098
8102
8106
8114
8120
8125
8127
8146
8142
8150
8152
8163
8162
