30
18
70
49
104
130
151
136
213
217
242
232
255
250
298
302
383
378
424
410
466
447
500
494
537
535
593
612
623
637
685
707
742
727
768
779
824
815
859
868
886
918
935
942
976
1010
1037
1046
1103
1079
1147
1133
1192
1166
1208
1202
1261
1276
1300
1297
1349
1384
1422
1398
1436
1452
1509
1482
1571
1561
1595
1580
1629
1654
1702
1680
1752
1729
1806
1818
1849
1821
1914
1868
1936
1935
1979
1970
2040
2015
2089
2073
2145
2140
2160
2162
2218
2212
2263
2288
2326
2321
2384
2387
2405
2421
2450
2464
2523
2499
2536
2554
2598
2592
2673
2672
2688
2707
2771
2755
2785
2796
2848
2826
2880
2878
2921
2944
3002
2993
3033
3057
3089
3105
3137
3138
3193
3179
3207
3243
3263
3251
3322
3311
3375
3384
3424
3425
3473
3465
3506
3514
3554
3543
3596
3620
3652
3638
3721
3718
3770
3733
3824
3808
3847
3857
3886
3884
3928
3927
3995
3997
4033
4064
4083
4093
4119
4120
4210
4173
4258
4228
4277
4273
4329
4356
4370
4406
4410
4442
4502
4474
4530
4524
4579
4563
4627
4622
4650
4682
4727
4704
4767
4773
4828
4817
4866
4851
4909
4915
4960
4933
5015
5016
5033
5030
5089
5081
5158
5159
5185
5189
5256
5229
5271
5297
5321
5348
5397
5403
5442
5449
5466
5452
5515
5535
5544
5579
5592
5632
5674
5688
5712
5733
5783
5756
5822
5792
5868
5851
5906
5896
5957
5962
6020
5989
6046
6027
6116
6104
6148
6149
6186
6168
6220
6259
6278
6284
6313
6314
6381
6366
6445
6432
6453
6455
6521
6536
6560
6581
6619
6596
6643
6650
6716
6737
6790
6787
6794
6813
6878
6839
6931
6909
6947
6946
6998
6990
7062
7047
7102
7074
7137
7155
7184
7162
7216
7247
7280
7269
7343
7335
7353
7396
7413
7446
7503
7450
7510
7543
7561
7556
7602
7634
7668
7671
7707
7701
7744
7743
7758
7756
7766
7775
7782
7777
7798
7792
7806
7803
7821
7815
7828
7829
7838
7837
7839
7849
7854
7858
7868
7872
7881
7887
7909
7903
7912
7911
7927
7929
7943
7941
7955
7951
7962
7959
7977
7976
7988
7979
7996
7994
8007
8004
8014
8018
8030
8032
8037
8034
8046
8057
8072
8066
8078
8079
8090
8087
8107
8110
8120
8117
8125
8128
8138
8134
8154
8150
8162
8170
