12
8
45
80
86
103
161
182
196
191
220
245
282
258
315
326
342
374
395
397
475
467
521
524
543
567
591
605
662
664
693
672
737
731
756
786
798
803
851
877
927
926
932
957
1010
1014
1042
1045
1086
1092
1142
1112
1154
1156
1218
1226
1261
1242
1326
1317
1360
1388
1427
1390
1439
1457
1497
1483
1536
1549
1617
1581
1634
1664
1689
1698
1757
1729
1798
1789
1850
1867
1904
1914
1949
1921
1980
1971
2032
2057
2079
2069
2117
2130
2170
2168
2251
2207
2271
2295
2327
2341
2351
2358
2422
2404
2467
2449
2526
2497
2535
2555
2613
2624
2667
2677
2683
2687
2740
2742
2820
2795
2866
2850
2872
2911
2920
2960
2973
3002
3018
3021
3061
3080
3143
3138
3158
3189
3221
3211
3258
3273
3311
3303
3367
3344
3415
3431
3467
3457
3515
3526
3568
3574
3625
3607
3649
3665
3700
3703
3732
3733
3825
3816
3849
3832
3888
3911
3957
3937
3997
3979
4026
4052
4112
4081
4142
4162
4179
4207
4225
4249
4276
4305
4351
4354
4373
4407
4418
4445
4497
4486
4510
4531
4557
4594
4619
4615
4688
4666
4719
4693
4780
4749
4823
4808
4867
4852
4920
4891
4961
4931
4983
4989
5058
5042
5085
5071
5122
5126
5187
5181
5255
5234
5280
5299
5330
5327
5372
5374
5436
5409
5487
5490
5514
5497
5578
5566
5630
5606
5660
5650
5718
5734
5737
5744
5811
5796
5856
5845
5890
5892
5960
5964
6008
6022
6055
6042
6100
6102
6160
6149
6178
6213
6249
6237
6290
6284
6312
6331
6373
6359
6408
6412
6461
6460
6505
6528
6585
6556
6591
6600
6684
6663
6713
6697
6780
6740
6801
6827
6864
6862
6904
6894
6959
6957
7007
7024
7029
7065
7092
7113
7121
7122
7179
7177
7250
7244
7274
7271
7319
7322
7369
7403
7417
7447
7489
7502
7526
7512
7574
7557
7635
7638
7654
7647
7704
7706
7740
7743
7758
7752
7768
7774
7779
7786
7794
7791
7800
7806
7818
7820
7823
7831
7835
7837
7848
7846
7863
7854
7865
7875
7893
7881
7905
7894
7919
7918
7933
7922
7942
7941
7957
7947
7964
7960
7971
7972
7988
7989
8002
7997
8004
8007
8015
8010
8027
8024
8034
8039
8046
8052
8069
8071
8075
8086
8095
8087
8106
8110
8117
8122
8124
8123
8140
8146
8155
8149
8170
8166
