9
4
83
46
95
121
166
182
193
184
248
227
267
289
323
333
339
343
414
427
456
436
516
495
535
543
604
586
636
624
690
688
750
729
777
773
829
826
878
862
925
926
947
946
1014
1010
1032
1042
1087
1067
1138
1149
1191
1157
1223
1203
1241
1251
1330
1321
1359
1365
1420
1426
1447
1434
1521
1490
1525
1551
1620
1578
1638
1647
1699
1723
1761
1752
1783
1803
1867
1850
1911
1890
1928
1939
1999
2004
2019
2050
2100
2101
2138
2123
2169
2187
2224
2222
2291
2252
2338
2328
2386
2381
2406
2405
2457
2442
2494
2504
2540
2563
2605
2588
2676
2659
2728
2706
2773
2741
2784
2790
2827
2852
2891
2894
2962
2931
2969
2978
3049
3013
3104
3077
3112
3144
3162
3192
3228
3222
3281
3257
3321
3303
3366
3382
3403
3414
3473
3471
3504
3511
3539
3574
3599
3586
3671
3641
3715
3677
3763
3738
3819
3817
3837
3861
3919
3896
3955
3952
3997
3988
4058
4035
4070
4107
4161
4159
4167
4204
4255
4256
4268
4299
4342
4355
4376
4384
4436
4433
4500
4494
4519
4539
4586
4564
4611
4638
4658
4656
4726
4728
4738
4762
4805
4791
4854
4837
4889
4923
4930
4935
5015
5006
5060
5063
5096
5088
5125
5146
5195
5206
5244
5255
5298
5286
5342
5319
5381
5393
5411
5442
5480
5472
5517
5528
5577
5553
5610
5623
5672
5673
5722
5710
5761
5750
5800
5813
5868
5861
5905
5900
5942
5964
6018
5988
6027
6032
6115
6099
6127
6123
6213
6192
6222
6252
6268
6291
6340
6326
6389
6388
6435
6418
6489
6472
6515
6540
6577
6550
6623
6617
6645
6650
6721
6702
6789
6780
6801
6824
6863
6862
6922
6911
6945
6979
7012
6987
7066
7061
7113
7114
7145
7148
7190
7176
7219
7235
7294
7301
7346
7305
7390
7375
7435
7447
7453
7457
7541
7530
7575
7558
7645
7608
7650
7672
7729
7715
7740
7741
7757
7758
7766
7769
7781
7783
7796
7789
7809
7808
7818
7820
7825
7824
7835
7838
7843
7841
7852
7862
7876
7871
7890
7892
7910
7907
7920
7915
7934
7923
7940
7939
7954
7951
7961
7963
7968
7971
7987
7989
8001
8000
8005
8003
8016
8008
8023
8030
8044
8040
8057
8061
8067
8071
8081
8075
8098
8100
8105
8111
8117
8121
8130
8132
8145
8147
8150
8153
8161
8170
