22
30
4
50
82
54
125
98
130
158
148
152
210
195
199
239
225
241
278
251
290
333
319
328
368
358
342
421
405
415
444
443
454
487
501
496
565
561
537
588
600
614
646
622
639
707
688
703
716
725
748
758
785
775
818
805
829
866
849
842
922
892
891
971
956
953
1002
1009
1007
1036
1029
1060
1105
1096
1093
1112
1111
1150
1154
1173
1160
1218
1200
1229
1243
1239
1286
1333
1301
1303
1374
1356
1348
1430
1405
1403
1435
1454
1439
1495
1496
1517
1544
1566
1555
1606
1590
1578
1671
1629
1661
1689
1682
1702
1754
1744
1734
1819
1811
1790
1829
1826
1844
1912
1871
1896
1936
1960
1927
1978
1974
1961
2016
2040
2023
2104
2088
2082
2117
2110
2141
2167
2184
2182
2235
2213
2225
2265
2295
2267
2297
2298
2336
2364
2390
2362
2436
2398
2412
2482
2461
2456
2519
2508
2500
2577
2557
2562
2610
2589
2596
2639
2653
2630
2707
2682
2706
2746
2759
2779
2798
2785
2816
2840
2861
2835
2875
2882
2913
2959
2962
2916
3000
2982
3007
3032
3034
3023
3101
3064
3061
3128
3119
3115
3161
3200
3157
3221
3238
3240
3275
3254
3278
3322
3320
3307
3373
3386
3385
3414
3421
3399
3469
3454
3479
3484
3529
3487
3541
3570
3571
3582
3612
3609
3642
3649
3644
3687
3691
3689
3775
3773
3770
3819
3818
3826
3872
3871
3856
3903
3900
3910
3946
3927
3950
3992
4012
4006
4018
4030
4020
4109
4076
4089
4126
4135
4162
4195
4177
4188
4230
4238
4224
4272
4311
4294
4316
4330
4332
4373
4398
4365
4451
4435
4431
4464
4461
4493
4521
4512
4543
4561
4557
4577
4629
4617
4637
4667
4681
4677
4693
4721
4697
4772
4741
4760
4809
4799
4800
4877
4879
4841
4918
4914
4897
4951
4960
4972
4999
5015
5014
5041
5036
5032
5117
5113
5109
5139
5134
5151
5206
5212
5185
5262
5261
5250
5279
5270
5299
5358
5317
5347
5363
5395
5378
5434
5441
5446
5467
5459
5473
5529
5533
5516
5557
5544
5546
5611
5624
5612
5644
5657
5640
5723
5724
5707
5755
5740
5774
5795
5802
5833
5881
5866
5880
5895
5915
5929
5942
5969
5962
5988
5999
6012
6049
6070
6030
6087
6102
6076
6155
6130
6145
6194
6184
6202
6252
6223
6243
6293
6283
6302
6338
6318
6329
6355
6357
6358
6426
6401
6407
6449
6488
6481
6534
6505
6530
6562
6559
6568
6604
6630
6635
6676
6650
6681
6714
6713
6728
6780
6746
6786
6795
6812
6822
6856
6872
6882
6924
6922
6898
6970
6982
6965
7008
7009
7002
7033
7069
7055
7106
7082
7092
7150
7140
7143
7205
7198
7172
7216
7253
7251
7300
7261
7274
7313
7314
7342
7354
7357
7368
7438
7425
7427
7482
7464
7487
7549
7537
7518
7581
7552
7562
7630
7603
7605
7654
7677
7676
7694
7736
7716
7738
7739
7740
7755
7753
7760
7771
7776
7775
7778
7784
7781
7795
7791
7789
7808
7804
7799
7816
7814
7813
7823
7828
7827
7835
7834
7837
7846
7842
7844
7860
7851
7855
7876
7867
7868
7887
7889
7882
7910
7895
7896
7913
7912
7917
7924
7930
7933
7942
7944
7935
7953
7950
7949
7964
7961
7967
7973
7976
7978
7984
7979
7987
7991
7993
7996
8003
8004
8007
8015
8010
8011
8026
8029
8027
8039
8035
8043
8059
8057
8052
8071
8067
8064
8083
8082
8077
8095
8100
8090
8110
8103
8107
8113
8119
8112
8132
8126
8127
8145
8139
8147
8156
8157
8149
8162
8168
8166
