34
42
103
146
184
222
284
301
342
391
472
509
529
578
630
691
749
768
798
870
899
955
976
1061
1084
1107
1187
1204
1270
1330
1359
1392
1476
1484
1571
1596
1668
1708
1736
1816
1843
1906
1928
1972
2059
2089
2120
2201
2210
2263
2298
2385
2409
2448
2486
2539
2624
2637
2704
2766
2809
2868
2909
2927
2977
3038
3105
3125
3162
3212
3248
3319
3342
3404
3443
3526
3573
3627
3651
3698
3750
3806
3855
3884
3960
3998
4052
4111
4160
4200
4226
4310
4327
4361
4444
4499
4520
4575
4625
4653
4696
4739
4807
4850
4884
4952
5009
5026
5079
5168
5187
5257
5290
5323
5368
5421
5494
5518
5574
5605
5670
5696
5771
5786
5871
5918
5966
5982
6028
6115
6147
6186
6256
6272
6327
6384
6407
6488
6535
6581
6597
6677
6696
6754
6833
6860
6887
6962
7000
7065
7091
7134
7198
7228
7279
7350
7388
7413
7495
7509
7560
7625
7661
7707
7739
7760
7771
7783
7789
7811
7814
7827
7835
7843
7853
7865
7880
7910
7915
7928
7939
7957
7963
7971
7981
7991
8003
8017
8021
8041
8060
8064
8084
8088
8105
8117
8123
8134
8149
8171
