31
20
30
1
45
44
56
66
89
117
102
106
172
173
161
158
185
199
184
191
230
235
227
219
285
258
271
267
335
304
307
295
342
363
378
345
414
415
384
426
459
445
441
449
481
518
492
488
561
568
546
529
600
579
589
591
659
654
648
638
682
694
677
699
711
712
720
729
762
770
767
757
814
803
835
821
868
853
852
859
905
923
920
900
971
936
945
939
1003
1011
1013
993
1056
1058
1054
1044
1067
1069
1079
1081
1151
1150
1112
1143
1161
1154
1185
1172
1202
1206
1209
1197
1260
1269
1262
1246
1337
1295
1336
1326
1377
1345
1351
1359
1390
1431
1429
1406
1433
1452
1436
1460
1485
1482
1518
1495
1542
1549
1538
1563
1586
1593
1601
1609
1673
1664
1656
1668
1713
1693
1703
1698
1773
1727
1726
1762
1783
1785
1782
1811
1829
1837
1847
1848
1908
1883
1914
1903
1936
1944
1946
1947
1970
1963
2007
2000
2024
2044
2036
2012
2090
2073
2062
2102
2130
2121
2145
2154
2201
2167
2179
2197
2231
2238
2233
2222
2276
2265
2267
2255
2319
2303
2309
2341
2351
2374
2384
2370
2429
2418
2394
2421
2464
2459
2460
2458
2515
2502
2504
2507
2561
2563
2555
2552
2595
2618
2619
2599
2650
2663
2678
2675
2729
2685
2702
2732
2746
2770
2758
2739
2803
2807
2801
2802
2849
2844
2839
2837
2900
2883
2884
2911
2928
2921
2961
2926
2996
3005
2976
2995
3056
3016
3029
3038
3059
3089
3085
3062
3115
3148
3138
3122
3177
3162
3181
3195
3230
3229
3233
3210
3271
3258
3263
3251
3312
3335
3296
3337
3354
3363
3374
3379
3399
3437
3436
3424
3442
3446
3474
3481
3525
3496
3513
3509
3570
3574
3552
3535
3609
3579
3604
3578
3673
3633
3666
3632
3676
3718
3692
3687
3756
3743
3734
3767
3817
3798
3800
3797
3847
3853
3859
3856
3912
3903
3919
3877
3940
3948
3960
3924
3992
4014
3994
3999
4060
4050
4047
4061
4107
4071
4092
4104
4132
4161
4156
4120
4169
4193
4208
4167
4248
4253
4247
4262
4276
4293
4302
4289
4323
4321
4315
4324
4362
4383
4395
4389
4416
4409
4440
4434
4485
4484
4504
4503
4507
4551
4530
4533
4565
4579
4568
4587
4625
4633
4641
4609
4668
4686
4658
4677
4695
4699
4727
4696
4733
4742
4751
4753
4802
4801
4834
4785
4862
4871
4855
4863
4915
4904
4908
4892
4946
4937
4936
4940
5015
4983
5005
5018
5050
5067
5062
5027
5073
5103
5087
5112
5122
5166
5125
5165
5179
5203
5214
5184
5239
5261
5226
5235
5313
5301
5316
5307
5352
5320
5326
5356
5393
5395
5397
5378
5451
5407
5428
5410
5478
5462
5489
5456
5521
5528
5511
5533
5559
5586
5583
5576
5606
5602
5620
5631
5687
5661
5670
5649
5715
5702
5709
5694
5736
5771
5757
5742
5809
5829
5810
5821
5864
5841
5847
5882
5918
5916
5897
5909
5942
5944
5932
5958
5997
6008
5979
6015
6043
6032
6045
6070
6104
6111
6093
6098
6126
6162
6148
6134
6196
6210
6190
6181
6250
6219
6251
6255
6278
6280
6291
6295
6322
6315
6307
6327
6345
6353
6365
6371
6397
6437
6430
6440
6459
6482
6480
6473
6527
6528
6505
6526
6549
6544
6581
6574
6626
6618
6602
6599
6672
6664
6666
6683
6719
6727
6718
6694
6778
6751
6784
6755
6818
6816
6804
6824
6856
6884
6860
6847
6922
6925
6887
6893
6959
6958
6938
6945
6987
6994
7012
6985
7028
7065
7068
7038
7087
7103
7106
7085
7149
7154
7126
7142
7183
7180
7177
7176
7235
7228
7207
7248
7302
7274
7262
7293
7333
7350
7323
7327
7386
7352
7400
7379
7443
7405
7423
7438
7449
7461
7479
7480
7528
7525
7550
7540
7564
7590
7577
7586
7623
7626
7602
7603
7661
7689
7670
7686
7714
7712
7722
7698
7743
7741
7746
7742
7760
7754
7758
7762
7774
7767
7764
7769
7777
7784
7780
7786
7790
7792
7794
7795
7807
7811
7805
7809
7815
7816
7818
7822
7824
7827
7831
7826
7833
7838
7832
7835
7849
7840
7839
7848
7861
7860
7862
7852
7872
7875
7876
7867
7886
7892
7888
7878
7908
7906
7901
7904
7915
7918
7921
7913
7926
7928
7927
7934
7941
7937
7942
7935
7956
7950
7952
7958
7960
7967
7964
7963
7973
7968
7978
7975
7980
7985
7983
7989
8002
7999
8001
7998
8006
8003
8007
8005
8008
8012
8013
8014
8028
8031
8032
8023
8036
8040
8041
8039
8057
8052
8050
8060
8065
8073
8064
8072
8086
8081
8080
8076
8088
8101
8096
8089
8103
8104
8106
8107
8117
8114
8116
8121
8132
8124
8125
8129
8137
8141
8135
8138
8157
8159
8153
8148
8171
8166
8165
8164
