14
21
8
57
72
50
110
99
130
174
164
135
203
214
202
247
240
227
281
265
257
318
317
296
357
381
352
418
397
412
476
457
436
514
520
522
544
539
568
611
606
576
648
631
640
707
698
675
740
719
735
772
770
780
815
826
833
848
878
861
884
900
924
954
945
928
1004
975
980
1038
1028
1027
1090
1082
1068
1120
1147
1121
1166
1165
1158
1197
1219
1220
1273
1277
1259
1330
1333
1331
1350
1379
1369
1422
1416
1409
1475
1455
1477
1500
1514
1486
1561
1534
1557
1607
1593
1603
1644
1648
1646
1682
1694
1677
1745
1753
1752
1819
1782
1790
1831
1851
1824
1913
1907
1888
1939
1925
1924
1977
1975
1989
2058
2022
2027
2061
2098
2065
2146
2117
2156
2176
2170
2179
2217
2239
2214
2270
2256
2295
2297
2327
2308
2359
2353
2381
2431
2432
2424
2480
2458
2457
2512
2511
2521
2569
2576
2543
2611
2614
2610
2671
2639
2674
2694
2690
2689
2758
2745
2778
2810
2786
2792
2863
2827
2859
2881
2914
2900
2956
2964
2927
2978
2972
2998
3031
3023
3010
3104
3083
3068
3145
3127
3149
3195
3190
3184
3204
3242
3237
3255
3270
3256
3296
3329
3310
3343
3355
3341
3413
3414
3423
3465
3459
3483
3495
3503
3509
3541
3554
3551
3605
3581
3622
3661
3651
3656
3720
3697
3690
3774
3753
3752
3783
3791
3822
3832
3867
3854
3888
3874
3895
3964
3945
3960
3973
3993
4013
4037
4065
4054
4091
4107
4098
4153
4129
4119
4214
4184
4204
4234
4236
4229
4293
4301
4303
4340
4343
4322
4374
4407
4390
4431
4441
4446
4469
4489
4454
4506
4536
4542
4591
4580
4581
4638
4608
4640
4649
4670
4679
4725
4702
4701
4768
4761
4734
4824
4818
4829
4868
4866
4863
4884
4908
4911
4937
4947
4943
4980
5001
5020
5068
5064
5033
5075
5119
5115
5127
5138
5152
5189
5199
5201
5247
5265
5223
5279
5298
5277
5337
5345
5317
5393
5361
5375
5430
5404
5439
5485
5468
5496
5511
5510
5527
5558
5554
5587
5606
5596
5594
5669
5662
5649
5703
5693
5720
5753
5748
5766
5792
5801
5826
5876
5851
5859
5900
5929
5887
5936
5950
5963
6007
5987
5984
6036
6061
6049
6120
6108
6116
6149
6164
6127
6199
6211
6165
6220
6231
6218
6267
6265
6284
6322
6318
6340
6392
6349
6377
6420
6445
6423
6457
6491
6453
6504
6541
6515
6546
6576
6585
6631
6599
6614
6686
6645
6674
6707
6703
6688
6779
6775
6761
6807
6830
6826
6854
6873
6847
6894
6887
6914
6960
6949
6958
6993
7009
7020
7053
7030
7051
7087
7084
7088
7132
7130
7146
7171
7194
7201
7217
7231
7228
7293
7268
7265
7312
7343
7313
7402
7382
7369
7405
7418
7406
7469
7449
7480
7530
7519
7545
7581
7554
7593
7611
7609
7607
7671
7649
7652
7708
7711
7699
7746
7738
7740
7753
7749
7750
7776
7770
7768
7786
7778
7784
7789
7797
7798
7805
7811
7809
7822
7819
7813
7830
7828
7827
7836
7832
7835
7850
7849
7845
7860
7851
7855
7870
7866
7876
7879
7881
7887
7908
7909
7895
7918
7920
7913
7931
7922
7925
7941
7940
7943
7952
7947
7957
7961
7967
7959
7970
7974
7973
7988
7986
7987
7992
7993
8001
8005
8007
8003
8017
8012
8015
8026
8028
8031
8037
8034
8040
8049
8047
8048
8064
8067
8065
8084
8085
8080
8101
8099
8092
8107
8105
8104
8112
8115
8113
8128
8132
8129
8145
8138
8143
8149
8156
8157
8160
8162
8167
