39
20
9
14
55
62
80
84
130
121
96
89
133
143
147
159
184
207
213
206
248
233
218
239
279
252
271
283
306
300
298
327
376
349
358
353
398
391
388
410
449
477
441
466
500
488
496
506
564
535
573
556
583
588
601
603
654
658
630
659
688
694
668
669
733
725
714
709
776
779
771
755
812
838
811
793
873
852
858
866
904
884
895
927
959
936
940
946
1003
1020
976
980
1062
1046
1063
1056
1084
1076
1071
1096
1151
1150
1148
1143
1179
1186
1154
1172
1219
1209
1225
1238
1265
1243
1284
1244
1308
1326
1294
1340
1370
1371
1348
1376
1428
1427
1405
1424
1438
1447
1457
1461
1484
1502
1482
1509
1550
1554
1530
1556
1625
1621
1611
1598
1650
1670
1660
1668
1702
1723
1688
1699
1747
1757
1771
1734
1789
1802
1786
1788
1858
1831
1851
1853
1882
1894
1887
1892
1943
1955
1921
1949
1983
2001
2011
2004
2049
2043
2014
2039
2101
2083
2062
2070
2111
2137
2151
2108
2182
2196
2197
2188
2225
2248
2243
2235
2271
2294
2278
2257
2338
2327
2318
2315
2372
2345
2388
2377
2433
2434
2427
2394
2475
2442
2484
2456
2490
2504
2507
2492
2560
2538
2562
2532
2602
2618
2598
2601
2650
2677
2638
2658
2703
2692
2707
2700
2781
2753
2747
2734
2802
2786
2806
2783
2851
2842
2866
2848
2898
2888
2909
2907
2952
2935
2956
2921
2973
2981
2971
2982
3031
3009
3045
3049
3105
3068
3073
3079
3118
3149
3148
3123
3173
3199
3191
3186
3243
3220
3214
3205
3293
3271
3275
3255
3304
3312
3318
3300
3381
3345
3366
3370
3419
3408
3391
3398
3457
3465
3445
3453
3491
3488
3523
3484
3569
3547
3543
3560
3608
3584
3611
3601
3659
3664
3630
3655
3684
3693
3692
3686
3729
3774
3733
3753
3822
3818
3797
3780
3843
3849
3830
3850
3910
3882
3912
3893
3947
3929
3961
3942
3982
4001
3971
3997
4039
4038
4046
4043
4067
4095
4078
4104
4166
4162
4142
4124
4175
4206
4198
4171
4240
4252
4255
4243
4298
4313
4283
4312
4332
4349
4357
4345
4407
4392
4400
4377
4444
4413
4452
4432
4461
4459
4487
4489
4543
4536
4548
4550
4584
4581
4575
4591
4607
4614
4627
4636
4649
4680
4691
4675
4693
4713
4700
4724
4743
4766
4740
4776
4784
4817
4790
4794
4854
4861
4847
4878
4887
4922
4901
4916
4967
4969
4962
4940
4985
4996
5023
4984
5041
5024
5028
5035
5089
5119
5110
5098
5142
5148
5135
5162
5180
5185
5206
5202
5239
5238
5223
5235
5315
5288
5277
5285
5330
5345
5351
5347
5381
5388
5379
5377
5449
5432
5423
5438
5486
5464
5492
5460
5536
5540
5542
5541
5547
5565
5549
5556
5630
5617
5633
5600
5684
5673
5683
5655
5732
5690
5704
5692
5752
5764
5741
5760
5787
5796
5809
5816
5881
5876
5880
5855
5929
5897
5895
5888
5960
5976
5964
5933
6003
6014
6019
5991
6064
6063
6070
6060
6077
6118
6074
6119
6158
6136
6145
6154
6205
6195
6214
6201
6251
6223
6235
6241
6290
6281
6276
6296
6332
6334
6308
6317
6385
6345
6390
6367
6419
6424
6408
6397
6482
6484
6459
6461
6502
6495
6524
6529
6561
6551
6587
6562
6637
6612
6636
6597
6647
6662
6663
6684
6696
6691
6705
6713
6753
6754
6775
6742
6808
6818
6836
6837
6859
6864
6848
6845
6907
6904
6901
6902
6981
6933
6970
6979
6994
6999
6989
6995
7043
7036
7066
7054
7101
7114
7105
7082
7154
7150
7136
7138
7196
7184
7177
7187
7242
7244
7238
7209
7301
7286
7259
7274
7310
7339
7308
7313
7363
7387
7391
7372
7436
7413
7432
7421
7464
7475
7498
7491
7533
7507
7548
7543
7576
7573
7586
7553
7617
7622
7621
7642
7686
7688
7692
7683
7697
7719
7706
7698
7744
7745
7741
7739
7762
7752
7747
7761
7763
7771
7768
7766
7784
7782
7777
7778
7795
7788
7798
7789
7800
7809
7805
7799
7821
7819
7813
7822
7829
7828
7825
7824
7837
7832
7835
7834
7848
7847
7839
7845
7861
7853
7859
7856
7871
7872
7875
7870
7885
7878
7892
7889
7909
7901
7898
7900
7917
7913
7916
7912
7924
7932
7929
7931
7937
7942
7946
7945
7947
7955
7958
7957
7965
7964
7961
7959
7973
7969
7974
7975
7989
7986
7982
7990
7998
7995
7991
7993
8003
8005
8006
8004
8013
8018
8008
8012
8021
8026
8029
8022
8044
8035
8037
8033
8052
8056
8060
8058
8070
8064
8068
8062
8084
8076
8079
8077
8094
8098
8097
8091
8103
8102
8106
8107
8120
8117
8115
8113
8125
8123
8128
8131
8145
8142
8147
8134
8159
8155
8154
8157
8161
8171
8164
8162
