36
18
85
77
91
104
150
158
215
212
221
244
253
267
332
294
349
360
384
409
475
473
524
523
560
558
603
584
659
653
673
668
733
748
777
766
812
805
866
872
903
907
945
959
977
991
1038
1035
1090
1105
1116
1112
1182
1171
1218
1200
1240
1244
1342
1338
1357
1378
1416
1423
1475
1473
1498
1510
1546
1551
1584
1605
1674
1650
1684
1715
1740
1765
1801
1794
1858
1836
1869
1868
1958
1931
1989
1970
2024
2060
2091
2090
2124
2152
2185
2186
2239
2216
2263
2257
2315
2300
2355
2366
2401
2410
2454
2455
2528
2514
2542
2544
2627
2608
2671
2633
2707
2684
2778
2761
2791
2802
2840
2829
2914
2876
2956
2931
3003
3002
3010
3028
3073
3102
3139
3112
3188
3187
3218
3239
3257
3252
3300
3335
3359
3368
3432
3430
3459
3442
3527
3488
3563
3536
3584
3583
3657
3664
3708
3680
3765
3738
3822
3782
3870
3865
3894
3915
3932
3951
3971
3991
4050
4021
4096
4074
4135
4122
4211
4201
4243
4244
4291
4314
4350
4317
4390
4385
4453
4416
4471
4466
4552
4538
4554
4569
4600
4644
4652
4677
4701
4708
4747
4749
4829
4786
4857
4844
4887
4910
4938
4965
4983
5009
5053
5062
5076
5113
5140
5163
5196
5180
5240
5231
5308
5304
5352
5336
5364
5384
5422
5404
5455
5477
5516
5514
5554
5572
5628
5591
5678
5644
5720
5694
5753
5751
5798
5813
5869
5842
5911
5902
5970
5930
6016
5991
6056
6032
6109
6117
6148
6155
6187
6192
6227
6243
6292
6273
6309
6311
6379
6355
6440
6434
6462
6450
6510
6511
6575
6564
6607
6632
6673
6656
6700
6723
6778
6788
6798
6827
6848
6857
6896
6913
6934
6948
7010
7013
7065
7039
7073
7095
7119
7142
7204
7175
7246
7209
7256
7261
7341
7339
7361
7392
7444
7416
7495
7502
7532
7549
7563
7568
7600
7620
7672
7653
7708
7713
7746
7738
7756
7753
7764
7773
7784
7781
7788
7793
7799
7805
7817
7822
7823
7830
7834
7836
7844
7841
7853
7858
7865
7874
7882
7887
7905
7894
7920
7916
7928
7925
7940
7943
7958
7953
7959
7966
7968
7969
7986
7990
7991
7994
8004
8005
8013
8010
8021
8024
8038
8041
8047
8045
8066
8069
8078
8079
8098
8097
8105
8110
8121
8120
8130
8125
8147
8135
8149
8158
8160
8170
