30
34
57
69
91
86
140
133
210
205
229
242
253
268
317
297
380
344
412
395
475
440
507
499
553
535
610
617
642
664
705
667
746
724
755
763
814
838
876
861
912
924
967
928
1007
1012
1060
1064
1094
1105
1116
1129
1176
1189
1214
1227
1245
1279
1292
1294
1359
1383
1428
1401
1437
1460
1508
1511
1544
1563
1596
1584
1666
1643
1701
1692
1730
1761
1815
1789
1855
1850
1873
1868
1931
1921
1976
2010
2037
2058
2096
2087
2134
2152
2186
2181
2225
2239
2261
2269
2340
2325
2371
2361
2412
2415
2466
2447
2505
2506
2543
2544
2610
2618
2646
2664
2705
2683
2750
2735
2782
2806
2865
2837
2896
2885
2941
2942
2974
2982
3039
3043
3089
3102
3115
3152
3160
3166
3234
3220
3266
3255
3331
3306
3382
3348
3405
3409
3460
3451
3490
3484
3531
3567
3601
3612
3669
3660
3709
3676
3767
3774
3794
3785
3869
3864
3899
3913
3955
3935
4003
3986
4027
4029
4088
4083
4125
4155
4181
4204
4241
4257
4290
4284
4357
4333
4375
4381
4439
4421
4496
4464
4524
4537
4565
4573
4631
4619
4682
4661
4693
4703
4781
4779
4820
4817
4837
4857
4899
4890
4938
4932
5023
5001
5051
5046
5118
5084
5162
5123
5184
5185
5236
5251
5301
5288
5337
5333
5393
5368
5436
5404
5467
5454
5503
5499
5581
5555
5599
5592
5669
5645
5704
5701
5759
5747
5815
5812
5852
5857
5919
5916
5950
5951
6007
5997
6062
6052
6079
6104
6164
6134
6204
6198
6256
6237
6277
6290
6310
6339
6384
6350
6419
6437
6467
6459
6499
6500
6575
6547
6605
6592
6650
6671
6728
6700
6765
6782
6799
6829
6859
6848
6901
6889
6977
6947
7002
7009
7058
7049
7097
7084
7151
7122
7201
7187
7242
7207
7267
7296
7331
7333
7373
7378
7420
7422
7478
7451
7541
7523
7573
7590
7600
7629
7647
7657
7705
7731
7741
7744
7754
7762
7763
7764
7778
7783
7794
7788
7804
7802
7816
7814
7823
7828
7837
7835
7846
7847
7863
7860
7876
7872
7888
7886
7907
7895
7915
7919
7927
7922
7936
7937
7949
7954
7965
7962
7974
7978
7980
7979
7992
7994
8005
8004
8018
8012
8027
8028
8037
8034
8061
8050
8063
8069
8083
8076
8099
8095
8102
8110
8119
8118
8127
8124
8145
8146
8149
8151
8166
8165
