37
13
70
74
101
99
172
173
187
196
229
245
288
263
310
334
381
374
397
395
442
438
487
497
529
563
584
581
662
642
679
703
718
714
784
781
822
801
849
862
920
898
935
948
996
995
1025
1058
1065
1095
1123
1110
1156
1184
1220
1218
1266
1277
1305
1288
1384
1388
1425
1424
1468
1450
1521
1485
1542
1533
1618
1612
1667
1659
1695
1709
1768
1733
1791
1782
1848
1838
1870
1886
1946
1955
1969
2001
2057
2042
2066
2078
2149
2157
2173
2187
2208
2215
2284
2295
2308
2304
2386
2389
2393
2428
2478
2463
2498
2519
2567
2552
2600
2586
2629
2668
2714
2715
2769
2762
2800
2804
2855
2844
2909
2878
2917
2944
3002
2983
3008
3015
3076
3099
3143
3129
3164
3166
3234
3215
3253
3255
3312
3315
3366
3345
3399
3412
3464
3445
3521
3524
3571
3574
3622
3624
3665
3638
3703
3695
3745
3724
3817
3785
3851
3832
3900
3916
3956
3954
3987
3991
4039
4027
4077
4076
4154
4163
4212
4200
4242
4249
4285
4269
4339
4316
4379
4367
4423
4442
4486
4476
4545
4509
4595
4562
4632
4596
4652
4665
4717
4695
4771
4768
4835
4817
4841
4847
4911
4918
4935
4930
4975
4982
5046
5035
5090
5113
5139
5158
5207
5186
5245
5259
5277
5300
5321
5341
5377
5386
5438
5416
5495
5485
5529
5527
5556
5552
5592
5632
5660
5636
5706
5689
5775
5744
5791
5816
5881
5840
5886
5906
5951
5973
5986
6024
6062
6039
6074
6115
6139
6135
6191
6183
6218
6231
6288
6301
6321
6317
6388
6375
6422
6403
6459
6493
6527
6538
6552
6567
6594
6629
6683
6686
6721
6692
6757
6771
6811
6813
6884
6860
6905
6900
6957
6972
7017
7012
7050
7064
7095
7076
7147
7148
7175
7192
7236
7253
7261
7265
7310
7320
7358
7376
7431
7443
7487
7474
7536
7546
7574
7572
7637
7643
7666
7648
7710
7695
7746
7741
7759
7748
7775
7776
7786
7782
7791
7798
7811
7803
7817
7816
7824
7823
7834
7835
7845
7840
7854
7858
7874
7870
7883
7882
7901
7907
7920
7913
7928
7926
7945
7946
7951
7956
7966
7965
7975
7970
7980
7982
8002
8001
8007
8004
8009
8016
8024
8020
8035
8044
8059
8055
8069
8063
8085
8079
8094
8089
8108
8106
8122
8112
8129
8131
8136
8147
8148
8154
8167
8164
