15
8
25
13
0
53
63
51
65
58
102
94
89
128
106
155
173
164
172
144
186
192
185
203
198
219
244
247
229
243
255
288
270
268
269
316
299
334
318
294
373
338
336
380
348
429
390
387
428
405
438
446
445
457
450
486
480
516
485
506
561
571
559
567
540
595
590
588
602
612
644
641
657
653
629
707
692
693
686
676
718
711
726
732
709
786
783
770
765
755
818
815
824
792
830
849
846
870
853
845
923
899
907
913
903
971
960
949
945
938
994
1015
984
1011
1003
1038
1061
1037
1055
1058
1081
1101
1098
1095
1080
1135
1137
1132
1144
1128
1195
1183
1171
1153
1194
1214
1204
1229
1232
1235
1273
1244
1245
1275
1247
1323
1320
1322
1339
1296
1378
1352
1388
1372
1364
1421
1406
1413
1427
1390
1470
1445
1444
1477
1433
1521
1499
1487
1507
1509
1554
1555
1535
1568
1550
1582
1618
1596
1617
1609
1641
1656
1665
1633
1648
1722
1720
1677
1710
1717
1731
1772
1744
1753
1766
1811
1791
1800
1819
1793
1861
1863
1855
1850
1822
1895
1876
1915
1888
1881
1919
1935
1930
1945
1922
1994
1989
2006
2004
1979
2038
2040
2053
2031
2058
2078
2070
2062
2063
2064
2135
2111
2117
2150
2139
2194
2189
2170
2168
2203
2229
2228
2250
2230
2211
2295
2276
2254
2272
2292
2326
2303
2310
2334
2317
2350
2389
2361
2344
2345
2397
2398
2419
2417
2433
2480
2459
2471
2454
2468
2521
2503
2499
2515
2525
2559
2563
2576
2539
2570
2604
2615
2601
2618
2579
2634
2631
2680
2661
2678
2692
2699
2724
2684
2703
2749
2742
2778
2757
2735
2794
2799
2785
2810
2803
2851
2844
2869
2861
2846
2893
2880
2898
2899
2894
2915
2946
2949
2952
2932
3006
2981
3001
2967
2996
3056
3027
3024
3054
3052
3082
3106
3096
3077
3083
3134
3129
3114
3133
3126
3176
3182
3162
3170
3166
3230
3244
3237
3224
3239
3263
3252
3281
3258
3268
3306
3303
3329
3304
3326
3370
3354
3378
3360
3388
3426
3394
3417
3425
3435
3454
3463
3451
3439
3443
3518
3489
3506
3491
3529
3571
3566
3548
3535
3541
3581
3621
3609
3607
3618
3647
3662
3652
3656
3646
3717
3708
3698
3690
3706
3755
3731
3733
3737
3772
3776
3812
3795
3817
3798
3828
3863
3852
3838
3872
3906
3892
3880
3903
3911
3933
3954
3944
3930
3963
3969
4011
3985
3978
3972
4044
4027
4065
4048
4063
4068
4115
4099
4085
4100
4154
4133
4162
4119
4160
4183
4203
4215
4200
4198
4248
4245
4222
4220
4230
4292
4294
4267
4268
4280
4357
4319
4336
4334
4352
4377
4375
4364
4401
4389
4427
4434
4431
4423
4444
4485
4474
4455
4495
4497
4535
4552
4515
4550
4509
4587
4589
4582
4568
4555
4617
4631
4614
4609
4639
4673
4680
4692
4666
4672
4701
4720
4729
4727
4711
4743
4738
4737
4781
4742
4808
4814
4804
4784
4819
4842
4877
4858
4849
4864
4921
4922
4899
4900
4883
4966
4937
4925
4933
4927
5007
4981
5006
5016
4973
5038
5061
5031
5069
5048
5070
5086
5099
5081
5115
5137
5168
5157
5150
5156
5215
5195
5202
5200
5184
5227
5228
5261
5220
5235
5308
5310
5288
5286
5302
5329
5318
5352
5323
5317
5363
5384
5380
5394
5365
5434
5430
5427
5413
5420
5493
5484
5468
5453
5476
5541
5531
5514
5511
5521
5585
5582
5544
5546
5547
5613
5594
5593
5615
5624
5657
5644
5684
5637
5645
5734
5699
5695
5711
5725
5760
5768
5745
5766
5765
5790
5799
5815
5814
5808
5854
5851
5839
5863
5864
5926
5913
5887
5914
5919
5953
5962
5939
5975
5942
5980
5987
5996
6010
6007
6047
6042
6064
6056
6040
6089
6102
6108
6095
6097
6125
6159
6144
6138
6154
6207
6216
6181
6194
6182
6228
6250
6242
6225
6256
6276
6270
6280
6283
6275
6325
6323
6316
6338
6305
6386
6352
6374
6378
6345
6430
6408
6413
6443
6426
6488
6459
6449
6460
6455
6537
6500
6527
6535
6502
6567
6582
6589
6553
6587
6595
6612
6635
6603
6626
6649
6667
6672
6678
6658
6736
6708
6713
6726
6716
6789
6787
6745
6748
6771
6819
6807
6821
6798
6829
6864
6863
6848
6855
6880
6895
6898
6926
6908
6914
6975
6953
6966
6952
6934
6995
7005
6987
7025
7010
7072
7052
7039
7029
7032
7083
7088
7101
7098
7074
7144
7153
7147
7146
7132
7161
7171
7200
7182
7198
7221
7216
7212
7252
7210
7279
7292
7273
7259
7280
7322
7308
7331
7344
7350
7362
7377
7394
7375
7371
7425
7416
7432
7421
7404
7480
7457
7456
7465
7501
7526
7550
7515
7527
7508
7568
7555
7560
7554
7585
7631
7616
7606
7623
7605
7663
7668
7664
7672
7687
7727
7737
7723
7717
7695
7746
7745
7744
7739
7738
7749
7748
7760
7756
7753
7776
7769
7767
7768
7766
7786
7784
7780
7782
7778
7798
7789
7788
7796
7797
7800
7807
7810
7808
7811
7816
7814
7819
7821
7817
7827
7826
7831
7829
7824
7832
7837
7834
7838
7836
7847
7842
7839
7846
7850
7851
7852
7854
7856
7863
7865
7876
7864
7870
7866
7886
7884
7880
7893
7877
7907
7910
7897
7898
7900
7916
7915
7911
7917
7913
7924
7925
7930
7931
7923
7944
7941
7939
7935
7938
7950
7951
7947
7954
7952
7966
7960
7964
7967
7959
7978
7968
7972
7969
7974
7989
7984
7986
7980
7985
8000
7995
7993
7992
7997
8005
8006
8003
8004
8007
8009
8010
8016
8011
8012
8023
8032
8021
8020
8029
8043
8040
8042
8034
8038
8050
8056
8055
8061
8051
8074
8070
8063
8062
8072
8084
8079
8078
8076
8082
8091
8092
8096
8098
8087
8111
8102
8109
8105
8106
8120
8112
8122
8114
8116
8127
8123
8132
8124
8131
8136
8139
8143
8138
8134
8158
8155
8150
8154
8148
8160
8171
8163
8167
8169
