27
0
1
24
15
49
68
51
40
84
88
118
116
128
94
139
175
151
144
182
191
203
209
201
190
249
233
241
229
237
292
280
265
266
268
313
321
295
312
305
361
337
373
358
366
406
431
420
396
418
453
472
452
476
435
522
505
494
508
507
533
549
543
545
553
587
594
617
613
577
624
658
648
628
626
672
673
681
687
698
716
711
712
719
753
760
765
784
757
755
825
837
819
795
792
848
849
853
871
857
906
895
924
915
903
936
952
959
958
971
988
1014
985
998
992
1026
1035
1031
1061
1055
1069
1094
1098
1078
1100
1136
1117
1134
1107
1144
1194
1183
1187
1181
1164
1204
1235
1211
1198
1230
1279
1273
1282
1256
1263
1317
1288
1325
1299
1316
1382
1369
1380
1368
1385
1428
1395
1403
1399
1394
1442
1432
1468
1463
1470
1481
1484
1480
1516
1491
1572
1540
1550
1532
1527
1626
1618
1576
1616
1597
1648
1657
1627
1651
1640
1690
1701
1693
1705
1704
1762
1735
1742
1726
1730
1817
1793
1799
1798
1795
1840
1843
1859
1855
1842
1904
1874
1910
1888
1893
1935
1946
1955
1931
1938
1983
1980
2004
1996
2003
2060
2054
2043
2058
2055
2071
2076
2106
2072
2070
2139
2112
2120
2118
2124
2168
2177
2184
2162
2174
2241
2208
2228
2234
2245
2294
2263
2292
2280
2295
2305
2320
2300
2314
2306
2352
2351
2371
2363
2357
2433
2407
2429
2419
2401
2472
2458
2464
2466
2449
2511
2503
2517
2504
2500
2545
2573
2558
2534
2541
2581
2619
2621
2590
2600
2637
2658
2649
2647
2630
2706
2708
2709
2700
2714
2770
2749
2766
2737
2763
2822
2821
2805
2797
2816
2859
2836
2861
2857
2840
2887
2897
2893
2914
2886
2952
2957
2922
2944
2948
2979
2982
2970
2996
2992
3029
3028
3010
3019
3013
3062
3088
3095
3078
3059
3117
3152
3118
3124
3146
3191
3186
3155
3161
3153
3233
3227
3242
3220
3219
3286
3254
3248
3259
3288
3328
3313
3325
3316
3321
3366
3365
3373
3359
3361
3425
3422
3419
3395
3393
3477
3482
3443
3445
3446
3493
3529
3511
3526
3503
3536
3564
3572
3575
3574
3621
3596
3589
3598
3604
3670
3657
3656
3643
3638
3695
3684
3716
3690
3677
3744
3737
3762
3764
3741
3826
3809
3790
3781
3812
3864
3832
3846
3839
3851
3893
3899
3898
3890
3883
3936
3929
3930
3924
3952
4009
3978
3996
3980
3972
4060
4025
4066
4041
4027
4084
4091
4117
4098
4116
4165
4118
4123
4160
4166
4181
4210
4193
4191
4215
4254
4235
4242
4237
4259
4281
4310
4269
4275
4272
4353
4328
4331
4315
4339
4372
4400
4381
4390
4374
4409
4414
4442
4417
4408
4477
4482
4459
4463
4504
4524
4517
4551
4534
4518
4569
4592
4584
4554
4588
4644
4606
4630
4610
4598
4664
4665
4659
4670
4671
4694
4704
4710
4711
4713
4777
4770
4738
4739
4737
4827
4829
4806
4824
4831
4874
4875
4851
4848
4859
4921
4899
4922
4886
4884
4935
4927
4929
4956
4928
4973
5005
5021
4987
5012
5040
5039
5024
5063
5054
5072
5097
5098
5090
5078
5149
5151
5129
5123
5156
5193
5174
5172
5195
5186
5266
5232
5259
5226
5236
5285
5290
5315
5271
5312
5322
5327
5317
5354
5355
5379
5402
5376
5396
5378
5415
5446
5435
5410
5409
5454
5470
5461
5491
5487
5508
5513
5517
5514
5540
5550
5562
5586
5543
5568
5604
5618
5614
5629
5627
5665
5670
5646
5638
5653
5724
5701
5730
5723
5695
5736
5763
5779
5748
5739
5821
5818
5829
5797
5792
5883
5872
5846
5861
5882
5905
5906
5911
5904
5922
5951
5954
5974
5962
5964
5994
5978
6021
6012
6023
6072
6063
6034
6035
6066
6078
6112
6086
6111
6116
6162
6122
6136
6161
6139
6211
6198
6172
6207
6205
6252
6226
6229
6224
6220
6263
6291
6266
6281
6280
6339
6327
6340
6342
6335
6387
6350
6379
6389
6344
6408
6419
6420
6403
6443
6471
6472
6457
6461
6455
6495
6498
6506
6503
6522
6554
6578
6557
6574
6549
6624
6619
6593
6603
6598
6663
6650
6679
6669
6676
6719
6699
6731
6732
6736
6764
6757
6748
6771
6786
6792
6810
6819
6804
6816
6855
6875
6857
6844
6877
6913
6891
6900
6898
6923
6944
6967
6938
6981
6935
6996
7010
7021
7006
6985
7038
7028
7056
7061
7069
7084
7078
7080
7114
7101
7132
7118
7129
7131
7137
7158
7201
7175
7196
7168
7246
7215
7222
7243
7218
7263
7257
7290
7298
7255
7311
7332
7316
7330
7322
7382
7384
7370
7368
7397
7415
7438
7407
7433
7412
7491
7465
7490
7493
7494
7507
7527
7506
7533
7537
7566
7564
7575
7573
7568
7638
7621
7634
7595
7603
7687
7659
7655
7650
7649
7707
7700
7730
7696
7701
7745
7744
7739
7746
7743
7754
7755
7756
7753
7759
7769
7766
7763
7775
7768
7778
7784
7781
7779
7782
7792
7794
7796
7789
7788
7810
7800
7799
7807
7804
7821
7813
7819
7817
7818
7830
7827
7831
7828
7826
7834
7833
7837
7838
7832
7846
7842
7839
7840
7847
7863
7855
7859
7852
7862
7874
7876
7870
7872
7873
7883
7893
7878
7877
7891
7909
7902
7898
7901
7903
7916
7915
7913
7918
7911
7925
7923
7934
7928
7933
7943
7936
7941
7940
7937
7958
7954
7947
7953
7950
7961
7963
7962
7967
7959
7973
7971
7977
7974
7972
7988
7987
7990
7979
7984
7991
7997
7996
7992
8002
8005
8007
8006
8003
8004
8012
8018
8011
8008
8013
8028
8021
8025
8027
8032
8034
8040
8038
8043
8036
8060
8057
8046
8048
8052
8063
8068
8073
8065
8062
8083
8079
8085
8075
8080
8089
8091
8101
8100
8098
8109
8108
8106
8103
8104
8116
8112
8121
8118
8119
8131
8126
8132
8127
8130
8133
8140
8147
8142
8143
8152
8159
8151
8158
8154
8160
8170
8163
8167
8168
