12
33
37
29
3
83
44
58
45
54
128
97
114
111
94
163
153
157
145
175
187
190
202
214
206
222
231
221
245
235
257
276
265
287
252
303
335
297
334
313
346
372
356
374
351
429
422
397
424
399
432
449
447
444
448
517
496
487
507
514
533
539
532
569
537
586
602
614
609
618
622
619
637
646
628
681
687
701
704
705
716
730
711
725
747
755
786
764
788
770
836
828
805
816
831
842
865
874
869
872
897
910
900
922
905
928
956
951
961
952
1022
977
975
1006
1002
1041
1045
1023
1035
1056
1104
1091
1074
1105
1090
1129
1116
1135
1120
1141
1195
1196
1158
1178
1192
1211
1229
1213
1221
1201
1284
1260
1245
1258
1248
1295
1316
1322
1341
1292
1345
1366
1369
1389
1356
1402
1431
1393
1394
1406
1436
1433
1471
1444
1453
1504
1509
1494
1520
1521
1524
1555
1545
1562
1553
1604
1577
1594
1598
1623
1636
1662
1629
1674
1639
1706
1701
1722
1724
1713
1753
1737
1761
1735
1739
1775
1796
1774
1776
1806
1821
1867
1841
1852
1823
1879
1885
1911
1909
1902
1960
1957
1936
1937
1917
2001
1977
2004
1991
1981
2018
2013
2015
2057
2047
2101
2062
2086
2076
2082
2144
2135
2130
2136
2113
2176
2182
2202
2197
2192
2249
2230
2251
2209
2248
2254
2256
2274
2279
2262
2316
2309
2302
2307
2327
2384
2342
2386
2353
2351
2406
2393
2407
2414
2395
2474
2472
2481
2442
2480
2506
2499
2490
2492
2519
2542
2569
2535
2556
2566
2595
2624
2604
2586
2610
2650
2638
2680
2637
2642
2694
2713
2703
2698
2721
2761
2749
2758
2754
2753
2788
2801
2811
2792
2824
2867
2849
2866
2847
2834
2898
2912
2893
2874
2909
2959
2919
2940
2924
2934
2988
2990
2986
3007
2982
3019
3049
3045
3042
3022
3077
3091
3074
3069
3093
3152
3128
3140
3138
3125
3162
3165
3187
3184
3164
3243
3237
3207
3226
3204
3279
3286
3262
3253
3283
3337
3329
3325
3313
3331
3383
3357
3385
3374
3362
3411
3399
3393
3437
3391
3476
3450
3439
3451
3473
3504
3496
3518
3511
3516
3534
3538
3575
3540
3549
3609
3607
3583
3627
3589
3656
3664
3662
3644
3629
3698
3675
3712
3711
3721
3734
3761
3730
3758
3751
3784
3821
3817
3823
3802
3849
3828
3850
3856
3855
3886
3904
3902
3919
3894
3937
3964
3928
3957
3958
4015
3990
4011
4010
3975
4043
4035
4037
4027
4058
4105
4081
4075
4091
4097
4164
4160
4118
4132
4133
4171
4174
4207
4185
4193
4258
4254
4234
4226
4260
4286
4271
4270
4287
4267
4333
4324
4342
4326
4320
4383
4385
4390
4399
4398
4428
4415
4449
4442
4411
4470
4463
4468
4459
4454
4521
4523
4511
4551
4513
4582
4571
4562
4567
4593
4642
4626
4623
4639
4615
4678
4655
4668
4692
4682
4730
4714
4721
4699
4718
4782
4735
4777
4738
4759
4830
4825
4804
4795
4820
4868
4841
4865
4844
4854
4907
4923
4896
4916
4897
4958
4945
4950
4961
4938
4994
4974
4979
5021
5014
5066
5037
5068
5038
5032
5095
5120
5105
5117
5103
5136
5154
5148
5139
5138
5201
5176
5200
5182
5196
5234
5249
5242
5266
5253
5288
5310
5272
5290
5284
5338
5336
5339
5344
5346
5403
5361
5394
5399
5401
5435
5418
5449
5424
5436
5471
5494
5484
5470
5467
5525
5519
5522
5514
5534
5572
5583
5586
5544
5553
5614
5625
5634
5607
5619
5654
5646
5677
5653
5637
5696
5690
5693
5697
5699
5761
5768
5736
5779
5755
5794
5795
5812
5821
5787
5869
5848
5884
5866
5864
5921
5920
5901
5895
5906
5956
5952
5944
5951
5945
6016
5986
5984
5997
6023
6062
6036
6045
6066
6032
6089
6078
6099
6077
6075
6129
6131
6148
6138
6152
6210
6189
6174
6176
6198
6231
6240
6242
6234
6244
6276
6295
6273
6269
6286
6336
6317
6342
6343
6313
6376
6361
6395
6345
6369
6414
6425
6432
6421
6405
6492
6490
6487
6481
6472
6510
6496
6516
6530
6536
6554
6584
6585
6559
6563
6629
6634
6591
6603
6635
6655
6672
6667
6642
6657
6720
6714
6695
6738
6698
6778
6785
6752
6743
6783
6793
6812
6820
6834
6809
6880
6853
6877
6866
6842
6890
6908
6893
6917
6888
6966
6949
6943
6963
6940
7005
6999
7019
6992
7015
7055
7065
7035
7070
7060
7084
7116
7103
7076
7089
7123
7131
7143
7122
7141
7206
7175
7163
7194
7173
7230
7232
7233
7249
7248
7262
7287
7294
7278
7280
7338
7349
7321
7320
7337
7378
7389
7369
7355
7380
7444
7408
7436
7442
7413
7502
7481
7485
7493
7452
7537
7545
7509
7533
7524
7587
7561
7584
7586
7555
7618
7595
7606
7621
7614
7675
7653
7683
7674
7652
7713
7727
7729
7703
7717
7743
7744
7745
7738
7742
7755
7748
7749
7761
7752
7765
7767
7766
7768
7769
7777
7783
7781
7779
7782
7789
7793
7796
7791
7798
7803
7802
7806
7805
7799
7820
7816
7821
7818
7812
7827
7828
7825
7829
7823
7838
7835
7836
7834
7837
7847
7845
7840
7846
7841
7854
7851
7855
7862
7858
7871
7873
7865
7866
7870
7887
7886
7882
7893
7880
7905
7902
7908
7903
7901
7912
7918
7914
7919
7921
7934
7924
7927
7925
7922
7935
7946
7937
7938
7939
7954
7947
7950
7949
7948
7962
7965
7964
7959
7961
7978
7968
7972
7974
7970
7987
7984
7980
7989
7982
8001
7998
8002
7994
7996
8006
8004
8005
8003
8007
8019
8008
8013
8009
8010
8026
8025
8029
8032
8023
8034
8039
8037
8033
8042
8054
8052
8061
8046
8047
8067
8065
8070
8074
8071
8076
8081
8080
8078
8077
8098
8092
8089
8094
8099
8111
8110
8102
8103
8107
8115
8116
8117
8121
8122
8130
8127
8126
8131
8129
8137
8139
8143
8146
8140
8155
8159
8150
8158
8149
8168
8160
8167
8171
8169
