13
66
114
163
207
241
269
305
370
386
437
517
558
605
660
687
720
768
838
867
924
972
1005
1028
1079
1140
1182
1232
1247
1340
1387
1403
1435
1499
1552
1621
1646
1686
1753
1818
1846
1891
1938
1965
2053
2091
2124
2160
2239
2256
2321
2348
2414
2452
2505
2545
2621
2635
2709
2745
2789
2828
2870
2957
2973
3011
3083
3135
3180
3236
3250
3300
3388
3421
3482
3497
3566
3595
3663
3690
3760
3792
3859
3889
3941
4000
4021
4090
4137
4183
4254
4280
4326
4395
4409
4469
4524
4556
4599
4686
4712
4765
4834
4878
4900
4970
5007
5038
5084
5135
5181
5223
5289
5335
5379
5424
5473
5501
5560
5610
5681
5711
5772
5808
5874
5899
5968
6017
6058
6090
6146
6175
6251
6280
6330
6380
6424
6446
6511
6583
6605
6682
6692
6776
6819
6879
6912
6939
6996
7040
7099
7150
7194
7237
7255
7341
7376
7419
7498
7512
7571
7613
7686
7704
7742
7754
7765
7780
7787
7802
7815
7829
7835
7846
7852
7872
7879
7898
7911
7931
7940
7956
7965
7975
7983
7992
8003
8011
8025
8039
8052
8068
8083
8101
8111
8119
8128
8146
8149
8171
