15
26
29
72
55
61
86
98
113
166
157
133
207
202
194
219
243
246
267
288
277
329
299
331
380
370
368
430
408
426
460
466
467
495
489
498
551
550
542
591
615
585
637
641
653
670
672
675
733
742
743
757
767
788
804
839
800
866
870
883
888
907
893
952
962
938
985
989
997
1034
1040
1061
1086
1081
1080
1112
1107
1109
1154
1177
1179
1214
1235
1211
1247
1241
1264
1316
1339
1296
1365
1378
1346
1431
1429
1411
1440
1436
1451
1490
1514
1508
1546
1568
1544
1595
1609
1624
1674
1657
1672
1723
1699
1717
1745
1754
1759
1809
1792
1780
1861
1854
1857
1907
1878
1886
1948
1937
1936
2000
1998
2002
2022
2015
2027
2075
2082
2084
2133
2129
2108
2165
2173
2176
2241
2247
2232
2285
2275
2282
2336
2298
2314
2362
2367
2381
2420
2412
2419
2482
2465
2455
2498
2500
2521
2566
2536
2559
2607
2622
2585
2661
2674
2673
2688
2728
2696
2777
2751
2735
2795
2786
2810
2847
2865
2841
2895
2877
2880
2920
2943
2940
2986
3000
2997
3009
3032
3038
3070
3067
3059
3137
3144
3147
3198
3155
3154
3203
3210
3229
3272
3293
3249
3312
3316
3333
3386
3376
3356
3425
3392
3405
3465
3478
3461
3516
3491
3526
3542
3569
3570
3587
3601
3583
3655
3638
3654
3714
3693
3675
3736
3745
3761
3805
3807
3809
3854
3870
3860
3918
3916
3905
3941
3955
3951
4005
3967
3975
4023
4058
4043
4069
4079
4116
4133
4124
4136
4171
4196
4187
4225
4216
4251
4271
4295
4298
4353
4330
4318
4397
4363
4382
4414
4418
4420
4463
4485
4495
4544
4538
4543
4574
4554
4555
4644
4607
4632
4689
4653
4652
4693
4717
4723
4746
4766
4754
4787
4789
4817
4849
4850
4840
4921
4883
4901
4960
4954
4941
5022
5016
5003
5044
5055
5066
5076
5070
5086
5125
5158
5145
5205
5186
5206
5231
5242
5262
5277
5300
5279
5319
5340
5338
5401
5363
5367
5445
5406
5435
5487
5471
5459
5522
5542
5499
5568
5555
5548
5601
5603
5632
5654
5651
5639
5713
5719
5710
5747
5740
5775
5821
5792
5790
5839
5840
5868
5922
5919
5895
5958
5967
5950
6011
5983
5991
6066
6059
6044
6092
6082
6109
6141
6139
6123
6165
6191
6196
6238
6221
6219
6271
6278
6270
6333
6307
6342
6350
6376
6388
6424
6425
6440
6464
6454
6473
6526
6523
6504
6563
6586
6582
6606
6628
6632
6659
6671
6645
6714
6715
6699
6755
6790
6782
6793
6809
6795
6876
6851
6856
6931
6895
6912
6956
6974
6958
7011
6995
7018
7069
7057
7044
7099
7106
7103
7149
7134
7140
7175
7206
7161
7234
7242
7217
7282
7262
7254
7343
7325
7312
7382
7385
7389
7429
7414
7445
7472
7475
7463
7525
7507
7520
7560
7575
7586
7641
7633
7623
7657
7663
7683
7694
7712
7729
7739
7745
7743
7754
7753
7748
7769
7776
7767
7786
7785
7780
7798
7793
7788
7804
7810
7802
7813
7814
7820
7828
7823
7827
7832
7836
7835
7849
7843
7842
7862
7853
7852
7868
7871
7872
7888
7879
7885
7908
7895
7897
7921
7917
7912
7932
7928
7922
7935
7939
7938
7957
7956
7948
7966
7959
7960
7968
7974
7971
7982
7980
7988
8002
7994
7992
8007
8006
8003
8014
8008
8012
8031
8026
8022
8042
8034
8033
8046
8048
8060
8065
8062
8072
8086
8078
8077
8094
8096
8101
8109
8108
8102
8112
8114
8116
8123
8129
8125
8138
8135
8146
8156
8157
8150
8163
8161
8170
