2
5
26
19
43
55
44
53
93
114
124
100
138
144
170
150
189
211
203
214
221
239
226
235
277
279
286
268
311
328
334
295
381
342
359
373
423
400
410
413
475
464
448
446
503
491
496
508
536
551
548
533
618
593
589
602
624
626
628
645
695
674
706
678
734
743
713
722
781
776
782
768
838
799
809
798
882
873
851
849
893
920
886
912
943
957
937
939
1000
991
998
986
1045
1034
1027
1040
1093
1068
1083
1076
1125
1108
1130
1123
1155
1164
1153
1159
1216
1203
1217
1206
1285
1277
1276
1264
1313
1339
1290
1315
1362
1379
1363
1359
1395
1411
1398
1409
1436
1474
1471
1447
1489
1486
1481
1514
1552
1536
1547
1546
1574
1625
1624
1603
1638
1636
1645
1668
1716
1718
1720
1709
1739
1727
1743
1752
1817
1810
1815
1795
1865
1866
1862
1844
1900
1869
1904
1892
1933
1931
1958
1917
1971
1988
1996
1999
2047
2013
2015
2050
2085
2076
2066
2090
2129
2139
2115
2118
2183
2203
2185
2169
2213
2237
2210
2238
2263
2271
2254
2255
2341
2318
2330
2306
2392
2372
2384
2367
2413
2395
2433
2416
2443
2440
2470
2441
2529
2514
2525
2487
2556
2570
2557
2558
2604
2628
2589
2623
2645
2649
2672
2667
2692
2691
2698
2700
2744
2753
2741
2776
2812
2820
2783
2813
2851
2850
2830
2832
2913
2895
2883
2904
2951
2954
2934
2915
3002
2988
2985
2987
3038
3055
3043
3052
3100
3090
3082
3058
3108
3148
3114
3129
3170
3154
3198
3163
3235
3225
3214
3224
3269
3274
3281
3263
3326
3332
3307
3302
3387
3366
3385
3380
3424
3413
3430
3410
3447
3440
3479
3454
3515
3519
3525
3497
3534
3539
3531
3570
3578
3584
3577
3580
3673
3670
3633
3629
3701
3690
3699
3718
3734
3766
3772
3756
3817
3816
3777
3813
3852
3840
3844
3834
3885
3897
3919
3904
3937
3928
3938
3953
4002
4015
4014
3979
4019
4037
4024
4050
4091
4094
4109
4102
4159
4152
4157
4129
4184
4168
4188
4175
4229
4219
4218
4233
4267
4274
4308
4287
4322
4350
4357
4341
4376
4407
4396
4362
4444
4439
4416
4452
4500
4502
4487
4471
4512
4528
4539
4519
4581
4578
4565
4591
4624
4608
4614
4639
4671
4681
4669
4654
4714
4715
4706
4698
4739
4735
4751
4757
4826
4788
4824
4808
4869
4879
4866
4841
4907
4893
4884
4894
4964
4929
4968
4956
5005
5017
5012
4976
5056
5028
5046
5047
5109
5111
5116
5100
5158
5159
5154
5169
5217
5183
5172
5212
5254
5227
5253
5255
5288
5300
5271
5311
5360
5345
5332
5327
5361
5402
5366
5362
5445
5441
5447
5419
5490
5476
5488
5472
5519
5536
5516
5523
5573
5581
5579
5546
5613
5605
5609
5621
5667
5680
5682
5684
5730
5691
5715
5728
5778
5771
5754
5779
5812
5788
5789
5790
5862
5874
5875
5865
5898
5916
5893
5910
5966
5939
5975
5960
5978
6011
5996
6019
6045
6026
6065
6043
6086
6074
6119
6088
6140
6136
6123
6133
6176
6199
6180
6198
6223
6257
6244
6222
6278
6286
6264
6282
6329
6340
6313
6321
6348
6389
6381
6344
6430
6418
6400
6396
6457
6455
6479
6488
6516
6529
6497
6524
6572
6581
6587
6561
6611
6619
6635
6597
6670
6652
6666
6685
6719
6697
6706
6715
6764
6744
6754
6742
6800
6822
6830
6833
6880
6845
6850
6874
6903
6893
6914
6888
6942
6971
6938
6973
6988
6983
7009
7013
7039
7055
7056
7029
7080
7084
7079
7083
7118
7140
7147
7157
7204
7205
7193
7158
7240
7210
7225
7241
7263
7292
7255
7283
7326
7345
7330
7344
7375
7396
7364
7361
7439
7424
7421
7445
7470
7468
7451
7461
7509
7547
7537
7524
7566
7583
7580
7567
7614
7641
7618
7633
7683
7685
7681
7665
7729
7720
7733
7730
7744
7741
7738
7739
7753
7760
7758
7754
7763
7766
7775
7767
7782
7783
7784
7781
7793
7794
7790
7787
7804
7799
7807
7806
7815
7814
7813
7816
7831
7828
7830
7825
7837
7833
7836
7835
7845
7850
7844
7849
7860
7859
7862
7852
7864
7871
7876
7873
7893
7884
7877
7878
7909
7907
7906
7904
7915
7916
7920
7913
7934
7928
7932
7930
7936
7937
7938
7935
7949
7953
7958
7954
7963
7962
7964
7960
7972
7968
7978
7969
7989
7982
7981
7980
8002
7991
7996
8001
8006
8007
8005
8004
8011
8010
8018
8015
8027
8032
8029
8025
8035
8044
8036
8043
8057
8045
8051
8048
8069
8070
8074
8068
8085
8075
8083
8077
8091
8098
8099
8097
8109
8106
8102
8110
8116
8118
8113
8122
8126
8131
8129
8132
8138
8147
8141
8139
8158
8149
8154
8152
8167
8170
8168
8165
