23
10
31
13
35
76
52
48
50
46
88
124
108
106
100
145
134
176
163
161
207
195
203
184
197
229
233
228
243
246
291
289
276
270
275
313
301
307
329
319
356
369
342
344
349
392
394
414
391
385
460
451
465
454
464
503
495
485
504
483
560
570
564
558
546
603
591
599
617
614
648
631
629
642
654
673
678
691
680
676
737
713
751
747
746
781
772
778
758
788
794
815
836
811
807
878
841
879
851
861
896
897
903
894
887
931
928
940
938
962
988
975
992
1013
980
1060
1048
1062
1047
1042
1085
1068
1103
1079
1104
1144
1114
1113
1131
1115
1158
1183
1171
1173
1187
1226
1238
1233
1211
1202
1277
1245
1259
1243
1271
1294
1339
1321
1289
1322
1383
1351
1344
1386
1363
1390
1421
1397
1401
1425
1444
1470
1448
1446
1437
1518
1511
1492
1522
1487
1560
1540
1569
1557
1547
1597
1617
1596
1592
1624
1636
1658
1666
1640
1667
1709
1704
1723
1707
1685
1731
1729
1768
1743
1772
1784
1780
1818
1782
1774
1863
1846
1845
1841
1837
1868
1910
1883
1894
1877
1936
1948
1956
1958
1935
1985
1966
1964
1970
1984
2040
2051
2053
2021
2028
2104
2091
2098
2082
2081
2146
2113
2143
2124
2138
2202
2179
2180
2201
2178
2224
2236
2237
2250
2218
2271
2291
2272
2296
2254
2328
2299
2318
2297
2339
2375
2342
2380
2364
2387
2435
2408
2418
2415
2405
2441
2472
2459
2476
2456
2528
2507
2498
2491
2493
2530
2548
2552
2573
2531
2596
2620
2616
2609
2621
2679
2673
2636
2648
2649
2725
2721
2701
2691
2720
2738
2746
2768
2769
2772
2801
2815
2807
2802
2791
2848
2850
2836
2837
2863
2914
2886
2894
2887
2902
2953
2960
2944
2956
2931
2972
2986
2976
2973
2980
3051
3042
3014
3043
3034
3100
3079
3081
3083
3089
3142
3131
3150
3110
3124
3187
3160
3189
3200
3195
3222
3216
3240
3218
3208
3276
3289
3263
3248
3255
3338
3297
3325
3330
3316
3354
3356
3379
3387
3359
3402
3436
3423
3434
3400
3471
3468
3464
3459
3448
3497
3499
3520
3518
3490
3533
3553
3557
3543
3531
3621
3597
3602
3580
3586
3639
3638
3637
3666
3671
3703
3674
3705
3680
3719
3768
3739
3765
3722
3748
3786
3813
3779
3781
3805
3849
3855
3846
3860
3856
3913
3890
3891
3888
3897
3934
3927
3951
3947
3923
3974
3984
3988
3995
4007
4017
4048
4042
4041
4064
4070
4087
4099
4116
4086
4148
4127
4134
4131
4140
4177
4182
4175
4186
4209
4253
4224
4257
4263
4246
4272
4296
4281
4286
4311
4321
4332
4358
4334
4335
4394
4366
4367
4392
4376
4431
4437
4423
4412
4443
4461
4486
4504
4487
4479
4507
4539
4551
4548
4547
4573
4590
4576
4566
4588
4619
4600
4632
4615
4604
4672
4682
4673
4663
4653
4711
4709
4728
4708
4725
4771
4762
4769
4754
4775
4807
4784
4796
4818
4812
4871
4873
4876
4867
4840
4907
4923
4921
4897
4894
4967
4955
4968
4942
4959
4990
5023
4974
5011
5012
5030
5065
5066
5063
5024
5077
5078
5097
5073
5108
5155
5163
5150
5126
5164
5202
5203
5214
5186
5208
5266
5249
5232
5220
5246
5282
5304
5273
5306
5277
5352
5341
5338
5343
5323
5389
5390
5361
5398
5384
5431
5441
5430
5418
5437
5493
5453
5477
5452
5468
5532
5529
5528
5498
5506
5554
5585
5575
5574
5552
5604
5621
5600
5603
5633
5662
5665
5658
5686
5660
5718
5719
5693
5712
5709
5738
5750
5758
5762
5753
5802
5784
5801
5798
5821
5868
5875
5880
5881
5845
5910
5920
5909
5916
5888
5955
5936
5969
5975
5967
5999
6011
6000
6025
5991
6065
6027
6067
6039
6066
6119
6092
6107
6110
6090
6127
6123
6141
6146
6153
6214
6179
6167
6216
6207
6219
6257
6252
6241
6253
6291
6282
6281
6296
6299
6309
6342
6321
6335
6306
6367
6378
6389
6373
6385
6442
6443
6431
6401
6405
6451
6454
6478
6472
6464
6520
6540
6518
6541
6496
6573
6581
6580
6552
6558
6617
6602
6614
6635
6630
6656
6672
6673
6646
6663
6694
6710
6725
6733
6728
6740
6753
6790
6742
6765
6792
6814
6798
6832
6813
6847
6881
6885
6866
6839
6917
6887
6921
6899
6915
6961
6942
6954
6965
6946
6998
7015
6987
6996
6984
7060
7056
7033
7063
7065
7113
7095
7080
7084
7081
7126
7137
7125
7123
7150
7191
7160
7159
7199
7176
7210
7223
7213
7248
7230
7291
7269
7287
7256
7264
7320
7345
7332
7339
7316
7398
7364
7352
7386
7378
7414
7404
7419
7425
7411
7475
7457
7482
7485
7498
7523
7533
7511
7531
7540
7556
7555
7572
7564
7559
7638
7597
7644
7602
7594
7691
7656
7670
7678
7658
7697
7705
7696
7714
7734
7746
7742
7745
7738
7740
7752
7759
7762
7757
7749
7768
7772
7769
7774
7763
7781
7779
7780
7777
7782
7788
7795
7797
7792
7790
7805
7807
7810
7802
7806
7815
7812
7819
7813
7821
7831
7824
7825
7826
7829
7833
7832
7835
7834
7836
7845
7850
7844
7839
7847
7861
7860
7853
7852
7854
7873
7867
7871
7866
7869
7893
7881
7887
7892
7891
7909
7907
7902
7905
7904
7916
7913
7921
7919
7914
7928
7933
7927
7932
7924
7942
7939
7937
7940
7943
7950
7949
7956
7954
7958
7960
7959
7967
7963
7965
7976
7977
7969
7968
7978
7983
7982
7980
7988
7979
7997
8000
7992
7994
7993
8006
8005
8007
8003
8004
8019
8011
8015
8009
8010
8025
8020
8026
8024
8027
8041
8039
8033
8042
8043
8060
8056
8059
8045
8055
8062
8073
8064
8072
8063
8079
8075
8081
8080
8086
8101
8098
8094
8088
8096
8108
8107
8103
8104
8105
8122
8113
8119
8114
8121
8126
8132
8124
8131
8125
8134
8137
8141
8146
8142
8149
8156
8159
8153
8155
8168
8171
8167
8163
8166
