7
75
93
136
194
236
288
327
348
419
446
493
533
607
652
690
720
783
830
853
917
953
1008
1057
1102
1149
1165
1236
1254
1339
1383
1409
1438
1502
1565
1618
1661
1723
1754
1784
1845
1900
1940
1966
2012
2103
2115
2165
2222
2288
2333
2380
2395
2439
2502
2545
2609
2638
2722
2742
2808
2848
2871
2962
2980
3051
3096
3115
3185
3219
3272
3338
3343
3395
3456
3500
3550
3614
3651
3678
3722
3790
3828
3921
3949
3969
4052
4079
4153
4171
4255
4296
4336
4362
4411
4479
4550
4563
4605
4671
4727
4760
4791
4866
4891
4930
5021
5056
5119
5150
5207
5234
5303
5349
5366
5419
5479
5531
5556
5599
5665
5704
5780
5794
5844
5887
5949
5986
6068
6104
6127
6182
6248
6298
6324
6379
6432
6447
6537
6588
6623
6673
6723
6786
6804
6866
6891
6952
7001
7032
7076
7122
7177
7253
7259
7313
7392
7406
7483
7542
7556
7617
7684
7724
7738
7757
7767
7784
7789
7809
7818
7826
7837
7847
7855
7870
7885
7907
7921
7923
7936
7950
7964
7973
7984
7998
8005
8018
8029
8034
8055
8064
8075
8090
8106
8118
8126
8136
8155
8161
