37
1
19
16
23
63
44
68
85
77
117
102
116
130
109
139
157
161
175
147
188
213
196
210
189
240
245
233
248
238
284
269
257
253
285
307
300
309
322
296
360
369
371
355
379
390
389
396
404
407
436
471
444
455
446
525
481
501
522
514
574
559
564
569
571
599
584
600
598
585
656
637
650
649
648
684
690
678
697
676
749
724
743
728
717
774
768
760
757
762
807
826
836
795
806
858
851
865
857
876
891
901
889
922
915
937
934
940
974
967
998
1019
1001
1021
991
1026
1030
1032
1023
1039
1103
1087
1101
1065
1102
1107
1150
1111
1144
1124
1157
1194
1175
1190
1181
1226
1202
1238
1233
1217
1257
1287
1286
1271
1285
1326
1312
1334
1324
1325
1378
1373
1371
1343
1387
1430
1400
1428
1405
1418
1477
1462
1432
1450
1453
1507
1506
1501
1505
1498
1544
1547
1559
1563
1558
1608
1595
1601
1614
1582
1639
1654
1646
1672
1650
1698
1721
1697
1683
1682
1760
1749
1727
1746
1729
1809
1774
1790
1820
1806
1864
1856
1848
1867
1833
1912
1910
1870
1898
1911
1943
1938
1940
1942
1920
1961
1997
2001
1983
1971
2036
2033
2014
2017
2047
2086
2105
2068
2091
2094
2110
2153
2108
2150
2120
2199
2182
2174
2181
2165
2251
2238
2246
2226
2204
2280
2255
2288
2263
2295
2304
2297
2308
2302
2311
2386
2365
2372
2388
2346
2399
2427
2428
2431
2402
2437
2480
2482
2483
2441
2503
2487
2508
2522
2518
2532
2550
2571
2565
2574
2583
2619
2584
2588
2609
2663
2680
2666
2652
2665
2707
2717
2681
2722
2704
2762
2742
2771
2778
2775
2793
2825
2803
2811
2788
2866
2852
2839
2868
2844
2911
2875
2879
2871
2878
2958
2960
2928
2954
2951
2996
2969
2979
2983
3005
3023
3024
3034
3030
3021
3076
3092
3105
3093
3060
3138
3113
3118
3140
3131
3189
3178
3157
3198
3187
3203
3240
3246
3236
3221
3291
3271
3280
3293
3285
3299
3315
3303
3334
3304
3385
3358
3342
3349
3371
3407
3393
3435
3405
3431
3461
3440
3449
3479
3483
3525
3530
3496
3505
3502
3541
3540
3549
3575
3538
3623
3586
3608
3622
3611
3669
3647
3654
3673
3644
3678
3684
3715
3689
3694
3727
3758
3773
3722
3746
3783
3795
3825
3784
3781
3846
3851
3860
3837
3859
3874
3883
3905
3886
3897
3955
3927
3923
3934
3937
3976
3991
4001
4013
3999
4044
4049
4022
4054
4053
4098
4083
4076
4068
4069
4163
4119
4128
4144
4139
4203
4213
4180
4182
4193
4217
4223
4264
4250
4244
4273
4285
4278
4295
4311
4318
4335
4333
4336
4338
4367
4376
4378
4387
4360
4441
4431
4412
4435
4443
4489
4493
4503
4497
4491
4532
4509
4553
4526
4520
4558
4572
4560
4583
4576
4632
4611
4626
4613
4618
4674
4658
4681
4670
4685
4726
4696
4712
4697
4720
4760
4751
4755
4737
4754
4833
4829
4797
4806
4800
4837
4842
4845
4844
4864
4913
4904
4916
4915
4906
4964
4962
4938
4936
4935
5017
4974
5016
5011
5018
5049
5046
5056
5032
5067
5111
5110
5079
5074
5118
5150
5121
5141
5130
5133
5174
5191
5198
5209
5194
5234
5232
5267
5265
5237
5273
5311
5289
5281
5306
5323
5331
5325
5345
5343
5377
5394
5370
5391
5373
5428
5420
5407
5427
5408
5456
5454
5460
5494
5452
5530
5527
5525
5510
5503
5570
5575
5581
5573
5569
5622
5626
5619
5608
5607
5684
5682
5676
5667
5651
5700
5701
5716
5709
5733
5773
5736
5763
5738
5780
5796
5821
5812
5803
5785
5884
5839
5853
5840
5867
5890
5925
5919
5903
5895
5956
5945
5960
5937
5932
5978
5987
6004
5996
5989
6036
6032
6067
6060
6051
6077
6079
6117
6083
6093
6157
6134
6124
6128
6123
6188
6168
6175
6198
6196
6219
6237
6233
6236
6247
6267
6299
6287
6281
6298
6329
6331
6309
6316
6326
6374
6390
6344
6358
6347
6429
6435
6423
6424
6445
6479
6468
6493
6481
6466
6512
6534
6516
6514
6519
6572
6542
6564
6550
6552
6603
6625
6591
6634
6611
6668
6678
6641
6642
6646
6732
6730
6709
6714
6729
6781
6759
6778
6767
6770
6805
6819
6820
6827
6818
6844
6843
6884
6872
6862
6914
6917
6903
6890
6887
6958
6967
6974
6972
6962
6987
7018
7017
7008
6989
7028
7036
7042
7041
7033
7113
7098
7111
7079
7074
7157
7117
7128
7154
7120
7188
7165
7197
7159
7187
7248
7233
7212
7240
7226
7289
7255
7257
7258
7273
7337
7334
7326
7341
7308
7391
7376
7372
7351
7369
7413
7427
7445
7442
7426
7498
7493
7463
7496
7497
7537
7535
7528
7544
7538
7581
7576
7588
7558
7592
7609
7608
7641
7632
7605
7662
7667
7647
7692
7663
7704
7732
7725
7729
7736
7744
7739
7746
7743
7742
7753
7754
7750
7747
7748
7773
7765
7766
7776
7775
7784
7779
7782
7781
7777
7790
7788
7787
7793
7789
7803
7805
7811
7806
7804
7815
7818
7819
7813
7820
7825
7831
7826
7828
7829
7835
7834
7838
7832
7836
7839
7845
7842
7847
7840
7860
7857
7858
7863
7861
7865
7864
7868
7867
7875
7884
7878
7889
7882
7879
7905
7899
7900
7903
7895
7918
7917
7912
7914
7920
7922
7927
7933
7923
7925
7938
7940
7936
7945
7939
7954
7949
7951
7957
7958
7963
7960
7966
7967
7962
7974
7968
7969
7976
7972
7986
7979
7984
7981
7987
8001
7995
7992
7994
8000
8007
8005
8004
8006
8003
8010
8013
8019
8015
8017
8028
8023
8029
8031
8022
8034
8038
8039
8041
8043
8056
8053
8045
8049
8059
8065
8068
8063
8062
8071
8075
8085
8084
8082
8086
8097
8091
8088
8095
8094
8105
8106
8102
8104
8110
8114
8113
8112
8117
8121
8130
8129
8131
8126
8124
8139
8144
8145
8137
8136
8152
8149
8159
8154
8155
8164
8160
8165
8168
8162
