13
23
0
9
41
78
49
52
125
95
106
102
179
160
133
146
192
203
210
184
246
236
228
239
288
261
259
260
295
327
320
302
349
361
342
365
425
414
392
401
432
478
447
441
487
507
496
482
542
572
543
544
578
607
610
602
628
636
626
623
699
686
694
670
713
727
729
754
772
770
763
786
798
804
820
812
856
866
852
872
888
890
907
892
947
957
958
969
976
977
1022
992
1034
1035
1026
1040
1077
1069
1093
1101
1124
1134
1147
1127
1196
1154
1181
1160
1201
1237
1231
1233
1241
1244
1268
1253
1293
1323
1302
1330
1368
1352
1373
1374
1427
1429
1406
1421
1465
1456
1452
1475
1514
1482
1511
1488
1558
1540
1535
1536
1602
1625
1587
1617
1655
1650
1664
1633
1707
1709
1705
1689
1773
1738
1751
1764
1805
1806
1816
1796
1836
1865
1826
1821
1868
1883
1892
1913
1937
1959
1946
1934
1974
1990
2010
1993
2024
2060
2050
2039
2067
2063
2075
2090
2124
2136
2108
2122
2183
2199
2160
2162
2241
2204
2235
2225
2278
2269
2272
2289
2337
2329
2300
2310
2347
2392
2354
2389
2405
2410
2402
2404
2458
2437
2477
2468
2507
2519
2502
2497
2569
2533
2567
2574
2589
2582
2579
2596
2631
2645
2662
2660
2709
2700
2698
2708
2742
2757
2770
2771
2783
2813
2799
2785
2827
2835
2863
2842
2913
2910
2880
2894
2933
2927
2922
2963
2965
2967
3004
2970
3057
3038
3011
3023
3077
3083
3082
3090
3141
3127
3111
3145
3156
3189
3163
3157
3239
3220
3225
3214
3268
3255
3259
3279
3339
3334
3317
3297
3378
3376
3363
3348
3428
3397
3434
3432
3449
3441
3450
3466
3501
3486
3516
3518
3546
3559
3533
3558
3579
3619
3594
3599
3663
3630
3653
3668
3708
3700
3685
3693
3739
3730
3767
3765
3800
3802
3791
3819
3861
3831
3856
3849
3902
3921
3913
3879
3937
3943
3948
3939
4008
3980
3997
3990
4058
4041
4028
4020
4072
4091
4113
4067
4157
4163
4118
4145
4200
4179
4204
4208
4222
4238
4239
4255
4303
4294
4268
4269
4350
4337
4359
4334
4387
4398
4374
4376
4443
4424
4414
4411
4479
4501
4458
4485
4541
4552
4508
4511
4582
4593
4595
4594
4614
4611
4601
4635
4680
4649
4679
4650
4693
4695
4712
4709
4777
4741
4764
4763
4829
4815
4810
4791
4853
4843
4878
4855
4906
4911
4899
4893
4961
4945
4937
4931
4996
4976
4999
5016
5031
5025
5046
5028
5078
5120
5086
5117
5122
5123
5170
5138
5172
5176
5180
5183
5245
5241
5264
5251
5273
5291
5290
5272
5329
5319
5352
5330
5402
5383
5379
5389
5450
5424
5421
5418
5477
5490
5479
5496
5521
5519
5542
5532
5587
5544
5557
5578
5598
5604
5594
5602
5687
5639
5642
5664
5715
5729
5690
5707
5744
5782
5750
5752
5821
5807
5820
5826
5845
5857
5861
5873
5895
5890
5888
5913
5954
5966
5948
5972
6021
6004
6019
5991
6059
6049
6027
6062
6115
6107
6096
6073
6122
6127
6153
6145
6181
6186
6208
6178
6243
6250
6253
6255
6279
6293
6285
6298
6311
6335
6338
6342
6362
6385
6357
6360
6445
6431
6411
6440
6476
6463
6454
6447
6523
6508
6498
6514
6584
6563
6561
6550
6630
6638
6615
6595
6644
6680
6648
6681
6713
6727
6696
6707
6739
6749
6765
6752
6818
6819
6803
6805
6869
6880
6862
6854
6924
6922
6901
6921
6982
6961
6938
6973
6987
7026
6988
7017
7062
7053
7033
7046
7097
7083
7094
7100
7152
7134
7137
7125
7180
7187
7164
7185
7226
7247
7225
7234
7288
7268
7261
7271
7344
7325
7346
7306
7375
7401
7366
7387
7405
7446
7440
7407
7474
7503
7473
7464
7544
7549
7546
7534
7557
7585
7560
7578
7614
7603
7613
7640
7667
7692
7662
7689
7703
7731
7707
7727
7742
7744
7745
7743
7758
7750
7754
7757
7774
7771
7773
7764
7780
7784
7781
7777
7796
7790
7791
7789
7806
7803
7802
7808
7817
7820
7818
7813
7828
7829
7830
7823
7832
7833
7836
7835
7845
7848
7850
7839
7863
7861
7851
7859
7873
7865
7872
7875
7891
7890
7885
7877
7906
7901
7902
7900
7916
7919
7921
7912
7934
7923
7925
7930
7943
7944
7941
7940
7951
7958
7949
7957
7966
7961
7959
7965
7970
7972
7978
7969
7979
7988
7983
7986
7994
7996
7991
8001
8004
8003
8006
8005
8011
8010
8012
8016
8028
8020
8027
8029
8044
8041
8035
8039
8052
8055
8058
8054
8066
8071
8067
8069
8084
8085
8075
8081
8088
8099
8096
8087
8102
8108
8106
8104
8113
8117
8121
8120
8132
8129
8127
8123
8142
8138
8139
8136
8159
8150
8149
8153
8170
8166
8160
8171
