13
32
8
1
68
67
43
52
121
124
86
117
160
132
179
155
201
188
216
203
231
225
221
224
266
270
251
275
310
329
303
332
348
373
371
347
405
431
384
424
461
454
435
439
505
495
480
507
526
562
560
556
589
617
605
607
622
653
639
635
707
680
701
666
736
710
730
716
762
757
786
773
823
809
806
789
843
845
853
862
886
899
920
922
974
972
967
956
1011
1001
1018
996
1047
1028
1034
1054
1099
1071
1096
1091
1112
1123
1136
1108
1165
1164
1184
1188
1204
1221
1228
1208
1255
1270
1258
1241
1296
1295
1304
1314
1357
1368
1361
1347
1400
1411
1423
1395
1438
1458
1476
1446
1505
1499
1506
1518
1544
1540
1542
1569
1574
1585
1624
1625
1673
1672
1636
1657
1698
1707
1699
1719
1770
1743
1759
1740
1818
1795
1783
1794
1863
1841
1832
1864
1906
1871
1889
1890
1919
1937
1918
1949
1977
1986
1978
1979
2042
2034
2060
2047
2097
2106
2082
2069
2131
2119
2148
2139
2181
2170
2161
2198
2218
2248
2204
2210
2255
2285
2268
2280
2335
2330
2298
2318
2368
2365
2356
2374
2421
2412
2435
2401
2461
2479
2440
2456
2495
2486
2527
2509
2577
2569
2534
2558
2583
2606
2597
2602
2639
2630
2656
2635
2721
2702
2695
2686
2752
2757
2749
2747
2789
2801
2819
2797
2829
2864
2866
2834
2886
2894
2872
2882
2937
2940
2951
2960
2997
2971
2986
2998
3035
3013
3014
3032
3086
3080
3063
3075
3136
3122
3124
3131
3162
3194
3192
3181
3207
3222
3244
3208
3256
3259
3258
3285
3299
3310
3339
3319
3357
3378
3363
3342
3401
3421
3393
3432
3445
3473
3467
3477
3526
3487
3516
3494
3561
3550
3534
3574
3594
3596
3578
3585
3634
3641
3654
3644
3700
3714
3707
3715
3741
3726
3757
3746
3826
3797
3817
3781
3828
3829
3839
3851
3904
3885
3913
3887
3926
3964
3928
3922
3997
4010
3990
3969
4050
4017
4042
4066
4079
4097
4102
4086
4161
4136
4132
4153
4182
4193
4194
4169
4218
4232
4240
4263
4268
4290
4286
4311
4351
4337
4342
4333
4389
4397
4382
4368
4413
4432
4431
4434
4504
4472
4464
4496
4553
4515
4532
4533
4563
4571
4578
4595
4602
4626
4643
4596
4673
4682
4648
4662
4718
4717
4722
4714
4733
4759
4746
4736
4808
4831
4804
4806
4845
4855
4882
4854
4891
4887
4902
4883
4959
4944
4932
4947
4997
4990
5006
4992
5038
5045
5062
5056
5115
5119
5099
5090
5163
5135
5125
5154
5177
5176
5186
5215
5224
5253
5243
5223
5271
5286
5316
5297
5356
5323
5342
5321
5370
5396
5371
5390
5437
5417
5435
5451
5494
5477
5481
5464
5503
5526
5498
5528
5550
5559
5569
5561
5618
5628
5635
5634
5667
5677
5669
5673
5728
5702
5730
5723
5778
5767
5748
5738
5833
5792
5831
5799
5838
5875
5861
5866
5906
5905
5914
5897
5949
5968
5963
5967
6004
5993
5978
6006
6048
6026
6034
6066
6100
6078
6081
6094
6122
6161
6124
6135
6171
6179
6210
6177
6258
6241
6248
6220
6291
6267
6279
6268
6314
6325
6327
6341
6353
6370
6360
6354
6410
6443
6432
6417
6457
6466
6478
6456
6512
6500
6520
6495
6579
6548
6558
6547
6611
6620
6625
6600
6657
6650
6669
6675
6723
6729
6701
6691
6753
6740
6762
6761
6823
6803
6797
6795
6846
6875
6838
6843
6888
6901
6932
6911
6939
6944
6941
6940
7022
6987
7026
7016
7032
7063
7040
7029
7106
7102
7084
7108
7144
7118
7148
7157
7202
7161
7205
7194
7238
7224
7245
7217
7273
7257
7302
7295
7329
7339
7310
7305
7390
7402
7400
7370
7437
7439
7442
7443
7495
7500
7481
7501
7512
7526
7545
7534
7564
7558
7582
7579
7613
7597
7595
7600
7655
7661
7688
7680
7710
7700
7704
7720
7742
7740
7744
7739
7750
7757
7754
7748
7769
7770
7764
7766
7780
7782
7784
7786
7797
7789
7796
7790
7801
7811
7799
7808
7812
7816
7815
7821
7824
7827
7826
7829
7835
7838
7836
7832
7843
7840
7845
7847
7853
7859
7860
7863
7869
7868
7875
7874
7892
7883
7879
7880
7905
7897
7909
7907
7911
7916
7918
7914
7923
7931
7933
7926
7936
7946
7944
7945
7958
7950
7948
7951
7965
7961
7967
7963
7969
7973
7976
7971
7987
7979
7984
7983
7997
7994
8001
7993
8006
8007
8003
8004
8017
8009
8011
8014
8021
8026
8028
8022
8039
8043
8041
8038
8045
8055
8046
8051
8065
8069
8074
8068
8086
8077
8078
8081
8089
8100
8088
8093
8109
8105
8107
8104
8116
8112
8121
8117
8126
8127
8130
8129
8143
8144
8136
8139
8148
8156
8152
8153
8161
8171
8165
8166
