22
74
125
179
192
243
291
295
343
429
443
497
531
599
642
682
710
755
830
875
905
946
992
1046
1071
1133
1152
1204
1282
1331
1371
1392
1438
1485
1557
1593
1662
1720
1752
1818
1825
1913
1950
1968
2025
2074
2119
2190
2244
2264
2341
2391
2401
2440
2525
2560
2594
2667
2726
2750
2789
2838
2897
2963
2983
3044
3069
3147
3161
3218
3276
3329
3363
3402
3445
3485
3545
3582
3661
3702
3750
3824
3843
3881
3953
3991
4029
4095
4142
4205
4224
4288
4347
4378
4448
4491
4505
4557
4613
4683
4723
4769
4833
4871
4916
4953
5017
5029
5090
5144
5174
5234
5289
5331
5390
5448
5462
5542
5580
5590
5675
5729
5782
5806
5860
5894
5971
5986
6063
6093
6152
6186
6245
6301
6342
6347
6405
6474
6537
6583
6633
6660
6724
6750
6828
6848
6916
6958
6995
7043
7114
7131
7200
7223
7284
7334
7372
7428
7467
7507
7585
7611
7675
7701
7746
7762
7769
7779
7797
7801
7814
7826
7837
7847
7857
7867
7879
7903
7911
7924
7936
7953
7965
7970
7988
7992
8007
8009
8032
8036
8052
8067
8082
8088
8104
8119
8126
8134
8149
8161
