4
28
42
80
101
113
156
131
194
193
225
222
277
272
323
306
358
376
423
395
432
461
504
506
559
565
578
596
627
643
679
685
736
747
779
776
813
810
875
876
891
915
958
935
1020
994
1046
1054
1103
1092
1136
1138
1166
1172
1234
1228
1277
1268
1293
1314
1352
1345
1422
1424
1477
1437
1491
1492
1533
1527
1584
1626
1672
1643
1678
1718
1765
1751
1808
1782
1855
1860
1914
1903
1933
1948
1994
1986
2029
2027
2085
2077
2132
2122
2165
2170
2214
2234
2281
2285
2303
2301
2383
2349
2418
2419
2476
2440
2510
2498
2544
2569
2584
2613
2652
2641
2717
2697
2767
2759
2791
2787
2846
2838
2908
2885
2954
2956
2967
2965
3010
3045
3088
3072
3110
3143
3163
3199
3205
3221
3255
3258
3319
3304
3342
3377
3427
3436
3453
3469
3521
3490
3532
3561
3576
3618
3654
3652
3694
3681
3725
3773
3784
3792
3860
3855
3917
3889
3961
3931
3984
3979
4024
4058
4080
4092
4152
4128
4186
4177
4254
4234
4283
4286
4326
4315
4398
4396
4416
4427
4469
4482
4539
4545
4590
4555
4622
4620
4668
4679
4729
4706
4750
4773
4815
4827
4843
4863
4902
4919
4963
4947
4981
5015
5048
5037
5094
5105
5141
5156
5210
5196
5249
5260
5289
5307
5320
5338
5372
5371
5446
5447
5456
5488
5513
5523
5580
5568
5613
5595
5672
5687
5719
5718
5745
5759
5817
5812
5874
5881
5887
5899
5950
5936
6000
5997
6061
6051
6083
6084
6151
6131
6198
6175
6259
6218
6279
6269
6337
6343
6373
6387
6419
6407
6450
6461
6541
6529
6573
6546
6615
6605
6660
6673
6708
6704
6770
6755
6831
6797
6869
6879
6899
6895
6973
6969
6984
6995
7033
7029
7095
7085
7155
7118
7176
7183
7227
7217
7285
7302
7318
7329
7375
7379
7410
7419
7491
7470
7526
7516
7563
7593
7613
7620
7667
7679
7708
7726
7746
7742
7752
7757
7770
7773
7783
7779
7788
7796
7809
7811
7814
7813
7831
7828
7833
7832
7848
7843
7863
7855
7873
7871
7890
7891
7902
7904
7921
7919
7923
7933
7944
7935
7950
7948
7959
7960
7974
7976
7989
7980
7995
8001
8003
8004
8019
8015
8031
8032
8043
8034
8048
8053
8062
8072
8078
8084
8093
8092
8108
8103
8118
8112
8129
8124
8139
8135
8149
8157
8170
8161
