2
37
36
0
57
48
64
60
103
106
107
96
142
133
165
148
184
191
203
188
233
226
232
221
291
265
256
283
311
326
334
300
360
364
355
379
419
409
394
416
437
435
449
448
523
513
508
485
527
558
535
568
588
609
584
600
657
648
662
660
673
691
672
696
716
718
738
740
768
777
780
764
824
813
827
837
851
873
877
872
907
926
905
901
937
952
953
956
1017
1008
998
1022
1026
1049
1034
1027
1101
1075
1096
1076
1128
1124
1127
1109
1191
1167
1163
1184
1230
1202
1223
1217
1257
1283
1274
1286
1325
1339
1288
1320
1374
1344
1386
1371
1394
1404
1406
1427
1456
1436
1459
1458
1518
1492
1508
1503
1543
1570
1525
1534
1586
1619
1585
1624
1640
1647
1633
1657
1702
1710
1690
1687
1739
1746
1758
1761
1791
1811
1793
1817
1843
1839
1854
1852
1896
1879
1871
1869
1958
1921
1947
1946
1998
1978
2008
2006
2022
2035
2012
2059
2069
2089
2066
2075
2112
2136
2121
2114
2184
2198
2188
2159
2237
2232
2240
2229
2291
2272
2270
2294
2327
2335
2330
2304
2381
2358
2385
2350
2408
2424
2418
2397
2452
2448
2466
2478
2502
2490
2520
2492
2573
2547
2530
2534
2611
2580
2610
2617
2666
2664
2656
2635
2726
2714
2694
2710
2765
2741
2761
2760
2821
2796
2810
2801
2854
2826
2859
2848
2881
2905
2896
2876
2964
2923
2960
2933
2980
2999
2971
2993
3054
3031
3027
3035
3068
3086
3070
3099
3131
3134
3110
3111
3191
3170
3163
3188
3210
3207
3216
3220
3269
3292
3295
3281
3338
3333
3332
3302
3352
3372
3385
3341
3399
3411
3419
3409
3463
3471
3450
3458
3502
3491
3528
3529
3546
3561
3572
3543
3625
3614
3609
3580
3641
3636
3638
3633
3685
3710
3714
3708
3769
3754
3760
3726
3824
3784
3823
3815
3860
3864
3833
3844
3916
3907
3910
3885
3960
3935
3937
3931
3999
3971
4003
3974
4035
4039
4057
4042
4071
4116
4084
4098
4150
4118
4120
4156
4192
4180
4205
4204
4217
4220
4237
4255
4307
4287
4310
4281
4320
4359
4348
4353
4384
4377
4368
4385
4446
4448
4414
4415
4462
4504
4477
4463
4508
4505
4553
4529
4581
4560
4570
4559
4604
4617
4625
4618
4657
4678
4655
4675
4700
4698
4702
4731
4742
4763
4769
4777
4797
4793
4798
4817
4840
4862
4845
4871
4912
4914
4906
4919
4970
4968
4954
4963
5006
5016
5023
5011
5043
5048
5053
5056
5090
5084
5077
5095
5153
5140
5137
5122
5181
5203
5209
5195
5246
5257
5240
5266
5305
5295
5283
5273
5344
5320
5357
5327
5399
5390
5372
5402
5405
5421
5451
5410
5466
5475
5465
5474
5517
5522
5540
5538
5583
5550
5585
5549
5634
5631
5625
5608
5636
5644
5664
5649
5698
5706
5699
5726
5776
5751
5755
5750
5830
5802
5809
5833
5834
5849
5841
5846
5898
5906
5909
5905
5948
5972
5968
5953
5978
6014
5994
6007
6026
6064
6072
6045
6089
6077
6120
6081
6123
6146
6159
6147
6198
6203
6179
6197
6223
6246
6255
6243
6302
6265
6272
6289
6315
6342
6316
6319
6395
6359
6377
6361
6441
6400
6428
6433
6453
6460
6452
6480
6519
6508
6501
6498
6543
6546
6574
6579
6615
6596
6624
6626
6642
6660
6641
6653
6726
6715
6724
6725
6779
6770
6773
6754
6808
6813
6803
6815
6848
6845
6874
6855
6906
6908
6907
6900
6950
6938
6937
6960
7016
6992
7027
7018
7063
7065
7032
7055
7077
7093
7086
7111
7126
7138
7149
7157
7197
7166
7204
7173
7224
7242
7243
7240
7283
7289
7273
7255
7338
7304
7315
7316
7372
7378
7393
7387
7407
7404
7426
7433
7484
7492
7496
7450
7506
7546
7508
7518
7559
7583
7562
7553
7637
7622
7638
7601
7677
7667
7662
7653
7701
7730
7711
7707
7738
7739
7743
7746
7753
7759
7747
7754
7767
7769
7773
7764
7780
7783
7785
7777
7788
7787
7796
7792
7800
7801
7810
7809
7820
7815
7814
7822
7823
7826
7827
7828
7838
7835
7837
7832
7850
7848
7839
7847
7861
7859
7852
7862
7868
7875
7874
7876
7878
7893
7883
7887
7905
7909
7910
7897
7919
7917
7915
7913
7922
7934
7933
7928
7939
7936
7937
7935
7956
7947
7950
7951
7964
7959
7966
7965
7972
7969
7977
7974
7982
7980
7987
7986
7999
8000
7992
7993
8007
8004
8006
8003
8013
8017
8015
8012
8027
8024
8020
8023
8034
8042
8044
8033
8048
8054
8056
8053
8066
8067
8062
8069
8086
8077
8076
8075
8096
8094
8098
8092
8111
8103
8108
8102
8118
8119
8113
8117
8126
8127
8123
8125
8145
8135
8142
8134
8153
8154
8157
8152
8170
8163
8161
8160
