1
24
32
65
51
58
102
99
95
162
177
166
202
184
205
239
220
226
265
285
290
298
326
334
347
380
359
416
415
428
437
444
454
496
506
523
555
573
560
582
575
602
652
625
662
672
671
676
714
736
723
760
773
777
826
821
836
870
844
840
904
916
893
935
969
972
1017
985
1007
1060
1025
1053
1067
1069
1070
1134
1110
1148
1153
1175
1185
1213
1223
1233
1258
1257
1252
1299
1305
1295
1381
1372
1386
1390
1429
1422
1467
1449
1448
1512
1515
1520
1567
1551
1560
1615
1583
1620
1673
1628
1650
1686
1689
1725
1773
1731
1765
1805
1775
1781
1829
1833
1828
1874
1879
1870
1930
1918
1948
1983
1971
2003
2053
2035
2052
2100
2085
2080
2140
2132
2150
2190
2185
2176
2250
2218
2236
2261
2293
2257
2311
2307
2325
2360
2388
2354
2408
2422
2406
2437
2475
2465
2522
2515
2498
2559
2547
2557
2623
2627
2625
2658
2678
2631
2688
2712
2728
2763
2769
2735
2822
2793
2797
2843
2832
2861
2894
2899
2885
2922
2939
2936
2971
2994
2973
3010
3024
3045
3101
3080
3068
3128
3111
3146
3190
3159
3169
3229
3210
3244
3263
3251
3281
3311
3337
3313
3376
3345
3385
3425
3433
3403
3466
3446
3463
3490
3508
3499
3543
3537
3549
3620
3616
3623
3672
3654
3638
3684
3686
3708
3735
3727
3766
3818
3825
3788
3853
3868
3858
3893
3899
3902
3949
3961
3965
3969
3981
3995
4027
4030
4025
4115
4101
4090
4144
4129
4160
4169
4177
4210
4264
4225
4230
4276
4270
4294
4321
4343
4322
4394
4381
4361
4408
4415
4433
4500
4488
4494
4518
4539
4508
4565
4583
4559
4614
4625
4641
4682
4689
4690
4730
4720
4711
4757
4754
4780
4814
4833
4806
4879
4841
4878
4908
4921
4917
4968
4928
4956
4978
4973
4992
5065
5067
5037
5110
5076
5086
5154
5153
5140
5208
5205
5204
5266
5232
5222
5301
5281
5294
5350
5346
5342
5403
5397
5399
5406
5447
5439
5472
5452
5477
5537
5499
5509
5573
5574
5580
5618
5610
5602
5674
5676
5647
5729
5715
5707
5770
5774
5756
5798
5822
5827
5864
5843
5869
5916
5926
5903
5942
5930
5941
6022
6024
5997
6066
6035
6041
6112
6080
6110
6149
6138
6121
6200
6173
6208
6242
6220
6227
6287
6283
6286
6336
6321
6311
6359
6353
6370
6413
6414
6421
6458
6449
6474
6494
6515
6496
6568
6551
6581
6623
6605
6603
6642
6651
6644
6688
6731
6736
6790
6789
6758
6823
6792
6822
6853
6845
6857
6928
6907
6896
6933
6945
6959
6988
6994
7002
7072
7064
7044
7078
7105
7083
7118
7121
7153
7197
7173
7172
7224
7241
7245
7260
7296
7268
7344
7307
7330
7376
7356
7362
7440
7429
7445
7503
7459
7499
7528
7513
7512
7565
7566
7584
7645
7626
7604
7672
7671
7690
7702
7717
7710
7741
7740
7745
7758
7752
7762
7776
7763
7766
7782
7778
7781
7787
7788
7794
7800
7810
7807
7813
7818
7815
7825
7827
7830
7834
7833
7837
7842
7847
7841
7860
7862
7853
7872
7873
7875
7880
7885
7886
7907
7905
7900
7915
7913
7912
7926
7934
7932
7936
7943
7935
7947
7951
7949
7961
7959
7964
7968
7969
7976
7982
7990
7986
8001
7995
7996
8006
8003
8004
8012
8018
8015
8032
8025
8023
8033
8042
8036
8060
8053
8052
8067
8063
8066
8081
8084
8075
8092
8088
8091
8106
8108
8111
8113
8121
8122
8125
8131
8129
8139
8141
8147
8152
8159
8158
8169
8165
8168
