17
27
61
40
94
95
132
166
211
201
228
236
273
257
335
301
367
357
431
419
449
472
480
490
533
526
579
601
635
644
677
702
725
754
773
774
812
798
873
883
896
884
962
950
988
994
1023
1036
1106
1087
1118
1130
1187
1189
1204
1230
1272
1282
1324
1322
1386
1349
1395
1425
1434
1442
1493
1498
1566
1557
1574
1617
1648
1630
1701
1677
1761
1743
1801
1790
1822
1860
1915
1902
1944
1951
1997
1978
2041
2027
2069
2076
2109
2119
2203
2191
2211
2209
2275
2281
2325
2304
2359
2381
2427
2394
2480
2464
2499
2512
2555
2557
2595
2578
2650
2634
2721
2704
2750
2738
2811
2793
2868
2843
2883
2913
2916
2964
2998
2996
3049
3013
3088
3060
3125
3149
3193
3175
3233
3235
3295
3289
3323
3306
3370
3378
3435
3425
3477
3459
3494
3498
3533
3542
3606
3610
3666
3658
3682
3677
3765
3732
3804
3779
3869
3834
3891
3912
3925
3943
3986
4005
4025
4052
4073
4092
4160
4166
4187
4183
4264
4252
4292
4293
4322
4330
4388
4394
4419
4441
4474
4481
4550
4553
4568
4567
4617
4636
4656
4683
4721
4730
4772
4770
4818
4820
4882
4839
4910
4903
4931
4960
5013
5023
5024
5056
5081
5107
5156
5134
5213
5179
5269
5240
5294
5286
5329
5347
5401
5371
5415
5411
5462
5494
5538
5526
5577
5560
5613
5635
5654
5642
5715
5691
5763
5751
5822
5800
5849
5848
5896
5893
5963
5964
6002
5977
6041
6047
6096
6113
6140
6122
6210
6183
6238
6225
6295
6298
6327
6312
6344
6377
6423
6421
6466
6480
6526
6535
6576
6587
6614
6632
6669
6661
6694
6728
6755
6745
6825
6797
6885
6859
6907
6905
6960
6949
6983
7000
7068
7052
7108
7112
7121
7153
7168
7198
7228
7244
7288
7284
7330
7339
7352
7394
7446
7436
7485
7464
7520
7529
7551
7556
7637
7642
7650
7658
7710
7726
7741
7744
7752
7760
7772
7767
7785
7777
7794
7787
7799
7810
7820
7817
7823
7824
7838
7837
7840
7843
7859
7861
7866
7868
7891
7884
7903
7896
7916
7914
7923
7931
7935
7941
7953
7952
7963
7966
7974
7973
7987
7979
8001
7994
8003
8006
8018
8009
8031
8022
8039
8044
8055
8048
8071
8072
8084
8077
8089
8098
8103
8108
8122
8112
8132
8127
8138
8133
8158
8150
8164
8169
