34
39
22
30
75
46
73
58
114
115
119
129
180
177
161
152
212
184
196
198
230
240
236
247
293
251
279
250
315
295
301
321
369
375
383
377
427
388
387
420
436
442
447
455
501
518
497
505
569
548
551
546
618
581
609
605
629
640
635
619
706
684
692
678
747
730
744
729
780
765
788
766
826
807
794
790
849
872
882
869
915
888
894
921
948
957
929
944
978
1016
1022
1017
1049
1031
1042
1047
1099
1084
1077
1092
1139
1118
1119
1107
1173
1195
1183
1169
1216
1231
1233
1221
1285
1282
1244
1250
1292
1309
1315
1307
1375
1370
1374
1358
1401
1397
1428
1390
1457
1448
1464
1437
1497
1488
1514
1479
1542
1545
1527
1565
1598
1579
1587
1580
1627
1628
1668
1663
1706
1687
1714
1690
1726
1765
1756
1760
1775
1807
1820
1794
1846
1861
1840
1854
1915
1873
1886
1897
1925
1935
1945
1930
1981
1975
2003
1976
2024
2050
2057
2059
2106
2065
2076
2080
2115
2126
2143
2149
2186
2166
2184
2179
2219
2243
2211
2239
2292
2291
2280
2294
2323
2334
2325
2315
2343
2357
2385
2373
2410
2424
2419
2411
2476
2458
2459
2460
2489
2503
2499
2511
2575
2538
2550
2537
2598
2617
2608
2627
2674
2648
2641
2631
2696
2709
2701
2698
2744
2771
2756
2765
2822
2807
2818
2785
2853
2851
2859
2860
2906
2900
2885
2905
2930
2933
2948
2937
2985
2965
2994
2980
3047
3057
3018
3049
3081
3107
3076
3072
3124
3114
3140
3130
3200
3170
3164
3169
3221
3228
3206
3236
3273
3255
3278
3264
3313
3299
3310
3316
3342
3346
3352
3374
3415
3432
3412
3437
3467
3438
3448
3480
3530
3504
3497
3505
3553
3574
3564
3571
3615
3620
3592
3609
3664
3670
3633
3637
3674
3696
3690
3691
3725
3774
3743
3758
3796
3821
3784
3822
3844
3829
3851
3871
3920
3892
3910
3917
3931
3926
3936
3925
3988
4012
3996
4010
4052
4035
4055
4042
4115
4080
4068
4096
4136
4141
4147
4158
4209
4170
4183
4194
4236
4218
4216
4254
4300
4312
4272
4303
4337
4323
4359
4315
4383
4405
4372
4364
4446
4442
4443
4413
4486
4493
4480
4488
4549
4527
4506
4547
4592
4563
4555
4590
4600
4647
4601
4634
4675
4656
4677
4657
4702
4715
4710
4718
4745
4777
4760
4753
4831
4834
4830
4811
4866
4857
4843
4875
4915
4893
4901
4906
4959
4940
4925
4958
5019
5005
5002
4998
5054
5024
5060
5062
5088
5091
5085
5075
5157
5170
5126
5166
5175
5198
5188
5205
5250
5237
5239
5254
5296
5316
5288
5306
5328
5333
5357
5353
5364
5390
5392
5363
5417
5439
5429
5427
5492
5463
5460
5464
5511
5536
5513
5509
5577
5561
5548
5589
5600
5621
5599
5635
5652
5686
5676
5673
5718
5724
5728
5731
5776
5782
5774
5746
5823
5817
5822
5803
5858
5874
5857
5867
5908
5891
5887
5929
5930
5951
5962
5967
6024
6008
5999
6004
6072
6043
6027
6068
6073
6098
6096
6115
6138
6161
6148
6121
6193
6196
6203
6198
6261
6256
6258
6242
6267
6297
6277
6298
6338
6320
6319
6307
6367
6386
6372
6379
6401
6426
6397
6427
6475
6458
6480
6477
6502
6528
6524
6494
6552
6573
6581
6574
6606
6629
6608
6636
6655
6671
6676
6684
6696
6716
6721
6717
6782
6748
6769
6752
6814
6820
6833
6791
6859
6862
6881
6880
6892
6903
6918
6926
6968
6951
6961
6959
7018
7022
7019
7013
7042
7061
7033
7056
7103
7073
7107
7093
7156
7138
7134
7128
7173
7199
7162
7205
7229
7246
7215
7244
7282
7283
7301
7279
7330
7336
7343
7313
7398
7355
7385
7374
7414
7407
7426
7425
7467
7495
7456
7473
7522
7543
7528
7542
7565
7585
7572
7567
7630
7642
7612
7594
7667
7687
7672
7661
7702
7733
7729
7693
7743
7740
7742
7741
7759
7758
7757
7750
7770
7773
7776
7774
7778
7780
7777
7784
7797
7793
7788
7796
7806
7804
7810
7809
7820
7812
7814
7819
7826
7828
7827
7824
7834
7838
7832
7835
7841
7845
7842
7847
7860
7853
7862
7856
7867
7871
7869
7873
7893
7886
7888
7881
7902
7908
7900
7909
7911
7916
7915
7917
7927
7925
7929
7924
7944
7937
7942
7941
7948
7953
7957
7952
7963
7965
7967
7966
7973
7970
7978
7977
7983
7982
7990
7987
7996
8001
8000
7994
8007
8006
8004
8003
8015
8018
8011
8019
8028
8020
8030
8032
8044
8033
8040
8043
8061
8050
8053
8057
8064
8066
8063
8072
8085
8081
8082
8075
8100
8089
8098
8099
8104
8107
8110
8105
8120
8117
8114
8122
8132
8128
8123
8125
8141
8134
8143
8133
8148
8157
8156
8152
8164
8161
8167
8171
